340.2	8.15
340.6	8.15
340.9	8.15
341.3	-1.44
341.7	3.47
342.1	-0.74
342.4	-19.47
342.8	-2.85
343.2	-4.72
343.6	-32.81
343.9	-37.72
344.3	-4.72
344.7	17.05
345.1	-18.76
345.4	1.13
345.8	35.77
346.2	-25.08
346.6	66.43
346.9	0.43
347.3	-15.02
347.7	28.28
348	-22.74
348.4	-3.55
348.8	-4.72
349.2	1.13
349.5	-9.64
349.9	-13.15
350.3	-22.51
350.7	-8.23
351	-4.02
351.4	-13.85
351.8	-21.34
352.2	3.94
352.5	-7.29
352.9	-5.42
353.3	2.3
353.6	-11.98
354	20.56
354.4	-5.66
354.8	15.41
355.1	0.9
355.5	16.58
355.9	-2.38
356.3	-6.12
356.6	-20.64
357	10.96
357.4	7.68
357.8	-14.32
358.1	-28.59
358.5	-7.06
358.9	-34.91
359.2	12.6
359.6	4.64
360	-11.04
360.4	-26.49
360.7	-23.44
361.1	2.54
361.5	-6.12
361.9	-1.44
362.2	-15.02
362.6	-14.78
363	6.05
363.3	-14.32
363.7	0.2
364.1	-1.91
364.5	3.71
364.8	-14.78
365.2	-0.04
365.6	4.17
366	0.9
366.3	25.24
366.7	-13.85
367.1	-27.66
367.4	12.83
367.8	-0.04
368.2	-13.15
368.6	14.47
368.9	11.66
369.3	-15.95
369.7	18.22
370	-3.08
370.4	-18.3
370.8	10.73
371.2	0.9
371.5	9.56
371.9	1.83
372.3	-8.93
372.6	5.81
373	13.07
373.4	41.62
373.8	-17.12
374.1	-0.98
374.5	7.45
374.9	-15.72
375.2	4.17
375.6	29.92
376	17.28
376.4	-12.68
376.7	-14.32
377.1	-17.36
377.5	-11.04
377.8	-0.51
378.2	-18.06
378.6	-2.38
379	21.73
379.3	-3.32
379.7	6.98
380.1	-7.29
380.4	-2.38
380.8	-17.83
381.2	10.96
381.6	-10.81
381.9	5.34
382.3	19.86
382.7	1.83
383	12.83
383.4	-13.85
383.8	-2.61
384.2	6.51
384.5	16.58
384.9	7.22
385.3	4.17
385.6	-16.66
386	-21.34
386.4	-6.36
386.7	10.73
387.1	22.9
387.5	-5.19
387.9	28.28
388.2	-7.76
388.6	-9.87
389	-8.46
389.3	5.11
389.7	2.3
390.1	-11.98
390.5	17.75
390.8	-9.4
391.2	8.39
391.6	-23.91
391.9	-10.34
392.3	-11.04
392.7	-13.38
393	-36.32
393.4	-7.76
393.8	-3.08
394.2	-14.55
394.5	-21.34
394.9	19.39
395.3	-18.76
395.6	0.9
396	-0.27
396.4	12.6
396.7	-10.81
397.1	-8.7
397.5	4.41
397.8	4.64
398.2	4.88
398.6	0.9
399	-16.19
399.3	13.54
399.7	-27.66
400.1	-8.46
400.4	-12.68
400.8	-11.74
401.2	-2.61
401.5	-3.32
401.9	23.83
402.3	-19.47
402.7	5.11
403	-15.49
403.4	-4.02
403.8	3.94
404.1	-12.68
404.5	14.71
404.9	-14.08
405.2	-14.08
405.6	-13.85
406	-23.44
406.3	-11.27
406.7	16.58
407.1	15.64
407.4	-2.38
407.8	-22.51
408.2	1.37
408.6	-25.55
408.9	-16.66
409.3	-13.61
409.7	9.32
410	-18.53
410.4	-8.93
410.8	25.24
411.1	15.17
411.5	9.56
411.9	-23.44
412.2	19.86
412.6	-0.04
413	-26.25
413.3	0.66
413.7	-16.89
414.1	-0.51
414.4	-45.91
414.8	-29.53
415.2	-15.49
415.5	-1.21
415.9	6.05
416.3	4.64
416.7	4.17
417	4.41
417.4	-20.4
417.8	27.11
418.1	-12.68
418.5	-4.02
418.9	14.24
419.2	32.03
419.6	9.09
420	1.13
420.3	-8.46
420.7	9.56
421.1	1.37
421.4	-15.72
421.8	-18.3
422.2	-19.7
422.5	-12.91
422.9	31.56
423.3	-5.89
423.6	10.49
424	7.68
424.4	-22.98
424.7	-3.32
425.1	-0.98
425.5	23.13
425.8	15.41
426.2	6.28
426.6	-20.64
426.9	-19
427.3	-10.1
427.7	9.79
428	-24.15
428.4	8.39
428.8	-20.64
429.1	22.9
429.5	-13.61
429.9	-4.72
430.2	-4.25
430.6	-5.42
431	-15.49
431.3	15.88
431.7	-20.17
432.1	23.37
432.4	-0.98
432.8	-19
433.2	-2.15
433.5	25.47
433.9	-2.15
434.3	-30.47
434.6	16.34
435	-7.29
435.4	-8.93
435.7	13.07
436.1	17.52
436.5	3.47
436.8	-15.49
437.2	5.11
437.6	-30.47
437.9	-33.51
438.3	-19
438.7	-19
439	14.24
439.4	-8.93
439.8	-21.1
440.1	-24.85
440.5	-25.32
440.9	-13.15
441.2	18.92
441.6	-10.34
442	15.88
442.3	-41.23
442.7	-7.06
443.1	11.43
443.4	-13.38
443.8	-7.29
444.1	-10.34
444.5	5.81
444.9	-6.36
445.2	-7.29
445.6	12.13
446	-2.61
446.3	-13.85
446.7	-3.78
447.1	6.98
447.4	-2.85
447.8	1.83
448.2	-4.95
448.5	19.39
448.9	10.73
449.3	8.39
449.6	-2.15
450	-16.19
450.4	11.9
450.7	8.39
451.1	-22.98
451.4	-11.04
451.8	15.64
452.2	-16.42
452.5	4.17
452.9	-3.78
453.3	-6.36
453.6	-16.89
454	-16.19
454.4	-15.95
454.7	-36.79
455.1	-26.02
455.5	-2.61
455.8	-3.78
456.2	18.69
456.5	-31.17
456.9	0.43
457.3	-8
457.6	2.54
458	-15.72
458.4	11.9
458.7	-6.83
459.1	-37.96
459.5	-8.7
459.8	13.77
460.2	-8
460.5	-22.51
460.9	-14.55
461.3	30.62
461.6	-4.02
462	18.69
462.4	8.15
462.7	3.47
463.1	-3.32
463.5	-16.19
463.8	-23.21
464.2	12.37
464.5	-10.57
464.9	-4.72
465.3	0.66
465.6	-5.66
466	10.49
466.4	-30.47
466.7	-11.98
467.1	21.26
467.5	0.2
467.8	-6.12
468.2	28.75
468.5	-18.3
468.9	25.94
469.3	6.51
469.6	13.3
470	-17.12
470.4	-1.91
470.7	-10.1
471.1	9.32
471.4	-10.81
471.8	-17.83
472.2	31.32
472.5	34.83
472.9	-21.57
473.3	-0.04
473.6	-13.61
474	8.15
474.3	6.75
474.7	-7.76
475.1	-5.19
475.4	22.9
475.8	-11.98
476.2	-30.7
476.5	5.34
476.9	0.66
477.2	-15.95
477.6	-15.49
478	-5.42
478.3	-0.98
478.7	-25.55
479.1	-40.3
479.4	7.92
479.8	3.94
480.1	-6.36
480.5	-17.59
480.9	15.17
481.2	-24.85
481.6	17.75
481.9	4.41
482.3	-8.93
482.7	-1.68
483	-22.74
483.4	15.88
483.8	-12.21
484.1	-11.27
484.5	-2.85
484.8	7.22
485.2	-10.34
485.6	11.9
485.9	12.13
486.3	-10.1
486.6	-13.85
487	9.79
487.4	-6.83
487.7	-18.06
488.1	11.43
488.5	19.15
488.8	5.34
489.2	-20.87
489.5	-23.44
489.9	27.81
490.3	-2.38
490.6	-26.96
491	-12.21
491.3	15.17
491.7	-32.1
492.1	-12.21
492.4	-10.34
492.8	-3.08
493.1	-6.36
493.5	-1.68
493.9	-14.08
494.2	34.83
494.6	-1.21
494.9	-19
495.3	-15.72
495.7	-16.66
496	5.58
496.4	-5.19
496.7	7.45
497.1	21.26
497.5	0.66
497.8	-4.95
498.2	35.3
498.5	-11.74
498.9	0.43
499.3	-13.15
499.6	6.75
500	3.94
500.3	12.83
500.7	-15.25
501.1	-6.83
501.4	-24.15
501.8	14.47
502.1	-24.15
502.5	10.96
502.9	-14.08
503.2	-17.12
503.6	1.37
503.9	-22.51
504.3	-15.72
504.7	12.37
505	1.37
505.4	14.71
505.7	3
506.1	6.98
506.5	-29.06
506.8	-5.66
507.2	-13.61
507.5	12.13
507.9	0.9
508.2	7.92
508.6	23.37
509	-6.59
509.3	-3.78
509.7	-24.61
510	-3.08
510.4	-1.21
510.8	-31.4
511.1	3.24
511.5	5.34
511.8	5.58
512.2	24.77
512.6	-6.12
512.9	-13.38
513.3	-23.44
513.6	-10.1
514	-15.02
514.3	2.3
514.7	0.2
515.1	-25.32
515.4	-3.78
515.8	-22.04
516.1	-33.27
516.5	8.15
516.9	3.94
517.2	-9.4
517.6	-17.12
517.9	-12.21
518.3	29.69
518.6	-8
519	-16.89
519.4	-12.91
519.7	-27.19
520.1	-17.59
520.4	-12.68
520.8	11.43
521.1	-14.08
521.5	-6.36
521.9	12.83
522.2	-5.89
522.6	-1.91
522.9	1.37
523.3	-7.53
523.6	-4.49
524	-12.68
524.4	7.92
524.7	11.9
525.1	-7.06
525.4	-17.59
525.8	6.98
526.2	-9.64
526.5	-7.29
526.9	-27.66
527.2	-8.46
527.6	-13.38
527.9	-7.76
528.3	-2.38
528.6	-7.06
529	-22.98
529.4	-4.95
529.7	21.26
530.1	-22.04
530.4	-0.74
530.8	-0.27
531.1	3.24
531.5	-10.1
531.9	-26.02
532.2	14.71
532.6	-2.85
532.9	-14.32
533.3	16.34
533.6	-15.02
534	8.86
534.4	186.5
534.7	23.37
535.1	-20.4
535.4	-10.81
535.8	-5.42
536.1	-1.21
536.5	-8
536.8	33.9
537.2	13.3
537.6	1.6
537.9	-0.74
538.3	-7.53
538.6	1.6
539	-16.66
539.3	17.98
539.7	-26.49
540	-16.66
540.4	-4.02
540.8	-17.83
541.1	31.79
541.5	14
541.8	11.43
542.2	-33.98
542.5	1.83
542.9	-8.7
543.2	13.07
543.6	-10.57
544	-12.68
544.3	-10.1
544.7	11.66
545	-12.44
545.4	-0.04
545.7	-4.72
546.1	2.77
546.4	30.62
546.8	-13.61
547.2	3
547.5	-0.27
547.9	18.92
548.2	-19.7
548.6	-7.76
548.9	2.54
549.3	-0.04
549.6	-18.06
550	10.26
550.3	11.43
550.7	-24.38
551.1	0.9
551.4	5.81
551.8	-11.27
552.1	10.03
552.5	5.81
552.8	12.37
553.2	-26.72
553.5	-8.7
553.9	-4.02
554.2	-0.98
554.6	-20.4
554.9	25.94
555.3	3
555.7	-0.51
556	-1.21
556.4	-17.12
556.7	15.88
557.1	4.17
557.4	16.11
557.8	-0.51
558.1	-1.91
558.5	1.13
558.8	1.83
559.2	-20.87
559.5	-8
559.9	-7.76
560.3	19.62
560.6	-28.36
561	21.03
561.3	7.68
561.7	-6.83
562	-22.51
562.4	-2.38
562.7	-0.98
563.1	-6.83
563.4	2.3
563.8	30.39
564.1	9.09
564.5	-15.25
564.8	-11.04
565.2	-12.44
565.5	0.9
565.9	-13.61
566.3	-14.32
566.6	-7.29
567	1.13
567.3	17.75
567.7	-11.74
568	25
568.4	-4.49
568.7	9.79
569.1	-7.76
569.4	-19
569.8	8.86
570.1	8.15
570.5	-8
570.8	5.34
571.2	-0.51
571.5	6.28
571.9	-18.53
572.2	3.71
572.6	-2.15
572.9	-1.21
573.3	4.17
573.6	-19.93
574	-17.12
574.4	-5.42
574.7	-13.85
575.1	15.17
575.4	-4.25
575.8	-4.72
576.1	1.6
576.5	-21.34
576.8	14.71
577.2	28.98
577.5	-10.1
577.9	59.64
578.2	16.11
578.6	-5.19
578.9	4.88
579.3	18.69
579.6	-3.55
580	6.51
580.3	-8.93
580.7	-2.38
581	-30
581.4	7.45
581.7	-27.42
582.1	11.43
582.4	17.52
582.8	0.43
583.1	-8.7
583.5	-18.3
583.8	-16.19
584.2	-25.78
584.5	12.83
584.9	3.24
585.2	4.17
585.6	26.17
585.9	17.98
586.3	-10.57
586.6	-38.42
587	-1.91
587.3	-9.4
587.7	-15.02
588	1.13
588.4	7.22
588.7	-6.12
589.1	11.43
589.4	-31.4
589.8	11.9
590.1	-15.25
590.5	28.98
590.8	6.98
591.2	-7.53
591.5	-19.23
591.9	-21.34
592.2	25.47
592.6	-1.91
592.9	-2.38
593.3	-20.4
593.6	-8.7
594	4.64
594.3	-1.68
594.7	6.51
595	0.9
595.4	-26.25
595.7	-1.44
596.1	-11.27
596.4	2.54
596.8	6.98
597.1	-26.49
597.5	8.39
597.8	1.13
598.2	1.83
598.5	2.77
598.9	-8.7
599.2	-8.93
599.6	-20.64
599.9	-0.74
600.3	20.56
600.6	-36.55
601	12.83
601.3	-23.44
601.7	-22.98
602	-15.95
602.4	-23.91
602.7	-13.38
603.1	-7.06
603.4	-6.83
603.8	-16.42
604.1	1.37
604.5	-8.46
604.8	7.92
605.1	11.9
605.5	41.15
605.8	8.39
606.2	-11.04
606.5	-6.36
606.9	1.83
607.2	-36.79
607.6	-16.66
607.9	-11.98
608.3	6.98
608.6	-6.12
609	-30.93
609.3	-41.23
609.7	-30.23
610	6.51
610.4	-20.64
610.7	-27.19
611.1	-26.02
611.4	14.24
611.8	-24.61
612.1	-3.32
612.5	0.66
612.8	-30
613.1	-22.27
613.5	15.41
613.8	-30.93
614.2	-26.02
614.5	34.37
614.9	-21.57
615.2	6.75
615.6	-18.3
615.9	-1.44
616.3	-28.83
616.6	-10.57
617	-21.34
617.3	15.64
617.7	-19.93
618	10.03
618.3	22.2
618.7	6.98
619	-16.42
619.4	-17.12
619.7	-5.42
620.1	-7.06
620.4	-8.93
620.8	7.45
621.1	5.58
621.5	-33.51
621.8	-2.15
622.2	18.45
622.5	-8
622.8	2.77
623.2	5.58
623.5	-35.15
623.9	22.43
624.2	-21.1
624.6	13.54
624.9	-12.91
625.3	-1.21
625.6	-25.78
626	-30.93
626.3	-16.66
626.7	-10.81
627	-1.68
627.3	-2.85
627.7	-15.02
628	-4.02
628.4	-26.02
628.7	1.37
629.1	-7.29
629.4	2.3
629.8	-14.32
630.1	3
630.5	-8.23
630.8	-29.76
631.1	10.49
631.5	-8.93
631.8	-21.1
632.2	-18.06
632.5	-16.19
632.9	15.17
633.2	-14.55
633.6	-12.68
633.9	1.37
634.2	5.34
634.6	-8.7
634.9	0.2
635.3	-5.42
635.6	-15.95
636	-20.17
636.3	-18.76
636.7	-0.51
637	-6.59
637.3	-4.49
637.7	23.13
638	-3.08
638.4	13.54
638.7	-4.49
639.1	-30.23
639.4	10.26
639.8	2.54
640.1	-7.29
640.4	2.07
640.8	17.98
641.1	-6.12
641.5	2.07
641.8	-28.13
642.2	-18.3
642.5	-10.81
642.8	0.2
643.2	6.75
643.5	-28.13
643.9	-20.64
644.2	-3.32
644.6	-23.21
644.9	-4.95
645.3	13.3
645.6	12.83
645.9	20.32
646.3	-18.3
646.6	17.75
647	-13.61
647.3	-8.7
647.7	-14.32
648	-1.21
648.3	-19
648.7	-39.59
649	3.71
649.4	8.86
649.7	-24.85
650.1	-15.02
650.4	6.28
650.7	-3.32
651.1	-13.38
651.4	-19.47
651.8	-0.04
652.1	8.15
652.4	-32.57
652.8	5.11
653.1	8.39
653.5	-12.91
653.8	34.6
654.2	-4.95
654.5	10.49
654.8	-3.08
655.2	-23.44
655.5	18.92
655.9	-8.93
656.2	3
656.6	-1.91
656.9	19.62
657.2	-0.74
657.6	-17.83
657.9	-9.64
658.3	32.73
658.6	-14.32
658.9	2.77
659.3	17.98
659.6	-9.17
660	30.86
660.3	3.94
660.7	3.71
661	-16.19
661.3	11.43
661.7	17.52
662	14.94
662.4	-22.98
662.7	2.54
663	4.17
663.4	-4.25
663.7	9.09
664.1	-21.34
664.4	-7.29
664.7	-9.64
665.1	32.73
665.4	-21.81
665.8	8.15
666.1	-7.29
666.4	-12.21
666.8	-12.44
667.1	12.83
667.5	2.3
667.8	-4.02
668.1	-2.61
668.5	-8
668.8	8.15
669.2	-3.32
669.5	7.92
669.8	25.71
670.2	3.24
670.5	0.43
670.9	-28.13
671.2	-4.72
671.5	22.43
671.9	-35.62
672.2	-3.32
672.6	7.22
672.9	-19.47
673.2	7.22
673.6	1.13
673.9	15.41
674.3	-17.83
674.6	13.77
674.9	-4.49
675.3	19.86
675.6	13.54
676	85.16
676.3	5.34
676.6	2.07
677	9.09
677.3	2.77
677.7	-28.59
678	-1.44
678.3	-10.1
678.7	-16.42
679	-9.87
679.4	-13.38
679.7	11.9
680	24.07
680.4	14.24
680.7	5.58
681	29.45
681.4	-10.34
681.7	-16.89
682.1	13.3
682.4	-13.38
682.7	-18.53
683.1	-20.17
683.4	22.66
683.8	3.47
684.1	-3.32
684.4	3.24
684.8	3.47
685.1	-10.1
685.4	-13.38
685.8	12.6
686.1	58.71
686.5	16.58
686.8	-13.15
687.1	-11.74
687.5	10.26
687.8	-0.27
688.1	-8.46
688.5	-5.66
688.8	3.94
689.2	-11.51
689.5	3.94
689.8	5.81
690.2	15.64
690.5	-17.12
690.8	8.39
691.2	16.58
691.5	-14.55
691.9	-17.83
692.2	-2.61
692.5	20.56
692.9	-18.3
693.2	-22.98
693.5	-29.3
693.9	-7.06
694.2	9.32
694.6	30.39
694.9	10.96
695.2	-2.61
695.6	-0.27
695.9	-22.98
696.2	1.6
696.6	20.56
696.9	14.94
697.2	-8
697.6	27.11
697.9	-24.15
698.3	-27.42
698.6	-2.38
698.9	-11.04
699.3	-23.91
699.6	-16.66
699.9	17.52
700.3	-7.06
700.6	-11.74
700.9	-27.19
701.3	-8.7
701.6	-22.27
702	-3.55
702.3	8.15
702.6	9.32
703	-8.23
703.3	-7.76
703.6	-4.25
704	25.94
704.3	-4.95
704.6	-27.19
705	-13.15
705.3	-11.04
705.6	-4.49
706	6.05
706.3	-21.1
706.6	-5.19
707	-5.89
707.3	-2.61
707.7	-13.38
708	1.83
708.3	-2.61
708.7	8.39
709	-12.68
709.3	-3.32
709.7	-6.36
710	-9.87
710.3	-9.64
710.7	18.92
711	-7.76
711.3	-41.93
711.7	4.17
712	3.94
712.3	-14.08
712.7	-0.27
713	21.73
713.3	8.86
713.7	21.26
714	-6.83
714.3	-17.12
714.7	1.37
715	3
715.3	-15.95
715.7	9.79
716	20.09
716.3	-1.21
716.7	-8.7
717	-10.81
717.3	5.58
717.7	6.05
718	-8.23
718.4	2.3
718.7	-11.98
719	-29.76
719.4	6.28
719.7	15.17
720	-15.25
720.4	7.45
720.7	9.79
721	-6.36
721.3	-19.23
721.7	8.15
722	-18.53
722.3	-0.27
722.7	-11.27
723	-19.7
723.3	2.3
723.7	-0.74
724	3.24
724.3	4.41
724.7	5.34
725	-9.17
725.3	9.09
725.7	2.07
726	14.47
726.3	-8
726.7	-7.53
727	8.15
727.3	-20.87
727.7	-13.61
728	12.83
728.3	-34.21
728.7	33.2
729	11.2
729.3	29.92
729.7	-14.32
730	-5.66
730.3	-24.85
730.7	-2.38
731	-8.7
731.3	-13.38
731.7	10.96
732	2.54
732.3	-5.19
732.6	-10.1
733	4.41
733.3	-11.27
733.6	4.88
734	0.66
734.3	-19.47
734.6	-4.95
735	18.69
735.3	-12.44
735.6	-8.93
736	-11.51
736.3	-25.55
736.6	4.41
737	15.17
737.3	-9.17
737.6	15.88
737.9	-20.64
738.3	0.43
738.6	-20.64
738.9	13.77
739.3	-18.76
739.6	3.94
739.9	-12.44
740.3	17.28
740.6	-22.04
740.9	-0.27
741.2	-20.64
741.6	-5.19
741.9	-18.76
742.2	-19
742.6	-0.74
742.9	-4.95
743.2	3.71
743.6	-16.66
743.9	11.66
744.2	11.66
744.6	23.83
744.9	-6.36
745.2	-27.19
745.5	-28.59
745.9	-9.87
746.2	-5.66
746.5	2.54
746.9	13.07
747.2	-23.68
747.5	-46.15
747.8	10.73
748.2	21.26
748.5	24.77
748.8	-12.68
749.2	23.83
749.5	24.3
749.8	-5.19
750.1	-0.04
750.5	2.07
750.8	-21.1
751.1	0.2
751.5	8.15
751.8	-30
752.1	-18.53
752.5	-7.76
752.8	-8.46
753.1	-15.02
753.4	16.58
753.8	-4.49
754.1	2.54
754.4	-9.4
754.7	-8.93
755.1	-9.17
755.4	-30.23
755.7	-23.44
756.1	9.79
756.4	41.86
756.7	2.77
757	-11.51
757.4	-13.38
757.7	-2.38
758	-15.49
758.4	-3.55
758.7	-6.12
759	6.75
759.3	-0.74
759.7	7.92
760	11.2
760.3	45.13
760.7	-6.59
761	-18.06
761.3	7.68
761.6	24.77
762	-6.36
762.3	14.94
762.6	-4.25
762.9	13.77
763.3	-36.55
763.6	13.54
763.9	-16.66
764.2	-17.59
764.6	-22.04
764.9	-16.42
765.2	9.32
765.6	5.58
765.9	-6.83
766.2	-16.42
766.5	1.13
766.9	-30.23
767.2	-8.46
767.5	-19.93
767.8	-31.64
768.2	-24.38
768.5	1.13
768.8	-0.51
769.1	-9.64
769.5	-18.53
769.8	-1.68
770.1	-10.57
770.5	-4.95
770.8	-18.06
771.1	23.37
771.4	9.79
771.8	-3.08
772.1	6.51
772.4	3.24
772.7	-4.02
773.1	-15.25
773.4	25.71
773.7	16.11
774	-4.25
774.4	-9.87
774.7	1.6
775	-10.34
775.3	-25.78
775.7	7.92
776	-16.89
776.3	1.83
776.6	-5.89
777	-5.42
777.3	-31.4
777.6	1.37
777.9	-25.08
778.3	-11.51
778.6	7.45
778.9	2.3
779.2	-14.55
779.6	-19.47
779.9	-4.25
780.2	30.86
780.5	-0.74
780.9	4.88
781.2	-9.64
781.5	-5.89
781.8	-20.64
782.2	6.75
782.5	-24.38
782.8	14.71
783.1	7.68
783.4	-9.87
783.8	2.07
784.1	9.32
784.4	20.56
784.7	-11.98
785.1	12.13
785.4	-6.12
785.7	5.81
786	-4.02
786.4	-26.25
786.7	-0.27
787	4.17
787.3	-0.74
787.7	-8
788	-0.51
788.3	27.35
788.6	-31.64
788.9	3.47
789.3	-6.12
789.6	15.88
789.9	14
790.2	-3.55
790.6	-9.64
790.9	12.6
791.2	-7.53
791.5	-4.95
791.9	-2.15
792.2	20.32
792.5	2.77
792.8	8.62
793.1	1.6
793.5	2.77
793.8	-0.74
794.1	4.17
794.4	-15.72
794.8	14.47
795.1	-9.64
795.4	-22.74
795.7	-49.42
796	6.51
796.4	2.3
796.7	17.98
797	2.54
797.3	-15.72
797.7	19.39
798	-7.29
798.3	-17.83
798.6	12.13
798.9	-5.66
799.3	6.51
799.6	-0.04
799.9	-0.51
800.2	26.64
800.5	-13.38
800.9	-3.32
801.2	-2.38
801.5	9.79
801.8	-8.46
802.2	3.24
802.5	-6.83
802.8	17.05
803.1	7.92
803.4	4.88
803.8	-9.4
804.1	1.13
804.4	27.81
804.7	11.9
805	11.2
805.4	-9.87
805.7	-0.04
806	-8.46
806.3	17.28
806.6	-6.59
807	13.3
807.3	-1.44
807.6	22.43
807.9	-27.19
808.2	-26.02
808.6	13.3
808.9	12.37
809.2	3.71
809.5	-11.51
809.8	-7.06
810.2	-0.27
810.5	8.86
810.8	-7.53
811.1	-6.83
811.4	29.92
811.8	1.37
812.1	6.28
812.4	-4.49
812.7	10.03
813	-6.12
813.4	11.9
813.7	6.51
814	-3.32
814.3	-15.49
814.6	19.62
815	5.34
815.3	-48.02
815.6	-15.02
815.9	25.47
816.2	16.58
816.5	15.17
816.9	0.43
817.2	5.34
817.5	1.13
817.8	-15.49
818.1	11.66
818.5	-2.15
818.8	37.41
819.1	-13.38
819.4	-5.89
819.7	3.71
820.1	8.39
820.4	-16.42
820.7	32.96
821	30.86
821.3	-21.34
821.6	-12.68
822	-21.34
822.3	-3.78
822.6	-11.98
822.9	-4.25
823.2	-5.89
823.5	-12.21
823.9	-7.76
824.2	-6.59
824.5	-9.87
824.8	15.88
825.1	23.37
825.5	32.73
825.8	-1.44
826.1	7.45
826.4	11.66
826.7	49.58
827	3.47
827.4	-5.66
827.7	-17.83
828	-25.32
828.3	-10.34
828.6	-7.06
828.9	-24.15
829.3	-0.51
829.6	14.71
829.9	0.66
830.2	-18.06
830.5	-11.04
830.8	-15.25
831.2	3
831.5	-7.76
831.8	-5.19
832.1	-8.7
832.4	0.43
832.7	-14.32
833.1	-4.95
833.4	20.56
833.7	-10.34
834	0.9
834.3	-4.95
834.6	-0.51
835	3.94
835.3	10.49
835.6	-10.34
835.9	-5.19
836.2	8.86
836.5	-14.32
836.8	-15.72
837.2	2.3
837.5	-16.66
837.8	-7.76
838.1	9.32
838.4	13.3
838.7	13.54
839.1	11.66
839.4	3.94
839.7	-8
840	-3.78
840.3	-4.95
840.6	-268.97
840.9	6.75
841.3	-33.98
841.6	3.71
841.9	-16.42
842.2	18.92
842.5	1.13
842.8	-20.17
843.1	-3.32
843.5	-14.08
843.8	4.64
844.1	5.81
844.4	-17.83
844.7	32.73
845	10.73
845.3	-12.91
845.7	-1.44
846	-18.76
846.3	-15.72
846.6	-15.25
846.9	1.83
847.2	5.11
847.5	-5.89
847.9	-3.55
848.2	16.34
848.5	-1.44
848.8	-4.95
849.1	-22.51
849.4	-2.61
849.7	18.92
850	-32.57
850.4	10.49
850.7	-50.13
851	1.83
851.3	-11.51
851.6	15.17
851.9	-7.06
852.2	-16.66
852.5	11.2
852.9	38.58
853.2	3.47
853.5	-39.83
853.8	36.71
854.1	13.3
854.4	11.9
854.7	17.98
855.1	7.68
855.4	4.41
855.7	3.24
856	17.98
856.3	-25.32
856.6	-8.93
856.9	2.07
857.2	35.3
857.5	10.26
857.9	-1.68
858.2	-8
858.5	-6.83
858.8	-29.53
859.1	-44.74
859.4	17.75
859.7	23.6
860	-0.51
860.4	38.35
860.7	4.17
861	-5.19
861.3	-5.66
861.6	9.09
861.9	5.11
862.2	14.24
862.5	-10.1
862.8	4.17
863.2	-1.21
863.5	-0.27
863.8	0.43
864.1	-7.76
864.4	14.94
864.7	-16.19
865	12.83
865.3	4.17
865.6	-19
866	-6.12
866.3	15.17
866.6	-39.83
866.9	8.62
867.2	4.88
867.5	-11.04
867.8	7.68
868.1	-1.91
868.4	8.62
868.7	8.39
869.1	20.32
869.4	5.11
869.7	16.81
870	-10.81
870.3	-14.78
870.6	-16.42
870.9	-11.74
871.2	-4.02
871.5	30.62
871.8	11.66
872.1	-5.19
872.5	8.15
872.8	-14.08
873.1	12.83
873.4	-4.02
873.7	14
874	-4.72
874.3	5.11
874.6	22.43
874.9	16.81
875.2	0.9
875.6	-5.66
875.9	-42.87
876.2	-1.44
876.5	-1.91
876.8	0.2
877.1	0.43
877.4	17.98
877.7	-2.61
878	21.26
878.3	19.39
878.6	2.3
878.9	20.56
879.3	-35.15
879.6	1.83
879.9	8.86
880.2	-13.38
880.5	-11.98
880.8	4.17
881.1	-13.38
881.4	-11.98
881.7	21.49
882	13.54
882.3	-26.02
882.6	-5.89
882.9	-35.62
883.3	-13.38
883.6	27.58
883.9	9.09
884.2	-15.02
884.5	15.17
884.8	14.24
885.1	2.54
885.4	-5.42
885.7	-17.36
886	-11.74
886.3	-28.83
886.6	8.86
886.9	-8
887.2	6.28
887.6	-9.17
887.9	18.92
888.2	-30.7
888.5	-16.19
888.8	-21.1
889.1	9.56
889.4	15.64
889.7	3.47
890	-27.42
890.3	10.03
890.6	-5.42
890.9	-16.89
891.2	7.45
891.5	6.98
891.8	-9.87
892.1	-0.27
892.5	10.03
892.8	11.66
893.1	-28.13
893.4	-5.19
893.7	17.05
894	11.2
894.3	-7.53
894.6	-8.93
894.9	-26.25
895.2	-1.91
895.5	-20.4
895.8	5.58
896.1	29.45
896.4	-19.93
896.7	-29.06
897	-42.4
897.3	-17.83
897.6	-4.95
897.9	30.86
898.3	1.37
898.6	22.43
898.9	-2.38
899.2	14.47
899.5	-3.55
899.8	17.28
900.1	-7.53
900.4	10.03
900.7	-5.42
901	21.49
901.3	8.39
901.6	-25.32
901.9	7.22
902.2	5.11
902.5	-6.12
902.8	-22.27
903.1	-12.68
903.4	3.24
903.7	-10.81
904	15.88
904.3	24.77
904.6	-13.15
904.9	-2.61
905.2	15.64
905.6	-8.7
905.9	-38.42
906.2	6.51
906.5	3.47
906.8	-15.25
907.1	-24.38
907.4	-8.46
907.7	6.75
908	-9.64
908.3	-24.38
908.6	-9.17
908.9	-25.55
909.2	8.62
909.5	-0.27
909.8	-22.51
910.1	-3.08
910.4	-5.66
910.7	-6.59
911	7.45
911.3	13.3
911.6	1.6
911.9	-9.64
912.2	-36.79
912.5	-17.12
912.8	-0.04
913.1	3.71
913.4	-0.04
913.7	-13.61
914	15.64
914.3	5.81
914.6	-7.06
914.9	0.66
915.2	-25.08
915.5	7.92
915.8	15.64
916.1	-5.19
916.4	-20.64
916.7	-12.68
917	-0.27
917.3	22.43
917.6	-5.19
917.9	5.81
918.2	-18.76
918.5	17.05
918.8	-45.68
919.1	-36.79
919.5	13.54
919.8	-17.83
920.1	-20.17
920.4	-8.7
920.7	-22.51
921	9.32
921.3	3.47
921.6	-20.64
921.9	22.9
922.2	27.11
922.5	-0.27
922.8	-9.64
923.1	13.54
923.4	-6.83
923.7	18.45
924	0.66
924.3	-5.66
924.6	-4.02
924.9	3.47
925.2	-19.47
925.5	6.75
925.8	31.56
926.1	-8.23
926.4	10.96
926.7	5.81
927	-4.95
927.3	9.32
927.6	4.41
927.9	7.45
928.2	10.03
928.4	-29.76
928.7	-25.55
929	5.81
929.3	-4.49
929.6	18.92
929.9	-22.04
930.2	1.6
930.5	-20.4
930.8	-16.89
931.1	3
931.4	-16.66
931.7	-8
932	-23.91
932.3	-1.68
932.6	17.75
932.9	1.6
933.2	-4.02
933.5	-20.17
933.8	10.49
934.1	-9.87
934.4	4.64
934.7	-21.57
935	4.64
935.3	23.6
935.6	-32.34
935.9	11.43
936.2	12.6
936.5	9.79
936.8	12.13
937.1	-2.38
937.4	-13.85
937.7	17.05
938	-6.36
938.3	-8.46
938.6	-30
938.9	-4.25
939.2	21.49
939.5	-24.85
939.8	-5.89
940.1	9.56
940.4	-35.38
940.7	-30.7
941	-18.53
941.3	8.39
941.6	-7.06
941.9	-2.38
942.2	6.75
942.4	-16.42
942.7	5.34
943	6.98
943.3	2.3
943.6	4.17
943.9	7.68
944.2	-13.61
944.5	15.64
944.8	-20.64
945.1	-17.59
945.4	-2.38
945.7	-3.78
946	-15.72
946.3	-6.36
946.6	1.6
946.9	-9.64
947.2	10.73
947.5	5.58
947.8	11.2
948.1	-23.91
948.4	-20.64
948.7	-8.46
949	-15.02
949.2	-4.49
949.5	-19.23
949.8	25.24
950.1	-4.02
950.4	24.07
950.7	-22.04
951	2.77
951.3	-15.95
951.6	-8.46
951.9	-33.27
952.2	3.24
952.5	15.17
952.8	-12.44
953.1	-0.98
953.4	3.47
953.7	3.94
954	16.11
954.3	-55.51
954.6	-24.15
954.8	-16.19
955.1	13.77
955.4	-24.61
955.7	23.13
956	-16.42
956.3	28.75
956.6	5.11
956.9	23.83
957.2	-5.42
957.5	0.9
957.8	31.09
958.1	-30.47
958.4	-0.04
958.7	-22.27
959	8.15
959.2	1.13
959.5	6.05
959.8	-33.74
960.1	-11.04
960.4	-18.3
960.7	-17.12
961	7.68
961.3	-37.02
961.6	-7.29
961.9	5.58
962.2	36.24
962.5	-0.04
962.8	-15.95
963.1	7.68
963.3	-1.91
963.6	23.13
963.9	7.45
964.2	-7.06
964.5	2.54
964.8	-208.58
965.1	-18.76
965.4	7.68
965.7	-33.27
966	18.22
966.3	3.71
966.6	9.09
966.9	16.34
967.1	18.92
967.4	21.03
967.7	12.37
968	21.03
968.3	-12.91
968.6	-6.36
968.9	-10.34
969.2	2.54
969.5	7.45
969.8	2.77
970.1	13.07
970.3	-30.93
970.6	-2.15
970.9	39.28
971.2	-31.64
971.5	12.37
971.8	-12.68
972.1	6.98
972.4	5.81
972.7	-12.68
973	30.39
973.3	-12.44
973.5	6.28
973.8	-6.36
974.1	4.41
974.4	3.71
974.7	0.9
975	-7.76
975.3	3
975.6	-24.61
975.9	-1.91
976.2	-2.38
976.4	14.24
976.7	8.86
977	-26.25
977.3	-24.85
977.6	-4.25
977.9	33.9
978.2	-5.66
978.5	10.26
978.8	-21.81
979	-4.25
979.3	-14.78
979.6	27.58
979.9	3.24
980.2	-8.46
980.5	6.98
980.8	7.45
981.1	-24.38
981.4	-0.98
981.6	-15.95
981.9	6.75
982.2	28.05
982.5	30.15
982.8	15.17
983.1	9.09
983.4	16.34
983.7	-0.27
984	3.71
984.2	-12.21
984.5	-13.15
984.8	-12.21
985.1	17.28
985.4	4.88
985.7	15.41
986	4.88
986.3	14
986.5	18.45
986.8	-16.89
987.1	3
987.4	8.86
987.7	-6.83
988	-26.96
988.3	-8
988.6	2.77
988.8	-1.91
989.1	-6.59
989.4	-22.74
989.7	26.88
990	12.13
990.3	21.03
990.6	8.86
990.9	-2.38
991.1	-5.19
991.4	3.71
991.7	-2.38
992	-14.08
992.3	-4.95
992.6	-11.74
992.9	3.71
993.1	-10.1
993.4	-16.19
993.7	17.52
994	-14.55
994.3	-11.27
994.6	-3.08
994.9	-5.66
995.1	-7.76
995.4	-23.21
995.7	23.6
996	10.73
996.3	-6.83
996.6	-14.32
996.9	-24.61
997.1	9.56
997.4	10.96
997.7	-29.76
998	-15.25
998.3	-4.25
998.6	-11.51
998.9	11.66
999.1	-15.02
999.4	-19.23
999.7	-13.85
1000	-1.21
1000.3	28.05
1000.6	-12.91
1000.8	-24.15
1001.1	14
1001.4	-1.44
1001.7	-5.89
1002	-18.06
1002.3	-29.3
1002.6	3.94
1002.8	-4.72
1003.1	-11.98
1003.4	9.56
1003.7	-29.76
1004	-8.23
1004.3	9.32
1004.5	-25.08
1004.8	-34.44
1005.1	-7.76
1005.4	-23.44
1005.7	22.66
1006	-24.15
1006.2	19.39
1006.5	19.62
1006.8	-6.83
1007.1	-12.68
1007.4	12.13
1007.7	1.6
1007.9	-33.27
1008.2	-4.72
1008.5	-25.55
1008.8	-1.91
1009.1	-0.04
1009.4	-19.23
1009.6	-9.17
1009.9	-39.13
1010.2	-3.08
1010.5	21.49
1010.8	-0.74
1011.1	32.49
1011.3	-15.25
1011.6	7.92
1011.9	-15.72
1012.2	16.11
1012.5	13.77
1012.7	20.32
1013	-12.44
1013.3	-17.36
1013.6	-28.59
1013.9	-18.76
1014.2	0.43
1014.4	13.54
1014.7	-19.23
1015	-12.21
1015.3	-17.12
1015.6	-8.93
1015.8	2.77
1016.1	7.22
1016.4	5.81
1016.7	12.13
1017	26.41
1017.2	-22.04
1017.5	-2.15
1017.8	-10.34
1018.1	-3.08
1018.4	-0.04
1018.7	2.3
1018.9	-3.32
1019.2	-9.87
1019.5	-16.66
1019.8	16.58
1020.1	-10.57
1020.3	6.51
1020.6	9.79
1020.9	9.79
1021.2	9.79
