340.2	-2.86
340.6	-2.86
340.9	-2.86
341.3	-5.67
341.7	8.84
342.1	10.48
342.4	-25.56
342.8	6.27
343.2	-8.95
343.6	-2.39
343.9	-27.9
344.3	4.16
344.7	32.25
345.1	-1.22
345.4	-21.12
345.8	-2.16
346.2	-6.84
346.6	48.4
346.9	-13.39
347.3	-12.22
347.7	1.59
348	-15.73
348.4	-9.41
348.8	-0.99
349.2	-27.9
349.5	-4.26
349.9	2.52
350.3	-10.58
350.7	-31.18
351	-16.67
351.4	-5.2
351.8	-36.1
352.2	-2.16
352.5	-11.52
352.9	10.48
353.3	-13.16
353.6	-14.1
354	18.2
354.4	-14.56
354.8	-11.29
355.1	1.59
355.5	6.97
355.9	-0.99
356.3	0.18
356.6	-52.95
357	-12.46
357.4	1.35
357.8	5.8
358.1	-11.52
358.5	2.05
358.9	-23.46
359.2	15.16
359.6	-8.71
360	-23.93
360.4	-19.95
360.7	-0.05
361.1	13.76
361.5	-6.84
361.9	0.88
362.2	-42.88
362.6	-3.09
363	-0.52
363.3	-7.07
363.7	-6.84
364.1	-9.88
364.5	3.93
364.8	-5.67
365.2	2.29
365.6	-23.93
366	3.69
366.3	10.48
366.7	-2.63
367.1	-11.29
367.4	-13.63
367.8	-8.71
368.2	-9.65
368.6	-5.44
368.9	9.78
369.3	-41.01
369.7	-7.54
370	6.03
370.4	5.33
370.8	19.14
371.2	10.01
371.5	2.76
371.9	-18.54
372.3	-9.41
372.6	1.82
373	0.18
373.4	23.59
373.8	-19.71
374.1	-20.18
374.5	-10.12
374.9	1.35
375.2	-25.56
375.6	-7.54
376	-6.61
376.4	-6.14
376.7	-4.03
377.1	-14.56
377.5	-10.58
377.8	-24.63
378.2	-13.63
378.6	-22.76
379	-4.03
379.3	-12.22
379.7	9.31
380.1	-7.78
380.4	6.5
380.8	-32.12
381.2	-0.75
381.6	-17.84
381.9	12.35
382.3	16.33
382.7	9.31
383	-3.09
383.4	3.69
383.8	-3.33
384.2	-1.69
384.5	8.61
384.9	-4.03
385.3	-8.24
385.6	-37.03
386	-15.03
386.4	13.29
386.7	2.05
387.1	24.06
387.5	-12.46
387.9	-5.67
388.2	8.14
388.6	-8.24
389	1.12
389.3	8.14
389.7	-8.24
390.1	-34.46
390.5	-15.27
390.8	-21.82
391.2	5.8
391.6	-33.29
391.9	-18.31
392.3	-20.18
392.7	4.4
393	-4.97
393.4	10.25
393.8	4.63
394.2	-14.33
394.5	-20.88
394.9	-1.46
395.3	-27.9
395.6	1.82
396	-7.07
396.4	14.93
396.7	-8.71
397.1	-26.73
397.5	-13.39
397.8	-3.09
398.2	-6.61
398.6	12.35
399	-30.71
399.3	-15.5
399.7	-22.52
400.1	-20.41
400.4	-17.14
400.8	4.16
401.2	-12.46
401.5	4.86
401.9	3.69
402.3	-23.46
402.7	8.37
403	-6.14
403.4	1.59
403.8	1.82
404.1	-19.01
404.5	24.76
404.9	-6.84
405.2	-36.56
405.6	-19.48
406	-12.69
406.3	20.08
406.7	6.27
407.1	-36.33
407.4	-0.75
407.8	-15.03
408.2	-7.31
408.6	-4.73
408.9	9.78
409.3	-18.31
409.7	-2.16
410	-35.63
410.4	-7.54
410.8	1.12
411.1	-2.16
411.5	-19.71
411.9	-3.8
412.2	-3.33
412.6	-9.41
413	-10.58
413.3	11.88
413.7	-1.92
414.1	11.42
414.4	-31.65
414.8	-0.05
415.2	-2.86
415.5	-7.54
415.9	-1.22
416.3	-11.29
416.7	-18.07
417	5.33
417.4	-30.71
417.8	21.95
418.1	4.86
418.5	-22.52
418.9	13.99
419.2	-0.29
419.6	-12.22
420	-21.35
420.3	-21.35
420.7	9.54
421.1	-13.86
421.4	-19.01
421.8	6.5
422.2	-13.16
422.5	-18.31
422.9	-4.5
423.3	-11.29
423.6	-3.56
424	17.03
424.4	-19.71
424.7	2.76
425.1	8.84
425.5	8.14
425.8	0.65
426.2	-0.52
426.6	-51.31
426.9	-14.33
427.3	-3.56
427.7	-11.29
428	-30.48
428.4	-33.76
428.8	-21.35
429.1	-5.44
429.5	-19.01
429.9	-14.33
430.2	-41.71
430.6	13.29
431	-22.29
431.3	2.29
431.7	15.16
432.1	15.63
432.4	10.95
432.8	-3.56
433.2	-11.29
433.5	-8.01
433.9	-6.84
434.3	-4.73
434.6	-15.03
435	-7.07
435.4	-26.97
435.7	21.01
436.1	15.63
436.5	18.2
436.8	-5.67
437.2	-4.5
437.6	-38.67
437.9	-57.63
438.3	-31.65
438.7	-18.54
439	13.05
439.4	4.4
439.8	6.27
440.1	-18.54
440.5	17.27
440.9	-6.84
441.2	-7.07
441.6	0.88
442	-7.54
442.3	-27.9
442.7	7.2
443.1	1.12
443.4	12.82
443.8	-30.48
444.1	-8.24
444.5	10.48
444.9	-16.9
445.2	1.35
445.6	-32.12
446	-0.99
446.3	-9.88
446.7	5.57
447.1	-22.05
447.4	17.74
447.8	5.57
448.2	13.76
448.5	14.23
448.9	-11.29
449.3	2.99
449.6	10.25
450	-13.86
450.4	-9.65
450.7	-15.03
451.1	-4.5
451.4	13.99
451.8	18.2
452.2	-17.61
452.5	-13.39
452.9	7.91
453.3	-5.67
453.6	-13.39
454	-8.95
454.4	-13.39
454.7	-28.14
455.1	-12.69
455.5	-20.88
455.8	-9.41
456.2	8.61
456.5	-28.84
456.9	4.4
457.3	-11.52
457.6	-2.63
458	-33.52
458.4	-5.2
458.7	-14.33
459.1	-26.97
459.5	19.37
459.8	10.25
460.2	-5.44
460.5	-16.67
460.9	-3.33
461.3	-6.37
461.6	10.25
462	-17.84
462.4	-19.01
462.7	2.52
463.1	-10.12
463.5	-17.61
463.8	-7.07
464.2	16.1
464.5	7.67
464.9	-4.97
465.3	-5.44
465.6	-2.86
466	-23.46
466.4	-25.1
466.7	-3.33
467.1	8.37
467.5	-0.05
467.8	-30.95
468.2	-7.07
468.5	-3.8
468.9	7.44
469.3	-11.29
469.6	-15.73
470	-23.22
470.4	-5.2
470.7	-4.97
471.1	-16.9
471.4	-31.65
471.8	-36.8
472.2	-4.5
472.5	15.86
472.9	-23.69
473.3	3.69
473.6	-31.65
474	0.42
474.3	-9.88
474.7	-3.09
475.1	-14.1
475.4	-3.09
475.8	-5.67
476.2	-44.76
476.5	1.12
476.9	5.8
477.2	-17.14
477.6	-11.05
478	-1.22
478.3	-3.09
478.7	-21.58
479.1	-19.71
479.4	-30.24
479.8	6.03
480.1	3.69
480.5	-20.41
480.9	-16.44
481.2	-41.25
481.6	0.18
481.9	-9.88
482.3	-10.58
482.7	-17.84
483	-1.92
483.4	8.37
483.8	-2.16
484.1	-9.41
484.5	-28.14
484.8	5.33
485.2	-0.05
485.6	-8.95
485.9	14.46
486.3	12.59
486.6	-18.54
487	17.03
487.4	0.65
487.7	-14.56
488.1	-17.14
488.5	13.29
488.8	16.8
489.2	8.61
489.5	-19.95
489.9	25.23
490.3	-19.24
490.6	0.88
491	-9.18
491.3	-7.07
491.7	-45.46
492.1	-30.71
492.4	-1.46
492.8	11.42
493.1	-12.22
493.5	1.12
493.9	-13.63
494.2	-1.22
494.6	5.1
494.9	-29.31
495.3	-37.03
495.7	-21.58
496	-2.86
496.4	4.4
496.7	-0.29
497.1	-3.33
497.5	-24.86
497.8	-12.92
498.2	14.46
498.5	-20.65
498.9	8.14
499.3	-8.95
499.6	-19.48
500	-8.01
500.3	28.27
500.7	-8.24
501.1	-6.37
501.4	-15.03
501.8	2.05
502.1	-8.48
502.5	-14.8
502.9	-8.01
503.2	-23.22
503.6	0.88
503.9	-30.71
504.3	-43.82
504.7	-13.86
505	8.84
505.4	14.69
505.7	-22.76
506.1	11.18
506.5	-13.39
506.8	-14.8
507.2	-12.22
507.5	-9.88
507.9	-5.9
508.2	-20.88
508.6	4.63
509	-13.16
509.3	24.52
509.7	-29.78
510	-7.78
510.4	-19.01
510.8	-43.59
511.1	33.42
511.5	-12.22
511.8	7.2
512.2	-9.65
512.6	5.8
512.9	-27.44
513.3	-16.44
513.6	3.69
514	-6.37
514.3	-8.71
514.7	4.16
515.1	-14.8
515.4	-11.75
515.8	-11.29
516.1	-45.46
516.5	34.35
516.9	8.61
517.2	-15.73
517.6	-27.44
517.9	-4.5
518.3	-12.69
518.6	0.42
519	-17.61
519.4	-20.41
519.7	-30.48
520.1	-1.46
520.4	-15.5
520.8	13.99
521.1	-42.88
521.5	-1.92
521.9	-8.24
522.2	-0.99
522.6	-15.73
522.9	-19.24
523.3	7.67
523.6	-28.61
524	-29.54
524.4	-21.35
524.7	-20.18
525.1	-11.99
525.4	-12.69
525.8	-4.5
526.2	-4.26
526.5	-19.95
526.9	-14.1
527.2	-5.2
527.6	1.82
527.9	-10.58
528.3	-23.46
528.6	-6.14
529	-9.65
529.4	0.88
529.7	27.8
530.1	-13.63
530.4	-31.65
530.8	2.99
531.1	1.35
531.5	-8.24
531.9	-23.22
532.2	-3.56
532.6	-5.44
532.9	-16.44
533.3	-10.12
533.6	-15.97
534	-15.27
534.4	187.42
534.7	-3.56
535.1	-4.03
535.4	-0.29
535.8	-5.67
536.1	1.82
536.5	-25.8
536.8	33.42
537.2	0.88
537.6	-21.82
537.9	-33.76
538.3	-12.69
538.6	-8.24
539	-0.05
539.3	1.59
539.7	-16.44
540	-24.86
540.4	-3.56
540.8	-7.54
541.1	124.46
541.5	-11.75
541.8	-28.14
542.2	-35.16
542.5	18.2
542.9	-7.54
543.2	28.03
543.6	-32.82
544	-12.46
544.3	-8.71
544.7	11.42
545	-9.41
545.4	-9.41
545.7	24.06
546.1	-15.03
546.4	4.16
546.8	9.54
547.2	-1.69
547.5	-2.86
547.9	-16.2
548.2	2.99
548.6	6.03
548.9	-8.01
549.3	6.97
549.6	-15.73
550	-0.99
550.3	3.22
550.7	-25.8
551.1	-9.65
551.4	3.69
551.8	-1.46
552.1	-15.97
552.5	2.76
552.8	-4.5
553.2	-32.35
553.5	-1.22
553.9	-5.9
554.2	-10.35
554.6	-2.63
554.9	22.18
555.3	-5.44
555.7	6.5
556	-13.86
556.4	-24.16
556.7	8.37
557.1	-20.41
557.4	3.22
557.8	8.37
558.1	-3.56
558.5	-12.46
558.8	6.03
559.2	-17.14
559.5	-11.75
559.9	-4.5
560.3	8.84
560.6	-2.16
561	18.2
561.3	-16.2
561.7	-17.14
562	-14.1
562.4	-20.65
562.7	-0.99
563.1	-14.56
563.4	-10.58
563.8	11.42
564.1	-5.67
564.5	-24.63
564.8	-10.35
565.2	-6.37
565.5	-4.97
565.9	-23.93
566.3	-31.42
566.6	-9.41
567	-0.29
567.3	20.08
567.7	1.59
568	12.82
568.4	-20.88
568.7	-19.01
569.1	-38.2
569.4	4.4
569.8	-23.46
570.1	-7.78
570.5	1.59
570.8	16.8
571.2	-2.63
571.5	-22.76
571.9	-33.99
572.2	-11.52
572.6	2.76
572.9	8.61
573.3	16.33
573.6	-21.12
574	-9.41
574.4	-19.24
574.7	22.42
575.1	3.69
575.4	-21.82
575.8	-29.31
576.1	-9.41
576.5	-27.67
576.8	-13.16
577.2	16.1
577.5	-12.22
577.9	40.91
578.2	7.91
578.6	6.5
578.9	-15.5
579.3	-6.84
579.6	-8.71
580	-9.65
580.3	12.59
580.7	-10.58
581	-19.48
581.4	7.44
581.7	-26.73
582.1	-9.18
582.4	12.59
582.8	-13.16
583.1	-35.16
583.5	6.27
583.8	-16.2
584.2	-18.07
584.5	7.67
584.9	8.14
585.2	-2.39
585.6	6.97
585.9	-14.8
586.3	-19.01
586.6	-18.78
587	-22.05
587.3	-11.52
587.7	-19.71
588	11.88
588.4	0.65
588.7	-1.69
589.1	-0.52
589.4	-23.69
589.8	10.95
590.1	-29.78
590.5	0.88
590.8	-18.54
591.2	-1.46
591.5	-10.12
591.9	-25.33
592.2	20.54
592.6	-3.09
592.9	-0.52
593.3	-15.97
593.6	-29.54
594	3.69
594.3	8.61
594.7	23.82
595	-4.73
595.4	-15.73
595.7	-6.84
596.1	-19.48
596.4	4.86
596.8	23.59
597.1	-20.41
597.5	4.86
597.8	-0.99
598.2	11.65
598.5	-23.22
598.9	-21.12
599.2	-16.2
599.6	-7.07
599.9	-23.93
600.3	2.29
600.6	-14.56
601	-4.03
601.3	-19.95
601.7	-19.48
602	2.05
602.4	-5.9
602.7	-3.56
603.1	-10.35
603.4	5.57
603.8	-35.16
604.1	-2.39
604.5	6.03
604.8	15.4
605.1	-6.84
605.5	-0.52
605.8	3.22
606.2	-28.37
606.5	-16.44
606.9	2.29
607.2	-37.27
607.6	-25.33
607.9	-0.99
608.3	19.14
608.6	3.46
609	-13.16
609.3	-29.07
609.7	-44.52
610	2.76
610.4	-20.88
610.7	-8.71
611.1	-24.16
611.4	25.69
611.8	-23.22
612.1	-5.2
612.5	-25.56
612.8	-19.48
613.1	-22.76
613.5	4.4
613.8	-37.73
614.2	-12.92
614.5	24.52
614.9	-6.14
615.2	-20.88
615.6	-19.71
615.9	-5.9
616.3	-10.58
616.6	-13.16
617	-11.05
617.3	6.74
617.7	-4.73
618	32.25
618.3	9.31
618.7	9.08
619	4.4
619.4	-1.22
619.7	-0.29
620.1	-8.71
620.4	7.67
620.8	1.82
621.1	5.33
621.5	-16.2
621.8	-2.16
622.2	10.48
622.5	0.88
622.8	9.78
623.2	-19.01
623.5	-17.84
623.9	1.12
624.2	-1.92
624.6	-1.46
624.9	-6.14
625.3	2.76
625.6	-26.5
626	-40.54
626.3	-23.22
626.7	-23.69
627	-16.67
627.3	-14.33
627.7	16.1
628	-6.14
628.4	-40.31
628.7	-1.46
629.1	-41.25
629.4	9.08
629.8	-29.78
630.1	6.5
630.5	-19.71
630.8	0.65
631.1	11.65
631.5	7.91
631.8	-7.07
632.2	3.69
632.5	-15.73
632.9	-20.18
633.2	3.22
633.6	6.27
633.9	-2.16
634.2	-14.1
634.6	-16.44
634.9	-12.92
635.3	1.35
635.6	-19.24
636	-25.56
636.3	-34.22
636.7	0.88
637	-2.86
637.3	-24.39
637.7	-13.39
638	-11.99
638.4	20.78
638.7	19.37
639.1	-12.92
639.4	21.71
639.8	-11.52
640.1	10.71
640.4	21.25
640.8	-12.46
641.1	13.76
641.5	-22.76
641.8	-15.5
642.2	-15.5
642.5	-22.05
642.8	-19.71
643.2	12.82
643.5	-3.09
643.9	-33.76
644.2	1.59
644.6	-32.35
644.9	-1.92
645.3	-4.73
645.6	2.05
645.9	11.18
646.3	-30.71
646.6	0.88
647	-6.61
647.3	-26.03
647.7	-7.31
648	2.76
648.3	-34.46
648.7	-40.54
649	17.74
649.4	3.22
649.7	-15.27
650.1	-14.33
650.4	10.01
650.7	16.8
651.1	-6.61
651.4	-27.67
651.8	-8.95
652.1	-13.63
652.4	-23.69
652.8	-22.05
653.1	17.03
653.5	-20.65
653.8	-14.1
654.2	5.57
654.5	-5.2
654.8	-11.29
655.2	-21.58
655.5	1.59
655.9	-25.56
656.2	-33.99
656.6	-4.73
656.9	28.74
657.2	5.1
657.6	-16.9
657.9	-3.56
658.3	-1.69
658.6	-9.41
658.9	-4.26
659.3	11.18
659.6	2.29
660	25.46
660.3	-12.92
660.7	-2.16
661	-12.46
661.3	10.25
661.7	15.86
662	2.76
662.4	-11.99
662.7	-10.58
663	3.69
663.4	-11.75
663.7	1.59
664.1	-25.56
664.4	-25.56
664.7	-30.01
665.1	2.29
665.4	-47.1
665.8	1.59
666.1	-9.41
666.4	-18.78
666.8	-4.26
667.1	17.03
667.5	11.65
667.8	0.42
668.1	-2.63
668.5	-26.5
668.8	-15.97
669.2	5.1
669.5	-20.88
669.8	-12.46
670.2	-5.9
670.5	-10.35
670.9	-7.31
671.2	-9.88
671.5	2.99
671.9	-43.12
672.2	-7.54
672.6	26.16
672.9	-21.82
673.2	-13.86
673.6	-17.37
673.9	-13.86
674.3	-11.99
674.6	0.88
674.9	20.78
675.3	24.52
675.6	-1.46
676	75.55
676.3	4.16
676.6	-14.1
677	11.18
677.3	-19.24
677.7	-18.07
678	-25.56
678.3	18.2
678.7	-20.41
679	-4.5
679.4	-12.69
679.7	12.82
680	-1.46
680.4	4.63
680.7	-27.2
681	-21.12
681.4	-3.56
681.7	-24.86
682.1	2.05
682.4	5.8
682.7	-30.24
683.1	-32.59
683.4	18.67
683.8	2.29
684.1	-6.14
684.4	11.42
684.8	-5.2
685.1	-0.29
685.4	13.05
685.8	-11.29
686.1	46.29
686.5	22.89
686.8	-11.75
687.1	13.05
687.5	-8.24
687.8	12.12
688.1	-4.97
688.5	0.88
688.8	-2.86
689.2	-9.41
689.5	-11.99
689.8	-19.71
690.2	8.14
690.5	-21.12
690.8	12.35
691.2	3.93
691.5	20.78
691.9	20.08
692.2	-16.44
692.5	-7.31
692.9	-24.86
693.2	-30.01
693.5	-29.31
693.9	-33.99
694.2	-0.29
694.6	5.1
694.9	-8.95
695.2	-38.67
695.6	7.91
695.9	-35.16
696.2	-24.16
696.6	-16.2
696.9	11.65
697.2	19.61
697.6	25.23
697.9	-33.99
698.3	-8.95
698.6	-23.93
698.9	-0.52
699.3	-0.75
699.6	-22.52
699.9	4.4
700.3	-11.99
700.6	-24.63
700.9	-15.97
701.3	-22.05
701.6	-13.16
702	-19.24
702.3	15.16
702.6	-4.5
703	-8.71
703.3	-10.58
703.6	5.57
704	-2.16
704.3	4.4
704.6	-24.39
705	-18.07
705.3	-16.9
705.6	18.2
706	-8.48
706.3	-25.8
706.6	-20.88
707	-7.54
707.3	0.18
707.7	-10.82
708	24.99
708.3	-15.27
708.7	-12.92
709	-15.27
709.3	10.95
709.7	-15.97
710	3.69
710.3	-5.44
710.7	2.99
711	-11.29
711.3	-24.39
711.7	21.48
712	-3.09
712.3	-30.71
712.7	-0.29
713	6.27
713.3	-21.58
713.7	9.78
714	17.97
714.3	2.05
714.7	5.1
715	-23.22
715.3	-17.61
715.7	-8.01
716	41.14
716.3	-9.88
716.7	-8.01
717	7.2
717.3	-1.69
717.7	-12.22
718	-12.69
718.4	3.22
718.7	3.22
719	-20.41
719.4	-20.18
719.7	-2.63
720	-6.37
720.4	-22.29
720.7	-15.97
721	-31.88
721.3	-32.12
721.7	-0.52
722	-0.05
722.3	-3.33
722.7	-8.95
723	-6.61
723.3	-13.39
723.7	-2.63
724	2.99
724.3	6.03
724.7	1.82
725	-10.12
725.3	-11.52
725.7	-0.99
726	9.54
726.3	6.27
726.7	-11.05
727	15.16
727.3	-20.88
727.7	-21.12
728	11.65
728.3	-14.1
728.7	12.59
729	17.27
729.3	10.71
729.7	4.16
730	8.37
730.3	-7.54
730.7	3.22
731	-20.65
731.3	-12.22
731.7	-5.67
732	-9.41
732.3	-6.37
732.6	-14.33
733	-10.58
733.3	0.42
733.6	3.93
734	-11.29
734.3	-16.67
734.6	-16.9
735	10.95
735.3	1.12
735.6	-6.37
736	-10.35
736.3	-0.99
736.6	-13.63
737	-7.54
737.3	-14.56
737.6	6.74
737.9	-21.12
738.3	14.93
738.6	-50.14
738.9	15.4
739.3	-22.76
739.6	-11.05
739.9	-14.1
740.3	14.46
740.6	-1.92
740.9	11.88
741.2	-15.27
741.6	-6.84
741.9	-5.9
742.2	-34.46
742.6	-2.39
742.9	-10.12
743.2	-30.71
743.6	-23.69
743.9	-1.46
744.2	-16.44
744.6	24.76
744.9	-8.48
745.2	-43.35
745.5	-12.92
745.9	-2.39
746.2	-7.78
746.5	-15.03
746.9	5.57
747.2	-27.9
747.5	-15.27
747.8	-4.26
748.2	-2.16
748.5	20.08
748.8	-7.07
749.2	-11.52
749.5	0.88
749.8	-15.03
750.1	-2.16
750.5	-9.41
750.8	-19.71
751.1	-18.07
751.5	-9.88
751.8	-18.78
752.1	-6.61
752.5	0.65
752.8	3.93
753.1	-16.2
753.4	-1.92
753.8	-24.16
754.1	-35.86
754.4	-14.56
754.7	-14.1
755.1	-23.93
755.4	-31.42
755.7	2.29
756.1	-0.99
756.4	-1.69
756.7	-20.65
757	-11.29
757.4	-20.65
757.7	-8.71
758	-29.78
758.4	-24.16
758.7	0.42
759	-8.24
759.3	-23.93
759.7	15.86
760	8.61
760.3	5.8
760.7	-23.69
761	11.65
761.3	3.69
761.6	-8.48
762	-11.99
762.3	-18.07
762.6	-9.65
762.9	8.37
763.3	-27.67
763.6	18.44
763.9	-17.14
764.2	-22.99
764.6	-22.29
764.9	-28.61
765.2	-17.14
765.6	-19.71
765.9	-7.07
766.2	-11.05
766.5	-1.22
766.9	-25.8
767.2	-3.09
767.5	-13.16
767.8	-19.95
768.2	-29.54
768.5	-15.97
768.8	-10.35
769.1	-14.1
769.5	0.65
769.8	6.74
770.1	-16.9
770.5	-8.01
770.8	-21.58
771.1	21.25
771.4	18.44
771.8	6.03
772.1	12.12
772.4	2.05
772.7	-11.52
773.1	-29.54
773.4	13.05
773.7	-2.16
774	-40.54
774.4	-7.31
774.7	-6.14
775	-9.18
775.3	-47.56
775.7	11.88
776	-20.18
776.3	2.76
776.6	12.35
777	-16.2
777.3	-9.18
777.6	-4.26
777.9	-9.41
778.3	-14.1
778.6	22.65
778.9	3.93
779.2	-9.18
779.6	-5.2
779.9	-1.22
780.2	-2.39
780.5	-15.03
780.9	-21.12
781.2	-17.14
781.5	-27.2
781.8	-4.97
782.2	-9.65
782.5	-5.44
782.8	-0.29
783.1	-10.58
783.4	-14.33
783.8	-9.41
784.1	-2.63
784.4	31.78
784.7	-8.24
785.1	4.86
785.4	1.59
785.7	-32.82
786	-3.56
786.4	-19.48
786.7	-14.8
787	-3.33
787.3	18.67
787.7	-4.26
788	-20.18
788.3	13.52
788.6	-2.39
788.9	11.65
789.3	-25.1
789.6	-11.75
789.9	-16.67
790.2	2.05
790.6	-10.58
790.9	-11.52
791.2	-11.05
791.5	-4.5
791.9	5.1
792.2	9.54
792.5	-2.16
792.8	-5.67
793.1	2.29
793.5	-22.05
793.8	-13.86
794.1	0.65
794.4	-7.07
794.8	3.46
795.1	-8.48
795.4	-5.9
795.7	-23.22
796	4.16
796.4	1.35
796.7	8.14
797	5.8
797.3	-2.16
797.7	10.01
798	-15.27
798.3	-25.33
798.6	1.12
798.9	-27.9
799.3	2.52
799.6	6.97
799.9	3.69
800.2	41.14
800.5	8.14
800.9	-1.92
801.2	3.93
801.5	20.31
801.8	-22.76
802.2	-3.09
802.5	-16.67
802.8	-2.39
803.1	10.01
803.4	21.01
803.8	9.31
804.1	-7.07
804.4	16.57
804.7	10.48
805	2.29
805.4	-14.56
805.7	-35.86
806	2.05
806.3	14.46
806.6	-6.61
807	29.2
807.3	-11.05
807.6	-5.44
807.9	-10.12
808.2	-7.07
808.6	-17.61
808.9	23.12
809.2	10.01
809.5	-24.39
809.8	-25.1
810.2	8.14
810.5	-17.84
810.8	-16.2
811.1	-14.56
811.4	23.35
811.8	7.44
812.1	-0.52
812.4	-14.1
812.7	-18.31
813	-34.46
813.4	-10.58
813.7	-0.05
814	-8.48
814.3	-26.73
814.6	10.48
815	14.46
815.3	3.69
815.6	-7.31
815.9	0.65
816.2	-19.01
816.5	8.84
816.9	-2.16
817.2	-2.63
817.5	-16.9
817.8	-23.69
818.1	-4.03
818.5	-26.27
818.8	22.89
819.1	-14.8
819.4	3.22
819.7	-7.31
820.1	-0.05
820.4	-17.61
820.7	10.95
821	-8.48
821.3	-38.44
821.6	-21.12
822	-16.44
822.3	-18.54
822.6	-38.67
822.9	-11.99
823.2	-13.16
823.5	-3.56
823.9	-5.44
824.2	-14.8
824.5	-20.65
824.8	9.54
825.1	1.82
825.5	11.18
825.8	-4.73
826.1	7.2
826.4	15.16
826.7	26.86
827	-13.63
827.4	-9.88
827.7	-21.58
828	-27.9
828.3	17.74
828.6	-14.33
828.9	-8.95
829.3	-26.03
829.6	7.44
829.9	-23.93
830.2	-7.07
830.5	-21.58
830.8	-6.14
831.2	7.2
831.5	-12.22
831.8	-20.65
832.1	-8.95
832.4	-37.73
832.7	-19.95
833.1	7.91
833.4	-10.35
833.7	3.69
834	-3.09
834.3	-3.56
834.6	-17.84
835	20.08
835.3	-12.46
835.6	-4.5
835.9	21.25
836.2	0.18
836.5	6.5
836.8	-0.52
837.2	-17.14
837.5	11.88
837.8	-20.18
838.1	-28.14
838.4	16.33
838.7	3.46
839.1	33.42
839.4	-12.69
839.7	-0.29
840	3.69
840.3	-5.9
840.6	-272.02
840.9	-11.99
841.3	-40.31
841.6	-17.37
841.9	18.44
842.2	28.27
842.5	-35.86
842.8	-16.44
843.1	9.54
843.5	-39.37
843.8	-1.92
844.1	-22.29
844.4	-23.22
844.7	28.03
845	5.33
845.3	-16.2
845.7	-12.69
846	-42.42
846.3	-9.18
846.6	-22.29
846.9	-1.46
847.2	-5.2
847.5	-28.84
847.9	-13.16
848.2	2.29
848.5	-24.16
848.8	-8.95
849.1	-15.5
849.4	-11.99
849.7	-14.1
850	-41.01
850.4	-12.46
850.7	-30.01
851	-9.65
851.3	-9.65
851.6	-1.69
851.9	-20.88
852.2	-36.1
852.5	-16.2
852.9	4.63
853.2	-7.78
853.5	-19.95
853.8	8.84
854.1	6.5
854.4	-6.14
854.7	25.69
855.1	-8.71
855.4	-13.39
855.7	-32.12
856	17.03
856.3	-41.71
856.6	-9.65
856.9	-13.39
857.2	-0.05
857.5	4.16
857.9	-16.67
858.2	-16.9
858.5	-13.86
858.8	-34.93
859.1	-37.03
859.4	1.82
859.7	6.97
860	-21.35
860.4	17.97
860.7	9.31
861	-1.92
861.3	-21.82
861.6	18.2
861.9	-2.86
862.2	-16.9
862.5	-48.5
862.8	19.84
863.2	-2.16
863.5	13.99
863.8	13.29
864.1	0.42
864.4	26.16
864.7	-6.14
865	1.59
865.3	-7.54
865.6	-26.97
866	-11.99
866.3	-15.03
866.6	-24.63
866.9	-24.16
867.2	-16.44
867.5	-7.07
867.8	12.12
868.1	-1.46
868.4	11.65
868.7	-4.97
869.1	-2.16
869.4	0.18
869.7	21.01
870	4.86
870.3	10.48
870.6	-22.99
870.9	-36.33
871.2	-2.39
871.5	8.61
871.8	-16.44
872.1	-12.92
872.5	13.52
872.8	-9.18
873.1	-4.5
873.4	-18.07
873.7	5.57
874	12.82
874.3	3.22
874.6	-4.03
874.9	-3.56
875.2	0.18
875.6	19.84
875.9	-29.07
876.2	-15.97
876.5	3.69
876.8	20.31
877.1	-8.48
877.4	20.78
877.7	-19.48
878	-1.92
878.3	24.99
878.6	-14.1
878.9	-2.16
879.3	-7.31
879.6	-5.44
879.9	14.23
880.2	-19.48
880.5	-4.03
880.8	-1.22
881.1	-2.16
881.4	-2.86
881.7	-11.99
882	2.99
882.3	-7.54
882.6	6.27
882.9	-45.46
883.3	-26.03
883.6	-16.2
883.9	-6.61
884.2	-15.27
884.5	-0.75
884.8	-8.95
885.1	1.12
885.4	-11.75
885.7	-11.52
886	-11.52
886.3	-58.1
886.6	-16.67
886.9	4.86
887.2	-22.76
887.6	7.2
887.9	2.05
888.2	-30.01
888.5	-33.99
888.8	-9.41
889.1	-12.46
889.4	12.35
889.7	-0.99
890	-7.78
890.3	21.01
890.6	-1.92
890.9	-12.92
891.2	4.16
891.5	-12.46
891.8	13.99
892.1	-14.56
892.5	-8.24
892.8	26.16
893.1	-9.88
893.4	-13.63
893.7	-0.75
894	-20.41
894.3	18.91
894.6	-15.5
894.9	-26.97
895.2	-21.58
895.5	-25.8
895.8	-0.29
896.1	20.08
896.4	6.5
896.7	-11.29
897	-42.18
897.3	-14.8
897.6	-16.67
897.9	6.5
898.3	-6.61
898.6	-2.16
898.9	-4.73
899.2	22.42
899.5	11.88
899.8	0.65
900.1	-3.33
900.4	4.86
900.7	-3.8
901	15.63
901.3	12.82
901.6	-18.54
901.9	-0.05
902.2	-9.65
902.5	-1.46
902.8	-8.48
903.1	-5.9
903.4	11.88
903.7	6.97
904	4.4
904.3	9.31
904.6	-16.9
904.9	-24.39
905.2	7.44
905.6	-26.73
905.9	-20.41
906.2	-5.2
906.5	1.35
906.8	-21.82
907.1	-27.2
907.4	20.78
907.7	-12.69
908	-32.35
908.3	-44.05
908.6	6.5
908.9	-6.14
909.2	19.61
909.5	2.29
909.8	-26.97
910.1	-1.46
910.4	-30.24
910.7	-8.24
911	9.31
911.3	9.08
911.6	-13.63
911.9	2.99
912.2	-26.27
912.5	-11.05
912.8	-17.61
913.1	-19.71
913.4	-25.56
913.7	-29.07
914	-3.8
914.3	-16.44
914.6	-15.27
914.9	-17.61
915.2	6.27
915.5	12.82
915.8	-4.03
916.1	-5.2
916.4	-11.99
916.7	5.1
917	-4.97
917.3	8.61
917.6	24.06
917.9	0.42
918.2	4.63
918.5	-0.29
918.8	-26.03
919.1	-35.16
919.5	-25.33
919.8	-22.29
920.1	-23.22
920.4	-17.37
920.7	-4.97
921	-0.52
921.3	2.52
921.6	-19.71
921.9	5.8
922.2	24.76
922.5	-1.69
922.8	-19.71
923.1	10.25
923.4	-17.84
923.7	-3.8
924	-1.92
924.3	-31.18
924.6	5.8
924.9	-21.82
925.2	19.61
925.5	-3.8
925.8	33.65
926.1	-15.73
926.4	8.37
926.7	-22.05
927	-23.46
927.3	-21.35
927.6	13.52
927.9	-12.92
928.2	0.88
928.4	-3.33
928.7	-11.99
929	38.1
929.3	13.29
929.6	-0.75
929.9	11.65
930.2	-19.01
930.5	-17.14
930.8	-4.5
931.1	-2.39
931.4	-10.58
931.7	-19.71
932	-22.05
932.3	-0.52
932.6	5.33
932.9	1.12
933.2	-0.29
933.5	-12.22
933.8	-13.63
934.1	-15.27
934.4	8.84
934.7	2.76
935	-19.48
935.3	-2.16
935.6	-21.12
935.9	-1.69
936.2	-2.39
936.5	6.74
936.8	15.4
937.1	13.99
937.4	-15.5
937.7	9.08
938	-0.75
938.3	-22.05
938.6	-7.07
938.9	-0.99
939.2	8.84
939.5	-14.33
939.8	5.33
940.1	5.8
940.4	-23.93
940.7	-47.1
941	-15.5
941.3	-3.33
941.6	11.42
941.9	4.63
942.2	-12.46
942.4	-22.76
942.7	-28.84
943	20.31
943.3	13.52
943.6	22.42
943.9	-16.9
944.2	3.46
944.5	0.42
944.8	-24.63
945.1	-17.84
945.4	-25.33
945.7	-17.37
946	-15.97
946.3	12.59
946.6	22.89
946.9	7.91
947.2	2.52
947.5	10.95
947.8	-6.14
948.1	-8.71
948.4	-14.8
948.7	-20.18
949	-28.37
949.2	7.91
949.5	-15.97
949.8	21.71
950.1	-14.8
950.4	10.48
950.7	-25.56
951	-20.88
951.3	-28.61
951.6	-41.95
951.9	-37.27
952.2	3.46
952.5	-13.86
952.8	-26.27
953.1	6.27
953.4	12.82
953.7	12.35
954	-5.2
954.3	-24.86
954.6	-9.41
954.8	-27.44
955.1	-10.82
955.4	-27.2
955.7	14.93
956	-23.93
956.3	-1.46
956.6	-24.63
956.9	18.67
957.2	-13.63
957.5	-26.27
957.8	-4.26
958.1	-3.09
958.4	15.63
958.7	-18.78
959	-8.95
959.2	5.57
959.5	0.18
959.8	-27.44
960.1	-9.65
960.4	-4.5
960.7	-6.37
961	22.18
961.3	-27.2
961.6	26.63
961.9	1.82
962.2	1.82
962.5	-12.69
962.8	-3.56
963.1	18.2
963.3	14.46
963.6	7.2
963.9	-6.14
964.2	-3.56
964.5	-5.67
964.8	-215.62
965.1	-11.05
965.4	-5.44
965.7	-14.1
966	-4.03
966.3	17.27
966.6	-13.39
966.9	8.84
967.1	7.2
967.4	6.97
967.7	0.18
968	11.42
968.3	-1.69
968.6	0.88
968.9	-1.46
969.2	-27.2
969.5	2.29
969.8	-4.03
970.1	-4.97
970.3	-38.9
970.6	-27.2
970.9	15.16
971.2	-31.65
971.5	6.03
971.8	-20.65
972.1	-8.71
972.4	-1.22
972.7	6.03
973	-0.52
973.3	-8.95
973.5	-0.05
973.8	-3.56
974.1	-8.71
974.4	11.18
974.7	-16.67
975	-17.37
975.3	8.37
975.6	-12.22
975.9	-15.03
976.2	8.61
976.4	-81.97
976.7	-12.92
977	-16.44
977.3	-11.05
977.6	18.44
977.9	-15.03
978.2	4.16
978.5	-22.99
978.8	12.82
979	-19.71
979.3	-10.82
979.6	-26.5
979.9	9.54
980.2	-12.69
980.5	6.03
980.8	22.65
981.1	13.29
981.4	31.31
981.6	-25.1
981.9	1.59
982.2	23.59
982.5	-8.95
982.8	9.78
983.1	4.63
983.4	-23.46
983.7	-3.56
984	11.88
984.2	-7.31
984.5	-22.76
984.8	-9.65
985.1	-2.86
985.4	-6.61
985.7	-19.01
986	-7.54
986.3	-23.69
986.5	22.65
986.8	-11.75
987.1	2.76
987.4	20.54
987.7	-22.76
988	-35.86
988.3	-2.86
988.6	5.33
988.8	-26.27
989.1	-2.16
989.4	7.44
989.7	19.37
990	-4.97
990.3	2.52
990.6	-8.01
990.9	-15.03
991.1	-25.1
991.4	-28.84
991.7	10.25
992	-12.22
992.3	10.25
992.6	-9.41
992.9	-6.84
993.1	-2.63
993.4	0.65
993.7	-22.29
994	-25.56
994.3	-21.35
994.6	-16.44
994.9	-21.58
995.1	-0.29
995.4	-38.9
995.7	22.89
996	-8.01
996.3	-11.99
996.6	-15.03
996.9	-18.31
997.1	-5.9
997.4	6.74
997.7	-28.61
998	-19.01
998.3	-15.97
998.6	-1.69
998.9	-0.99
999.1	-16.9
999.4	-27.44
999.7	-0.52
1000	-3.8
1000.3	22.65
1000.6	-24.39
1000.8	-11.29
1001.1	9.31
1001.4	13.05
1001.7	-16.67
1002	-6.37
1002.3	-3.8
1002.6	-29.07
1002.8	-12.92
1003.1	-27.9
1003.4	-19.71
1003.7	-22.52
1004	-6.37
1004.3	-44.05
1004.5	-20.41
1004.8	-12.92
1005.1	-22.29
1005.4	-20.65
1005.7	4.86
1006	-18.54
1006.2	-10.58
1006.5	-5.2
1006.8	2.29
1007.1	-8.71
1007.4	-4.97
1007.7	-2.63
1007.9	-23.46
1008.2	-6.84
1008.5	1.12
1008.8	-6.14
1009.1	-25.33
1009.4	-14.1
1009.6	-33.76
1009.9	-46.86
1010.2	-12.46
1010.5	5.33
1010.8	-4.26
1011.1	-1.92
1011.3	-15.97
1011.6	-14.8
1011.9	-9.88
1012.2	16.33
1012.5	-16.2
1012.7	3.22
1013	-20.41
1013.3	-11.99
1013.6	2.76
1013.9	-1.22
1014.2	-38.44
1014.4	-0.05
1014.7	-7.07
1015	-7.31
1015.3	3.22
1015.6	-4.03
1015.8	-17.37
1016.1	3.93
1016.4	-18.07
1016.7	4.63
1017	2.52
1017.2	-34.22
1017.5	-5.44
1017.8	9.31
1018.1	-11.75
1018.4	7.91
1018.7	7.91
1018.9	-7.54
1019.2	-10.35
1019.5	-2.63
1019.8	13.99
1020.1	-8.24
1020.3	-48.27
1020.6	-20.88
1020.9	-20.88
1021.2	-20.88
