340.19	-9.97
340.564	-9.97
340.939	-9.97
341.313	22.09
341.687	-34.78
342.061	27.94
342.436	-5.06
342.81	-0.61
343.184	11.09
343.558	8.52
343.932	6.41
344.306	-1.31
344.68	7.58
345.054	-3.89
345.428	12.73
345.802	13.9
346.176	20.92
346.55	-55.61
346.924	-20.51
347.298	-2.25
347.672	8.99
348.046	-22.85
348.419	-14.19
348.793	-2.25
349.167	-21.91
349.54	22.09
349.914	7.58
350.288	5.01
350.661	-13.25
351.035	2.43
351.408	-14.65
351.782	-17.7
352.155	5.24
352.528	-17.93
352.902	12.96
353.275	8.75
353.648	6.88
354.022	6.64
354.395	-11.61
354.768	16.71
355.141	18.35
355.515	-1.08
355.888	22.79
356.261	-20.74
356.634	-1.08
357.007	11.09
357.38	-2.25
357.753	16.01
358.126	-14.65
358.499	-1.31
358.872	-0.61
359.245	12.73
359.617	23.26
359.99	-0.61
360.363	-7.4
360.736	-0.61
361.108	5.71
361.481	-14.89
361.854	-22.14
362.226	13.2
362.599	21.62
362.971	-9.97
363.344	31.92
363.716	-8.57
364.089	-2.95
364.461	-21.44
364.834	5.94
365.206	-0.14
365.578	0.33
365.951	-24.72
366.323	31.69
366.695	19.99
367.067	18.35
367.439	27.71
367.812	-9.74
368.184	3.37
368.556	4.54
368.928	6.88
369.3	15.3
369.672	-5.29
370.044	-7.16
370.416	-7.4
370.788	-11.61
371.159	17.88
371.531	-15.59
371.903	-9.97
372.275	10.62
372.646	-2.95
373.018	-7.4
373.39	26.07
373.761	27.48
374.133	34.26
374.505	-17.93
374.876	-2.02
375.248	-16.53
375.619	-13.48
375.991	13.43
376.362	14.37
376.733	-9.51
377.105	5.01
377.476	5.71
377.847	-28.23
378.219	6.64
378.59	4.54
378.961	11.79
379.332	-11.85
379.703	-16.53
380.074	5.47
380.445	10.16
380.816	-12.08
381.187	-1.55
381.558	-2.95
381.929	26.31
382.3	14.13
382.671	-23.55
383.042	-32.44
383.413	-4.36
383.784	-22.38
384.154	-3.65
384.525	-11.61
384.896	9.92
385.266	21.62
385.637	-14.42
386.008	-25.42
386.378	11.79
386.749	11.33
387.119	-11.85
387.49	-2.95
387.86	-10.91
388.23	4.3
388.601	1.73
388.971	2.9
389.341	-24.02
389.712	4.07
390.082	-17.23
390.452	-4.36
390.822	-32.44
391.192	-17.7
391.562	7.35
391.933	6.18
392.303	7.11
392.673	6.64
393.043	-2.48
393.412	8.28
393.782	-28.93
394.152	-25.89
394.522	0.09
394.892	-0.61
395.262	13.2
395.631	7.58
396.001	-13.25
396.371	-12.55
396.74	-14.19
397.11	12.03
397.48	-0.85
397.849	8.05
398.219	14.84
398.588	-2.25
398.958	43.62
399.327	20.92
399.696	-12.55
400.066	5.47
400.435	-2.95
400.804	-29.87
401.174	12.96
401.543	-5.99
401.912	-1.08
402.281	24.67
402.65	-13.25
403.019	14.13
403.389	-15.36
403.758	-0.38
404.127	8.28
404.496	12.03
404.864	-1.31
405.233	24.2
405.602	8.52
405.971	-29.4
406.34	13.9
406.709	-46.02
407.077	-1.55
407.446	-5.76
407.815	7.11
408.183	-28.46
408.552	12.73
408.92	-22.38
409.289	-20.74
409.657	-11.85
410.026	-10.21
410.394	-3.89
410.763	-28.7
411.131	-1.08
411.499	-5.53
411.868	18.82
412.236	5.24
412.604	-3.19
412.972	-6.46
413.341	5.71
413.709	-8.8
414.077	-13.25
414.445	-1.78
414.813	-9.51
415.181	-12.55
415.549	23.73
415.917	10.16
416.285	-43.21
416.653	-5.06
417.02	7.11
417.388	13.67
417.756	-0.85
418.124	14.37
418.491	-2.95
418.859	15.07
419.227	-9.04
419.594	12.5
419.962	10.86
420.329	-16.29
420.697	6.64
421.064	-8.1
421.432	8.28
421.799	9.92
422.167	13.2
422.534	-16.99
422.901	-15.36
423.269	-28.46
423.636	-26.83
424.003	-4.82
424.37	9.22
424.737	-38.53
425.104	8.99
425.471	-18.17
425.838	8.28
426.205	-1.31
426.572	27.94
426.939	-12.55
427.306	-8.33
427.673	-10.68
428.04	-13.72
428.407	45.03
428.773	29.58
429.14	32.39
429.507	-12.78
429.874	-12.08
430.24	-5.06
430.607	-11.38
430.973	-5.06
431.34	13.67
431.706	12.73
432.073	22.56
432.439	10.86
432.806	13.9
433.172	-12.55
433.538	-26.36
433.904	2.9
434.271	-9.51
434.637	5.71
435.003	-3.89
435.369	-5.06
435.735	-0.85
436.101	13.43
436.467	-16.29
436.834	-11.61
437.199	8.52
437.565	-12.78
437.931	4.07
438.297	-34.08
438.663	-17.7
439.029	4.3
439.395	29.82
439.76	8.05
440.126	-18.87
440.492	-2.95
440.857	18.35
441.223	-5.06
441.588	3.84
441.954	-2.25
442.32	2.67
442.685	13.9
443.05	-3.42
443.416	9.22
443.781	17.18
444.146	-3.19
444.512	16.01
444.877	32.16
445.242	-2.95
445.607	26.54
445.973	5.47
446.338	-23.78
446.703	4.77
447.068	-5.99
447.433	-17.93
447.798	25.13
448.163	15.54
448.528	20.22
448.892	-2.48
449.257	-13.95
449.622	15.54
449.987	-24.25
450.352	-30.57
450.716	-21.44
451.081	1.96
451.446	-2.72
451.81	11.56
452.175	-12.31
452.539	-11.14
452.904	8.28
453.268	-9.74
453.633	23.03
453.997	-10.91
454.361	16.47
454.726	-0.14
455.09	12.26
455.454	30.75
455.818	-17.93
456.183	0.09
456.547	-0.61
456.911	-0.14
457.275	8.75
457.639	-3.89
458.003	-1.78
458.367	13.2
458.731	5.47
459.095	-31.04
459.459	-9.74
459.822	-10.44
460.186	-0.85
460.55	5.71
460.914	2.9
461.277	18.58
461.641	0.79
462.005	-13.95
462.368	-29.17
462.732	2.43
463.095	1.73
463.459	9.69
463.822	31.22
464.185	8.75
464.549	2.9
464.912	9.45
465.275	-8.8
465.639	-11.61
466.002	7.35
466.365	-2.72
466.728	24.43
467.091	-14.89
467.454	15.77
467.818	-11.38
468.181	-6.46
468.543	-0.38
468.906	-23.08
469.269	-14.65
469.632	7.11
469.995	-13.48
470.358	10.39
470.721	-2.48
471.083	-5.29
471.446	10.86
471.809	29.11
472.171	5.24
472.534	-10.91
472.896	16.24
473.259	20.69
473.621	-27.53
473.984	19.99
474.346	13.9
474.709	-13.95
475.071	11.56
475.433	-9.51
475.795	-6.7
476.158	8.75
476.52	7.35
476.882	-1.78
477.244	21.39
477.606	5.24
477.968	-31.74
478.33	14.84
478.692	-30.34
479.054	-9.04
479.416	-10.44
479.778	3.37
480.14	2.67
480.502	26.54
480.863	19.99
481.225	5.47
481.587	-5.99
481.948	24.9
482.31	8.99
482.671	-25.89
483.033	1.73
483.395	14.6
483.756	0.09
484.117	19.99
484.479	-4.59
484.84	4.54
485.201	12.26
485.563	-1.08
485.924	11.56
486.285	5.24
486.646	-0.85
487.008	6.18
487.369	34.03
487.73	15.07
488.091	4.77
488.452	-2.72
488.813	-8.1
489.174	10.62
489.534	11.33
489.895	10.39
490.256	5.71
490.617	-3.19
490.978	25.6
491.338	40.58
491.699	25.6
492.06	29.82
492.42	-1.55
492.781	22.09
493.141	37.07
493.502	24.67
493.862	3.84
494.223	16.01
494.583	27.48
494.943	30.99
495.304	18.11
495.664	23.5
496.024	60.48
496.384	37.54
496.744	72.88
497.105	74.05
497.465	82.48
497.825	98.86
498.185	89.97
498.545	117.59
498.905	129.52
499.264	128.59
499.624	140.29
499.984	140.99
500.344	186.63
500.704	175.16
501.063	201.38
501.423	188.27
501.783	247.95
502.142	269.95
502.502	299.21
502.861	305.76
503.221	326.6
503.58	358.43
503.94	389.79
504.299	414.6
504.658	390.26
505.018	440.81
505.377	487.86
505.736	500.97
506.095	516.88
506.455	564.63
506.814	614.01
507.173	679.31
507.532	704.36
507.891	768.96
508.25	817.64
508.609	872.88
508.968	949.65
509.326	1051.93
509.685	1120.04
510.044	1205.23
510.403	1274.98
510.761	1385.69
511.12	1454.73
511.479	1563.57
511.837	1661.87
512.196	1771.88
512.554	1873.46
512.913	2000.31
513.271	2070.53
513.63	2149.64
513.988	2246.3
514.346	2315.35
514.705	2396.8
515.063	2485.51
515.421	2523.66
515.779	2588.26
516.138	2625.47
516.496	2667.13
516.854	2689.13
517.212	2703.88
517.57	2738.99
517.928	2734.77
518.286	2751.86
518.643	2782.99
519.001	2771.99
519.359	2762.39
519.717	2794.22
520.075	2792.58
520.432	2794.92
520.79	2813.41
521.148	2783.22
521.505	2760.05
521.863	2732.9
522.22	2767.54
522.578	2729.39
522.935	2732.67
523.292	2691.47
523.65	2643.02
524.007	2626.64
524.364	2594.57
524.722	2585.21
525.079	2529.27
525.436	2518.74
525.793	2500.72
526.15	2442.21
526.507	2406.4
526.864	2361.22
527.221	2356.07
527.578	2301.54
527.935	2284.45
528.292	2209.56
528.649	2172.34
529.005	2180.53
529.362	2130.21
529.719	2070.76
530.076	2050.4
530.432	1974.8
530.789	1947.65
531.145	1944.61
531.502	1886.33
531.858	1828.75
532.215	1807.92
532.571	1768.6
532.928	1722.26
533.284	1698.38
533.64	1653.45
533.996	1634.72
534.353	1590.72
534.709	1543.91
535.065	1481.42
535.421	1469.48
535.777	1433.44
536.133	1414.24
536.489	1399.26
536.845	1327.88
537.201	1306.58
537.557	1280.83
537.912	1247.6
538.268	1201.02
538.624	1183.7
538.98	1152.8
539.335	1109.27
539.691	1053.57
540.047	1049.59
540.402	1050.06
540.758	990.61
541.113	957.14
541.469	929.05
541.824	951.28
542.179	892.07
542.535	867.03
542.89	864.45
543.245	837.3
543.6	827.47
543.955	807.81
544.311	726.36
544.666	716.53
545.021	700.15
545.376	692.42
545.731	666.21
546.086	662.23
546.44	616.12
546.795	603.95
547.15	604.18
547.505	577.03
547.86	541.69
548.214	529.05
548.569	514.54
548.924	469.37
549.278	480.37
549.633	433.79
549.987	442.92
550.342	438.01
550.696	432.86
551.05	383.7
551.405	380.19
551.759	381.36
552.113	373.41
552.468	357.26
552.822	353.51
553.176	330.11
553.53	334.79
553.884	317
554.238	322.62
554.592	297.11
554.946	294.06
555.3	263.17
555.654	304.36
556.008	263.64
556.361	244.68
556.715	239.06
557.069	207.23
557.423	228.53
557.776	225.48
558.13	192.48
558.483	207.93
558.837	186.87
559.19	192.25
559.544	183.59
559.897	200.67
560.251	154.8
560.604	199.27
560.957	177.74
561.31	170.95
561.664	155.74
562.017	136.54
562.37	151.76
562.723	159.95
563.076	151.06
563.429	171.89
563.782	128.82
564.135	113.37
564.488	115.01
564.841	142.86
565.193	121.56
565.546	112.67
565.899	96.29
566.252	122.27
566.604	96.52
566.957	85.99
567.309	102.84
567.662	111.5
568.014	103.31
568.367	130.22
568.719	88.56
569.072	94.18
569.424	83.65
569.776	67.5
570.129	61.18
570.481	76.86
570.833	65.63
571.185	43.16
571.537	75.22
571.889	79.9
572.241	23.03
572.593	58.14
572.945	52.75
573.297	68.2
573.649	84.82
574.001	81.78
574.352	66.09
574.704	104.71
575.056	52.75
575.407	42.92
575.759	47.37
576.111	54.16
576.462	39.18
576.814	56.5
577.165	68.67
577.516	55.56
577.868	62.82
578.219	46.2
578.57	44.56
578.922	59.31
579.273	45.26
579.624	38.94
579.975	55.56
580.326	47.37
580.677	63.99
581.028	35.2
581.379	40.82
581.73	52.75
582.081	19.05
582.432	71.01
582.783	54.63
583.133	34.73
583.484	22.56
583.835	46.9
584.185	24.9
584.536	35.43
584.886	63.52
585.237	59.54
585.587	39.88
585.938	17.65
586.288	51.58
586.639	45.03
586.989	19.99
587.339	12.5
587.689	39.41
588.04	40.35
588.39	11.79
588.74	32.16
589.09	26.07
589.44	17.88
589.79	45.97
590.14	23.96
590.49	22.33
590.84	-5.53
591.189	25.13
591.539	41.75
591.889	10.86
592.239	24.9
592.588	48.77
592.938	16.71
593.287	31.45
593.637	36.84
593.987	30.75
594.336	8.75
594.685	16.01
595.035	10.16
595.384	39.88
595.733	45.03
596.083	33.79
596.432	38.71
596.781	31.22
597.13	34.97
597.479	14.84
597.828	30.52
598.177	14.84
598.526	14.6
598.875	12.26
599.224	27.48
599.573	15.77
599.922	22.79
600.27	16.47
600.619	10.16
600.968	21.16
601.316	22.56
601.665	22.33
602.013	9.92
602.362	-2.95
602.71	37.77
603.059	12.26
603.407	25.37
603.756	18.35
604.104	-3.19
604.452	0.33
604.8	24.9
605.148	28.41
605.497	17.41
605.845	-3.89
606.193	-1.55
606.541	-5.29
606.889	18.58
607.237	-11.61
607.584	-2.48
607.932	-6.23
608.28	-10.91
608.628	5.94
608.976	17.88
609.323	-21.21
609.671	13.9
610.018	-5.53
610.366	-3.89
610.713	-6.93
611.061	9.69
611.408	-19.1
611.756	31.45
612.103	-10.68
612.45	-4.59
612.798	12.26
613.145	-19.34
613.492	0.56
613.839	-13.02
614.186	-4.36
614.533	35.2
614.88	-7.16
615.227	-4.36
615.574	-21.21
615.921	37.31
616.268	6.18
616.615	16.71
616.961	-22.14
617.308	-11.61
617.655	22.09
618.001	9.69
618.348	28.88
618.695	-0.61
619.041	-16.53
619.387	-1.55
619.734	-26.59
620.08	-10.91
620.427	-15.59
620.773	-11.85
621.119	7.81
621.465	1.96
621.811	-8.33
622.158	5.01
622.504	5.47
622.85	8.52
623.196	12.73
623.542	-26.12
623.888	5.71
624.233	-34.78
624.579	-35.02
624.925	-24.95
625.271	-14.65
625.616	-3.19
625.962	-11.85
626.308	2.2
626.653	10.39
626.999	23.96
627.344	-4.82
627.69	9.69
628.035	16.01
628.38	-1.55
628.726	-4.59
629.071	7.58
629.416	14.37
629.761	4.77
630.107	8.28
630.452	-8.8
630.797	0.33
631.142	9.45
631.487	32.86
631.832	-20.74
632.176	-0.85
632.521	14.6
632.866	-7.16
633.211	-10.44
633.556	9.22
633.9	2.67
634.245	-9.27
634.589	-3.19
634.934	5.01
635.278	-2.25
635.623	-6.46
635.967	10.62
636.312	2.67
636.656	-5.29
637	23.5
637.345	-5.29
637.689	-5.53
638.033	-15.59
638.377	9.92
638.721	-9.04
639.065	-17.7
639.409	4.3
639.753	-0.61
640.097	-7.16
640.441	25.6
640.785	13.67
641.128	21.62
641.472	4.3
641.816	-9.51
642.159	8.28
642.503	0.79
642.847	5.47
643.19	-9.74
643.534	-10.91
643.877	-5.53
644.22	18.11
644.564	-24.72
644.907	15.77
645.25	-9.04
645.593	15.77
645.937	-11.14
646.28	27.71
646.623	-22.85
646.966	-32.21
647.309	-3.65
647.652	-18.87
647.995	-2.48
648.337	31.22
648.68	-2.02
649.023	24.9
649.366	5.24
649.708	-5.99
650.051	7.35
650.394	18.82
650.736	1.26
651.079	-11.61
651.421	15.07
651.764	14.37
652.106	0.33
652.448	7.11
652.791	14.6
653.133	5.01
653.475	-13.25
653.817	10.39
654.159	-10.21
654.501	11.09
654.843	12.73
655.185	25.37
655.527	2.2
655.869	8.52
656.211	3.37
656.553	-18.17
656.895	16.24
657.236	-6.46
657.578	0.33
657.92	13.9
658.261	15.07
658.603	6.64
658.944	21.39
659.286	2.43
659.627	6.18
659.969	-26.36
660.31	2.43
660.651	-18.17
660.993	4.77
661.334	-9.27
661.675	18.11
662.016	-4.59
662.357	8.52
662.698	5.94
663.039	2.67
663.38	-8.1
663.721	-14.19
664.062	1.96
664.402	-14.89
664.743	-7.4
665.084	2.43
665.425	28.88
665.765	-5.53
666.106	15.77
666.446	-28.93
666.787	12.5
667.127	-15.12
667.468	51.82
667.808	-20.74
668.148	10.62
668.489	12.73
668.829	-1.78
669.169	4.3
669.509	-23.55
669.849	10.62
670.189	1.96
670.529	-4.36
670.869	23.26
671.209	38.48
671.549	24.67
671.889	-21.68
672.229	-6.23
672.568	-19.34
672.908	-8.33
673.248	13.9
673.587	30.52
673.927	-2.25
674.266	8.99
674.606	30.52
674.945	16.24
675.285	1.5
675.624	1.26
675.963	52.05
676.302	0.79
676.642	-7.87
676.981	3.84
677.32	5.47
677.659	-17.23
677.998	9.22
678.337	-11.61
678.676	-11.85
679.015	-23.08
679.354	-25.89
679.692	40.58
680.031	-4.36
680.37	-13.48
680.708	18.11
681.047	-36.42
681.386	-1.55
681.724	-10.68
682.063	-28.93
682.401	19.52
682.739	10.62
683.078	-25.19
683.416	-29.63
683.754	-1.55
684.093	8.28
684.431	31.92
684.769	3.13
685.107	-2.25
685.445	19.52
685.783	-23.08
686.121	5.71
686.459	19.52
686.797	13.43
687.134	10.86
687.472	-4.82
687.81	-19.1
688.148	1.96
688.485	3.84
688.823	2.43
689.16	-7.16
689.498	-5.53
689.835	-28.23
690.173	5.94
690.51	-7.16
690.847	11.09
691.185	-14.65
691.522	-1.31
691.859	53.69
692.196	12.96
692.533	-2.72
692.87	-11.85
693.207	-11.61
693.544	-23.78
693.881	-9.97
694.218	4.77
694.555	16.94
694.891	-26.12
695.228	-5.06
695.565	-14.42
695.901	28.88
696.238	4.07
696.574	-16.29
696.911	30.99
697.247	10.62
697.584	-8.1
697.92	3.37
698.256	-11.38
698.593	20.45
698.929	8.99
699.265	-0.61
699.601	13.9
699.937	-7.63
700.273	4.07
700.609	12.96
700.945	1.03
701.281	0.79
701.617	-34.08
701.953	26.31
702.288	-7.87
702.624	19.05
702.96	8.52
703.295	7.35
703.631	17.41
703.966	0.56
704.302	27.48
704.637	13.67
704.973	17.41
705.308	-25.89
705.643	-13.95
705.979	11.79
706.314	6.88
706.649	5.47
706.984	-7.16
707.319	-5.76
707.654	-12.55
707.989	-11.14
708.324	-5.99
708.659	-8.1
708.994	37.77
709.329	-31.04
709.663	13.9
709.998	-13.02
710.333	-5.06
710.667	1.03
711.002	-7.4
711.336	3.84
711.671	-9.04
712.005	24.2
712.34	-4.12
712.674	13.2
713.008	-9.27
713.342	21.39
713.677	10.39
714.011	-26.83
714.345	-2.72
714.679	6.18
715.013	21.16
715.347	15.77
715.681	9.22
716.014	-16.99
716.348	-8.57
716.682	11.56
717.016	-11.61
717.349	13.9
717.683	16.94
718.017	-14.65
718.35	8.52
718.684	9.45
719.017	5.47
719.35	-16.29
719.684	26.07
720.017	-8.8
720.35	3.6
720.684	-6.46
721.017	-40.17
721.35	0.33
721.683	-3.19
722.016	8.52
722.349	-36.42
722.682	-1.78
723.015	0.09
723.347	15.54
723.68	-11.14
724.013	16.94
724.346	34.03
724.678	-5.29
725.011	2.43
725.343	13.67
725.676	21.62
726.008	-13.95
726.341	-15.36
726.673	7.11
727.005	6.64
727.338	-8.33
727.67	-1.31
728.002	-22.14
728.334	5.01
728.666	-3.42
728.998	5.24
729.33	38.94
729.662	16.94
729.994	-14.65
730.326	-28.7
730.658	-17.46
730.989	1.96
731.321	-10.44
731.653	14.6
731.984	-13.95
732.316	-11.85
732.647	12.5
732.979	-10.21
733.31	5.47
733.642	-3.65
733.973	-21.21
734.304	2.2
734.636	-40.87
734.967	12.26
735.298	0.33
735.629	6.88
735.96	13.2
736.291	-3.19
736.622	-10.21
736.953	-24.02
737.284	15.3
737.614	31.22
737.945	-11.61
738.276	-27.06
738.606	9.69
738.937	11.09
739.268	4.54
739.598	-17.46
739.929	-25.65
740.259	23.5
740.589	9.92
740.92	-1.31
741.25	7.58
741.58	19.28
741.91	8.28
742.24	1.73
742.571	-2.25
742.901	3.37
743.231	21.62
743.561	-2.48
743.89	-0.61
744.22	7.35
744.55	-18.4
744.88	-3.65
745.209	7.81
745.539	-2.02
745.869	21.86
746.198	-17.7
746.528	2.43
746.857	0.79
747.187	-1.55
747.516	-9.51
747.845	16.01
748.175	15.3
748.504	8.99
748.833	-7.16
749.162	-30.34
749.491	3.84
749.82	-5.99
750.149	16.71
750.478	2.67
750.807	12.73
751.136	-11.14
751.465	-26.36
751.793	0.56
752.122	28.65
752.451	-9.04
752.779	2.43
753.108	-9.51
753.436	42.45
753.765	14.37
754.093	-16.53
754.421	6.64
754.75	-10.68
755.078	-5.06
755.406	11.79
755.734	-15.82
756.062	-1.31
756.391	-7.16
756.719	-9.04
757.046	-0.38
757.374	19.99
757.702	-4.36
758.03	5.01
758.358	1.5
758.686	-26.59
759.013	-16.99
759.341	5.94
759.668	-14.42
759.996	-9.04
760.323	10.16
760.651	-1.78
760.978	-23.31
761.306	-5.29
761.633	4.77
761.96	5.71
762.287	-13.25
762.614	14.13
762.941	5.94
763.268	-15.82
763.595	-2.72
763.922	-2.48
764.249	-46.25
764.576	1.03
764.903	-19.1
765.23	-9.04
765.556	15.54
765.883	-5.53
766.21	-17.7
766.536	-2.72
766.863	-15.36
767.189	-7.4
767.516	-9.27
767.842	2.2
768.168	15.77
768.494	8.52
768.821	28.41
769.147	-6.7
769.473	19.99
769.799	6.18
770.125	-16.99
770.451	-12.31
770.777	-1.08
771.103	-15.82
771.429	3.37
771.754	2.67
772.08	6.18
772.406	33.56
772.731	7.11
773.057	-1.31
773.382	12.96
773.708	3.13
774.033	35.67
774.359	-20.51
774.684	24.67
775.009	-1.78
775.334	-12.08
775.66	3.37
775.985	-6.7
776.31	-8.1
776.635	1.96
776.96	6.41
777.285	-8.8
777.61	-6.46
777.934	1.5
778.259	9.92
778.584	-6.23
778.909	10.62
779.233	4.54
779.558	21.39
779.882	-9.97
780.207	-13.02
780.531	0.09
780.856	19.28
781.18	26.07
781.504	3.37
781.828	-11.61
782.153	-1.78
782.477	9.45
782.801	-13.25
783.125	-6.46
783.449	-16.99
783.773	-4.82
784.097	-15.36
784.42	6.88
784.744	-20.97
785.068	23.73
785.392	14.37
785.715	-6.23
786.039	14.37
786.362	-2.02
786.686	18.82
787.009	-17.93
787.333	0.56
787.656	23.5
787.979	-25.89
788.303	4.07
788.626	-13.02
788.949	7.35
789.272	-4.82
789.595	19.75
789.918	28.18
790.241	-5.99
790.564	5.47
790.887	11.33
791.209	14.13
791.532	-7.4
791.855	-2.48
792.178	5.47
792.5	5.94
792.823	12.96
793.145	16.71
793.468	-12.78
793.79	10.86
794.112	5.94
794.435	-9.27
794.757	-15.59
795.079	0.79
795.401	-2.02
795.723	10.86
796.045	-10.21
796.367	-4.36
796.689	9.22
797.011	22.56
797.333	-16.99
797.655	20.92
797.976	-11.85
798.298	20.69
798.62	-26.83
798.941	-3.19
799.263	-12.55
799.584	-16.53
799.906	-16.76
800.227	22.56
800.548	-14.65
800.87	-2.02
801.191	20.92
801.512	13.67
801.833	16.94
802.154	-1.78
802.475	19.52
802.796	-1.31
803.117	-0.14
803.438	15.07
803.759	-13.95
804.08	-15.12
804.4	-4.59
804.721	-12.55
805.042	-17.46
805.362	15.54
805.683	-13.25
806.003	8.05
806.323	-12.08
806.644	8.75
806.964	-5.06
807.284	-3.19
807.605	1.5
807.925	-17.7
808.245	49.01
808.565	-14.89
808.885	-25.89
809.205	7.11
809.525	-9.97
809.845	-10.68
810.164	4.07
810.484	-15.36
810.804	8.75
811.124	17.41
811.443	-11.85
811.763	18.35
812.082	-11.85
812.402	17.65
812.721	3.6
813.04	12.73
813.36	11.33
813.679	-13.95
813.998	-2.02
814.317	20.22
814.636	3.84
814.955	2.9
815.274	22.33
815.593	-6.93
815.912	-6.7
816.231	21.86
816.55	-5.99
816.868	25.6
817.187	-3.19
817.506	-10.91
817.824	9.45
818.143	7.11
818.461	-41.57
818.78	4.54
819.098	8.75
819.416	15.07
819.735	10.62
820.053	25.84
820.371	5.94
820.689	-9.27
821.007	27.48
821.325	-0.38
821.643	-15.59
821.961	-11.61
822.279	-26.83
822.597	-5.99
822.914	8.99
823.232	17.88
823.55	7.81
823.867	-3.65
824.185	-30.8
824.502	4.3
824.82	-5.76
825.137	2.67
825.454	-7.4
825.772	9.22
826.089	-1.08
826.406	0.33
826.723	-2.48
827.04	-16.29
827.357	27.24
827.674	-4.59
827.991	-6.46
828.308	13.2
828.625	11.79
828.942	-33.61
829.258	-8.1
829.575	-11.85
829.892	-14.42
830.208	-4.36
830.525	22.33
830.841	-2.25
831.158	21.62
831.474	-13.02
831.79	6.88
832.106	6.88
832.423	5.01
832.739	-8.8
833.055	5.01
833.371	9.45
833.687	12.26
834.003	1.03
834.319	-1.31
834.635	-18.87
834.95	-18.17
835.266	-10.21
835.582	-5.29
835.897	4.54
836.213	-9.27
836.528	-19.1
836.844	11.56
837.159	-21.91
837.475	-5.29
837.79	-7.4
838.105	36.14
838.42	15.3
838.735	22.56
839.051	-51.4
839.366	23.26
839.681	6.88
839.996	13.43
840.31	15.54
840.625	-7.87
840.94	12.26
841.255	0.33
841.569	10.39
841.884	-2.48
842.199	-0.85
842.513	-9.97
842.828	-8.57
843.142	-11.14
843.456	18.35
843.771	1.26
844.085	4.3
844.399	8.99
844.713	-3.89
845.027	-5.06
845.341	-7.16
845.655	-0.14
845.969	3.6
846.283	9.92
846.597	-1.55
846.911	4.54
847.224	-13.02
847.538	3.13
847.852	-2.95
848.165	-12.08
848.479	23.26
848.792	26.54
849.106	10.86
849.419	4.54
849.732	-6.7
850.046	-5.53
850.359	-0.38
850.672	-1.31
850.985	-12.08
851.298	-13.25
851.611	-19.57
851.924	-14.42
852.237	-2.25
852.55	5.24
852.862	10.86
853.175	8.28
853.488	-4.36
853.8	10.39
854.113	5.24
854.425	4.54
854.738	-19.34
855.05	-17.23
855.363	-4.12
855.675	-15.12
855.987	-22.38
856.299	3.84
856.612	15.07
856.924	7.11
857.236	-35.25
857.548	-26.12
857.859	-2.48
858.171	13.9
858.483	-2.02
858.795	-0.14
859.107	-18.17
859.418	2.67
859.73	-8.1
860.041	-2.25
860.353	-8.8
860.664	2.43
860.976	18.11
861.287	5.01
861.598	9.45
861.91	-0.85
862.221	6.88
862.532	7.35
862.843	-0.85
863.154	-9.74
863.465	16.94
863.776	3.84
864.087	-19.8
864.397	-41.34
864.708	-1.55
865.019	0.09
865.329	-1.31
865.64	-7.16
865.951	-22.85
866.261	-11.38
866.571	14.84
866.882	2.2
867.192	-6.46
867.502	11.33
867.813	15.77
868.123	16.24
868.433	10.39
868.743	-11.14
869.053	-1.08
869.363	-35.25
869.673	10.39
869.982	2.2
870.292	-0.61
870.602	-2.02
870.912	33.33
871.221	23.96
871.531	-3.42
871.84	-6.93
872.15	5.47
872.459	13.67
872.768	7.81
873.078	3.6
873.387	-16.99
873.696	-25.42
874.005	29.82
874.314	-10.44
874.623	10.16
874.932	1.73
875.241	-16.29
875.55	8.52
875.859	-8.57
876.168	-0.61
876.476	1.5
876.785	12.5
877.093	11.56
877.402	18.82
877.71	-3.65
878.019	-10.68
878.327	-1.78
878.636	-11.61
878.944	-21.44
879.252	-23.78
879.56	7.58
879.868	8.28
880.176	4.3
880.484	7.11
880.792	1.5
881.1	-16.53
881.408	14.6
881.716	5.94
882.023	3.37
882.331	13.67
882.639	4.07
882.946	14.13
883.254	-2.25
883.561	0.79
883.868	-9.27
884.176	0.33
884.483	6.18
884.79	12.26
885.097	1.03
885.404	-5.06
885.712	-14.19
886.019	-4.59
886.325	23.03
886.632	5.47
886.939	-20.27
887.246	9.45
887.553	6.18
887.859	6.18
888.166	19.99
888.472	3.13
888.779	-23.31
889.085	-11.14
889.392	-29.17
889.698	-5.99
890.004	21.62
890.311	-0.61
890.617	-3.65
890.923	5.24
891.229	1.26
891.535	42.92
891.841	-25.89
892.147	-5.76
892.453	12.26
892.759	5.47
893.064	-16.06
893.37	6.18
893.676	0.79
893.981	5.01
894.287	-16.06
894.592	-12.55
894.897	-13.95
895.203	21.16
895.508	1.03
895.813	2.9
896.119	6.88
896.424	8.99
896.729	-7.16
897.034	20.45
897.339	12.96
897.644	8.28
897.948	1.03
898.253	6.64
898.558	22.79
898.863	27.01
899.167	-16.76
899.472	9.45
899.776	2.2
900.081	16.24
900.385	13.9
900.69	-11.85
900.994	-29.63
901.298	6.18
901.602	-5.99
901.906	12.73
902.21	-11.85
902.514	2.9
902.818	-7.4
903.122	27.71
903.426	-6.93
903.73	-7.4
904.034	25.6
904.337	3.13
904.641	1.96
904.945	9.22
905.248	31.22
905.552	7.11
905.855	1.03
906.158	13.67
906.462	2.2
906.765	-7.16
907.068	6.18
907.371	23.03
907.674	15.77
907.977	-6.93
908.28	-8.1
908.583	-12.31
908.886	-13.72
909.189	11.79
909.491	-10.44
909.794	3.84
910.097	-0.14
910.399	16.24
910.702	15.77
911.004	-2.95
911.307	-22.85
911.609	-2.72
911.911	20.22
912.213	-12.08
912.516	10.16
912.818	4.54
913.12	-15.36
913.422	-12.31
913.724	-12.78
914.026	1.03
914.327	-4.12
914.629	15.77
914.931	10.39
915.233	16.94
915.534	3.6
915.836	10.86
916.137	-13.72
916.439	-2.72
916.74	-9.51
917.041	-6.23
917.343	-17.7
917.644	2.9
917.945	-2.02
918.246	-9.97
918.547	-31.51
918.848	-13.95
919.149	5.94
919.45	-4.36
919.751	-4.59
920.052	-0.38
920.352	11.33
920.653	-3.19
920.954	9.92
921.254	-2.48
921.555	-12.55
921.855	-8.33
922.155	23.73
922.456	29.82
922.756	1.73
923.056	-22.85
923.356	-19.1
923.656	-6.7
923.956	-2.95
924.256	-3.42
924.556	28.65
924.856	16.24
925.156	5.47
925.456	9.22
925.755	64.46
926.055	3.84
926.355	8.52
926.654	15.3
926.953	-11.14
927.253	-27.29
927.552	-5.53
927.852	5.47
928.151	-5.06
928.45	3.37
928.749	-14.19
929.048	13.9
929.347	3.37
929.646	-6.46
929.945	-19.8
930.244	-9.04
930.543	-22.14
930.841	-2.95
931.14	3.13
931.439	-13.25
931.737	19.99
932.036	-8.57
932.334	-3.19
932.632	4.3
932.931	-2.02
933.229	-13.02
933.527	23.03
933.825	-3.89
934.123	10.16
934.421	-6.93
934.719	-16.53
935.017	10.16
935.315	-1.78
935.613	5.94
935.911	5.01
936.208	8.75
936.506	-4.59
936.804	16.94
937.101	-16.53
937.399	-13.48
937.696	-4.59
937.993	9.22
938.291	-19.8
938.588	-8.1
938.885	10.39
939.182	-8.57
939.479	20.45
939.776	-14.42
940.073	3.6
940.37	-11.61
940.667	-19.8
940.964	3.13
941.26	-13.25
941.557	13.43
941.854	22.56
942.15	-10.68
942.447	-17.7
942.743	22.09
943.039	-16.29
943.336	10.39
943.632	15.77
943.928	16.94
944.224	-5.06
944.52	15.3
944.816	23.5
945.112	29.58
945.408	7.11
945.704	-1.31
946	19.52
946.295	-18.4
946.591	-20.04
946.887	-3.42
947.182	-11.85
947.478	11.79
947.773	-0.61
948.069	31.69
948.364	0.09
948.659	11.09
948.954	-13.25
949.25	4.77
949.545	-12.78
949.84	4.54
950.135	4.3
950.43	21.16
950.724	-7.87
951.019	-16.76
951.314	-10.68
951.609	21.86
951.903	19.99
952.198	-0.61
952.492	-21.91
952.787	27.01
953.081	12.5
953.376	-2.95
953.67	6.41
953.964	0.56
954.258	20.45
954.552	-5.53
954.846	1.96
955.14	19.28
955.434	3.37
955.728	-3.19
956.022	-29.63
956.316	11.56
956.609	2.43
956.903	2.67
957.197	8.75
957.49	-6.23
957.784	-3.65
958.077	-9.27
958.37	5.94
958.664	-44.85
958.957	-21.21
959.25	13.2
959.543	-4.82
959.836	-13.48
960.129	0.79
960.422	5.71
960.715	24.9
961.008	19.05
961.3	8.52
961.593	14.84
961.886	4.3
962.178	12.5
962.471	-6.23
962.763	2.43
963.056	10.39
963.348	14.37
963.64	-8.33
963.933	-28.23
964.225	-12.55
964.517	-26.36
964.809	18.35
965.101	-39.23
965.393	-16.29
965.685	21.86
965.977	6.18
966.268	7.11
966.56	8.28
966.852	-13.48
967.143	-5.06
967.435	-9.74
967.726	-29.87
968.018	32.62
968.309	-13.95
968.6	-16.76
968.891	17.18
969.183	19.05
969.474	-13.02
969.765	17.41
970.056	-13.25
970.347	-14.19
970.638	5.94
970.928	-4.12
971.219	-0.61
971.51	-7.87
971.8	13.67
972.091	-2.25
972.382	5.01
972.672	-17.46
972.962	13.2
973.253	21.62
973.543	11.56
973.833	0.33
974.123	7.11
974.413	-6.46
974.704	-5.76
974.994	-20.97
975.283	-23.31
975.573	-3.65
975.863	-10.68
976.153	-1.08
976.443	-82.53
976.732	6.41
977.022	12.03
977.311	12.03
977.601	18.82
977.89	15.77
978.179	16.94
978.469	-18.17
978.758	8.28
979.047	-1.08
979.336	-7.87
979.625	38.24
979.914	-0.14
980.203	4.3
980.492	9.69
980.781	3.13
981.069	-37.59
981.358	3.37
981.647	-5.99
981.935	18.82
982.224	5.71
982.512	-18.4
982.8	-17.93
983.089	-5.06
983.377	6.88
983.665	-6.7
983.953	1.5
984.241	3.84
984.529	-2.25
984.817	5.01
985.105	-3.19
985.393	14.37
985.681	18.82
985.969	21.86
986.256	-14.19
986.544	-2.48
986.831	-27.76
987.119	18.58
987.406	9.45
987.694	-27.76
987.981	18.11
988.268	24.2
988.555	-24.25
988.842	-4.82
989.129	-14.65
989.416	7.35
989.703	-9.04
989.99	-8.1
990.277	12.26
990.564	-9.97
990.85	-13.72
991.137	-5.29
991.424	10.16
991.71	-11.14
991.997	-31.27
992.283	5.24
992.569	-11.38
992.856	-35.49
993.142	9.22
993.428	24.2
993.714	-15.59
994	-12.08
994.286	4.77
994.572	-18.17
994.858	-2.95
995.144	22.56
995.429	-13.02
995.715	-8.57
996.001	17.65
996.286	-26.12
996.572	-14.19
996.857	15.3
997.142	2.9
997.428	12.26
997.713	-1.08
997.998	12.03
998.283	2.67
998.568	-3.89
998.853	3.84
999.138	2.67
999.423	13.9
999.708	-0.61
999.993	2.43
1000.277	5.47
1000.562	27.48
1000.847	25.13
1001.131	-7.16
1001.415	-20.74
1001.7	7.58
1001.984	34.73
1002.268	-20.74
1002.553	24.67
1002.837	-7.87
1003.121	-3.65
1003.405	21.16
1003.689	8.28
1003.973	-42.27
1004.257	-21.68
1004.54	-10.44
1004.824	8.75
1005.108	6.41
1005.391	3.84
1005.675	24.9
1005.958	-14.65
1006.242	-13.72
1006.525	8.52
1006.808	-11.61
1007.092	-19.57
1007.375	-7.4
1007.658	14.37
1007.941	6.41
1008.224	-15.36
1008.507	19.75
1008.79	17.18
1009.073	5.71
1009.355	-25.65
1009.638	-3.89
1009.921	0.56
1010.203	10.62
1010.486	-14.42
1010.768	-5.29
1011.05	8.99
1011.333	32.39
1011.615	-11.85
1011.897	-30.1
1012.179	-5.99
1012.461	-5.06
1012.743	-5.76
1013.025	18.58
1013.307	-6.7
1013.589	-12.55
1013.871	0.09
1014.152	34.5
1014.434	5.01
1014.716	-9.04
1014.997	5.47
1015.279	9.45
1015.56	-12.31
1015.841	3.37
1016.123	10.86
1016.404	10.16
1016.685	4.54
1016.966	2.2
1017.247	-23.08
1017.528	12.73
1017.809	-16.06
1018.09	-1.55
1018.371	-8.33
1018.651	9.69
1018.932	-27.06
1019.212	16.71
1019.493	4.07
1019.773	-10.21
1020.054	7.11
1020.334	15.54
1020.614	-13.72
1020.895	-13.72
1021.175	-13.72
