340.19	-4.4
340.564	-4.4
340.939	-4.4
341.313	12.69
341.687	-6.03
342.061	8.95
342.436	11.52
342.81	-7.44
343.184	14.8
343.558	-9.54
343.932	7.78
344.306	17.14
344.68	-4.16
345.054	18.31
345.428	-25.23
345.802	4.97
346.176	17.37
346.55	-47.93
346.924	3.33
347.298	-12.59
347.672	22.29
348.046	-4.63
348.419	-4.16
348.793	-1.12
349.167	-1.59
349.54	20.88
349.914	0.52
350.288	-1.59
350.661	7.54
351.035	35.86
351.408	-10.95
351.782	-9.08
352.155	44.29
352.528	7.78
352.902	24.39
353.275	5.44
353.648	13.39
354.022	27.44
354.395	-2.05
354.768	12.46
355.141	26.97
355.515	26.5
355.888	25.1
356.261	1.46
356.634	-13.52
357.007	-6.74
357.38	-8.37
357.753	11.75
358.126	-17.03
358.499	19.48
358.872	-10.71
359.245	25.1
359.617	-0.88
359.99	-14.69
360.363	20.18
360.736	13.39
361.108	40.78
361.481	19.48
361.854	-32.25
362.226	28.61
362.599	9.65
362.971	21.82
363.344	17.84
363.716	-3.93
364.089	15.27
364.461	11.75
364.834	7.54
365.206	18.31
365.578	-7.2
365.951	14.8
366.323	12.69
366.695	0.75
367.067	-2.29
367.439	15.27
367.812	-6.97
368.184	16.2
368.556	4.5
368.928	0.99
369.3	33.29
369.672	20.18
370.044	14.33
370.416	33.99
370.788	4.97
371.159	47.33
371.531	-15.4
371.903	-2.76
372.275	-9.78
372.646	-4.16
373.018	33.05
373.39	14.8
373.761	14.8
374.133	31.42
374.505	-2.29
374.876	24.16
375.248	11.99
375.619	15.97
375.991	8.95
376.362	2.63
376.733	3.8
377.105	6.14
377.476	19.71
377.847	-11.88
378.219	14.8
378.59	16.44
378.961	42.18
379.332	-1.35
379.703	-12.12
380.074	10.58
380.445	14.33
380.816	5.67
381.187	3.8
381.558	3.33
381.929	23.69
382.3	21.35
382.671	-9.54
383.042	-8.14
383.413	17.14
383.784	1.69
384.154	-6.97
384.525	-21.01
384.896	5.67
385.266	8.01
385.637	8.95
386.008	-8.61
386.378	11.05
386.749	2.63
387.119	-12.12
387.49	11.52
387.86	0.75
388.23	26.03
388.601	9.41
388.971	-1.12
389.341	-0.65
389.712	-0.42
390.082	-4.16
390.452	9.65
390.822	5.2
391.192	-2.76
391.562	0.05
391.933	16.44
392.303	17.61
392.673	42.42
393.043	-6.27
393.412	13.39
393.782	-4.4
394.152	-22.65
394.522	21.58
394.892	7.07
395.262	34.93
395.631	2.39
396.001	-5.57
396.371	-0.42
396.74	2.86
397.11	-13.99
397.48	31.88
397.849	13.39
398.219	23.46
398.588	10.58
398.958	4.03
399.327	22.05
399.696	-18.91
400.066	-19.14
400.435	27.2
400.804	-1.35
401.174	21.82
401.543	-0.88
401.912	3.8
402.281	11.52
402.65	-7.67
403.019	32.35
403.389	-6.5
403.758	-14.69
404.127	-7.44
404.496	27.44
404.864	4.26
405.233	19.24
405.602	9.41
405.971	36.1
406.34	11.99
406.709	-24.29
407.077	28.37
407.446	-6.74
407.815	8.01
408.183	6.61
408.552	8.71
408.92	-21.95
409.289	-17.5
409.657	-18.91
410.026	1.22
410.394	23.93
410.763	-16.33
411.131	-1.35
411.499	-5.57
411.868	12.22
412.236	16.2
412.604	11.29
412.972	-5.33
413.341	-6.27
413.709	8.71
414.077	-20.08
414.445	-5.57
414.813	3.56
415.181	-1.12
415.549	22.99
415.917	10.58
416.285	-5.57
416.653	18.54
417.02	16.9
417.388	18.54
417.756	3.56
418.124	0.29
418.491	5.67
418.859	-0.42
419.227	21.12
419.594	-0.65
419.962	1.22
420.329	-7.2
420.697	-13.05
421.064	12.22
421.432	5.44
421.799	36.33
422.167	35.39
422.534	2.86
422.901	-0.88
423.269	13.63
423.636	-27.1
424.003	-8.84
424.37	18.31
424.737	-26.63
425.104	25.1
425.471	4.97
425.838	-12.12
426.205	8.48
426.572	32.35
426.939	7.54
427.306	-6.5
427.673	6.61
428.04	-0.18
428.407	1.69
428.773	15.5
429.14	33.05
429.507	-15.4
429.874	16.2
430.24	2.16
430.607	-13.76
430.973	-11.18
431.34	28.61
431.706	18.07
432.073	33.52
432.439	37.27
432.806	0.99
433.172	-0.65
433.538	-3.93
433.904	12.22
434.271	16.44
434.637	24.16
435.003	24.16
435.369	14.33
435.735	-10.48
436.101	4.03
436.467	21.35
436.834	4.03
437.199	29.31
437.565	-2.29
437.931	19.95
438.297	-20.54
438.663	-27.1
439.029	23.93
439.395	34.46
439.76	11.29
440.126	8.95
440.492	-4.16
440.857	14.33
441.223	3.8
441.588	-4.63
441.954	2.63
442.32	11.75
442.685	14.8
443.05	22.52
443.416	13.86
443.781	31.18
444.146	-10.48
444.512	13.86
444.877	21.82
445.242	-17.5
445.607	9.18
445.973	14.56
446.338	-13.76
446.703	17.61
447.068	19.48
447.433	-12.12
447.798	31.65
448.163	7.78
448.528	26.97
448.892	25.8
449.257	-18.67
449.622	11.29
449.987	-20.31
450.352	-13.52
450.716	-4.63
451.081	13.63
451.446	14.56
451.81	9.88
452.175	-5.1
452.539	-16.1
452.904	17.37
453.268	-19.61
453.633	29.31
453.997	-3.69
454.361	4.73
454.726	-3.93
455.09	41.25
455.454	-3.93
455.818	-8.61
456.183	14.1
456.547	-7.2
456.911	14.56
457.275	4.97
457.639	-7.44
458.003	18.31
458.367	4.26
458.731	8.95
459.095	-18.44
459.459	1.69
459.822	2.63
460.186	6.84
460.55	13.16
460.914	17.37
461.277	35.39
461.641	22.76
462.005	-17.97
462.368	-30.37
462.732	12.92
463.095	4.03
463.459	7.54
463.822	18.07
464.185	8.24
464.549	-19.61
464.912	3.56
465.275	5.44
465.639	8.24
466.002	7.07
466.365	-2.05
466.728	15.5
467.091	9.65
467.454	15.73
467.818	8.24
468.181	6.37
468.543	12.92
468.906	-18.67
469.269	-10.25
469.632	10.58
469.995	-1.35
470.358	21.35
470.721	3.56
471.083	-4.63
471.446	32.35
471.809	8.95
472.171	23.46
472.534	-4.16
472.896	17.37
473.259	-5.1
473.621	14.56
473.984	32.82
474.346	1.46
474.709	-13.99
475.071	6.61
475.433	8.24
475.795	5.2
476.158	21.12
476.52	22.99
476.882	8.24
477.244	12.92
477.606	6.37
477.968	12.69
478.33	24.63
478.692	13.63
479.054	11.75
479.416	-8.14
479.778	-6.03
480.14	3.56
480.502	40.31
480.863	-16.33
481.225	14.1
481.587	32.12
481.948	24.16
482.31	-0.65
482.671	-33.89
483.033	1.69
483.395	9.88
483.756	9.88
484.117	5.9
484.479	30.95
484.84	6.61
485.201	-5.57
485.563	-2.52
485.924	10.35
486.285	-10.25
486.646	19.71
487.008	39.37
487.369	19.01
487.73	19.95
488.091	14.8
488.452	-7.44
488.813	14.33
489.174	0.75
489.534	14.8
489.895	7.07
490.256	4.26
490.617	10.12
490.978	49.2
491.338	45.69
491.699	29.07
492.06	41.48
492.42	15.27
492.781	23.93
493.141	31.18
493.502	35.16
493.862	7.31
494.223	29.31
494.583	35.39
494.943	52.48
495.304	60.2
495.664	34.93
496.024	56.69
496.384	54.59
496.744	76.59
497.105	99.29
497.465	106.78
497.825	112.16
498.185	124.57
498.545	103.04
498.905	144.7
499.264	123.16
499.624	163.89
499.984	168.8
500.344	158.74
500.704	171.15
501.063	210
501.423	210.7
501.783	246.51
502.142	283.72
502.502	297.3
502.861	320
503.221	342
503.58	356.05
503.94	383.9
504.299	418.54
504.658	418.54
505.018	441.01
505.377	498.12
505.736	502.33
506.095	514.5
506.455	557.33
506.814	657.74
507.173	692.85
507.532	725.38
507.891	780.85
508.25	817.37
508.609	874.71
508.968	940.25
509.326	1037.61
509.685	1106.66
510.044	1233.05
510.403	1287.58
510.761	1401.56
511.12	1475.76
511.479	1608
511.837	1667.68
512.196	1735.09
512.554	1892.61
512.913	1978.74
513.271	2098.81
513.63	2165.52
513.988	2247.9
514.346	2341.29
514.705	2370.78
515.063	2502.79
515.421	2552.64
515.779	2554.28
516.138	2639.71
516.496	2656.79
516.854	2697.75
517.212	2704.31
517.57	2754.16
517.928	2760.95
518.286	2735.44
518.643	2768.2
519.001	2796.52
519.359	2777.33
519.717	2781.54
520.075	2756.73
520.432	2785.29
520.79	2783.42
521.148	2753.93
521.505	2728.18
521.863	2752.99
522.22	2759.78
522.578	2720.69
522.935	2714.84
523.292	2697.05
523.65	2713.67
524.007	2624.03
524.364	2637.37
524.722	2599.45
525.079	2565.75
525.436	2554.98
525.793	2493.42
526.15	2467.68
526.507	2425.78
526.864	2401.21
527.221	2317.42
527.578	2323.74
527.935	2285.35
528.292	2228.01
528.649	2186.11
529.005	2187.52
529.362	2115.9
529.719	2086.17
530.076	2100.92
530.432	2034.45
530.789	1996.06
531.145	1948.31
531.502	1890.74
531.858	1855.63
532.215	1816.78
532.571	1781.67
532.928	1733.22
533.284	1660.66
533.64	1623.68
533.996	1585.76
534.353	1598.64
534.709	1546.91
535.065	1494.02
535.421	1444.86
535.777	1432.69
536.133	1423.1
536.489	1395.01
536.845	1344.22
537.201	1299.52
537.557	1266.52
537.912	1231.41
538.268	1208.47
538.624	1190.45
538.98	1171.49
539.335	1108.3
539.691	1109
540.047	1064.76
540.402	1012.57
540.758	1026.14
541.113	961.78
541.469	910.52
541.824	938.61
542.179	888.99
542.535	915.67
542.89	886.65
543.245	848.73
543.6	861.14
543.955	778.28
544.311	730.3
544.666	728.66
545.021	702.91
545.376	701.28
545.731	630.36
546.086	655.17
546.44	646.74
546.795	621.93
547.15	584.95
547.505	576.53
547.86	571.84
548.214	548.91
548.569	502.1
548.924	510.29
549.278	508.18
549.633	455.52
549.987	452.71
550.342	457.63
550.696	453.88
551.05	403.79
551.405	416.2
551.759	370.09
552.113	396.07
552.468	379.69
552.822	365.64
553.176	346.69
553.53	325.39
553.884	340.13
554.238	331.94
554.592	316.02
554.946	297.3
555.3	286.77
555.654	283.72
556.008	282.79
556.361	224.98
556.715	214.45
557.069	246.74
557.423	227.55
557.776	237.15
558.13	218.66
558.483	190.1
558.837	170.91
559.19	183.78
559.544	173.49
559.897	201.57
560.251	180.51
560.604	210.93
560.957	182.85
561.31	177.46
561.664	169.97
562.017	157.1
562.37	157.57
562.723	173.25
563.076	166
563.429	176.29
563.782	132.06
564.135	128.78
564.488	143.76
564.841	145.17
565.193	111.7
565.546	137.44
565.899	106.31
566.252	141.42
566.604	113.8
566.957	122.93
567.309	109.36
567.662	88.99
568.014	134.4
568.367	118.95
568.719	83.61
569.072	86.18
569.424	82.2
569.776	89.46
570.129	65.12
570.481	100.46
570.833	62.08
571.185	71.67
571.537	102.1
571.889	63.48
572.241	72.14
572.593	56.69
572.945	65.35
573.297	74.25
573.649	39.84
574.001	72.37
574.352	51.54
574.704	94.61
575.056	63.48
575.407	52.95
575.759	67.46
576.111	74.95
576.462	54.35
576.814	75.42
577.165	63.01
577.516	49.91
577.868	58.57
578.219	49.2
578.57	33.29
578.922	67.69
579.273	92.74
579.624	78.23
579.975	66.29
580.326	49.44
580.677	71.2
581.028	39.14
581.379	57.16
581.73	63.25
582.081	48.5
582.432	59.97
582.783	70.27
583.133	52.25
583.484	36.33
583.835	50.84
584.185	14.56
584.536	52.48
584.886	70.97
585.237	67.46
585.587	24.63
585.938	45.93
586.288	31.42
586.639	46.39
586.989	32.12
587.339	34.93
587.689	42.42
588.04	36.33
588.39	17.14
588.74	10.58
589.09	35.16
589.44	22.05
589.79	41.48
590.14	11.29
590.49	25.1
590.84	23.69
591.189	57.16
591.539	37.5
591.889	23.69
592.239	5.44
592.588	43.82
592.938	44.05
593.287	46.63
593.637	43.12
593.987	48.74
594.336	43.82
594.685	21.58
595.035	36.56
595.384	48.03
595.733	42.18
596.083	40.08
596.432	20.88
596.781	0.99
597.13	33.52
597.479	35.86
597.828	24.63
598.177	31.42
598.526	37.27
598.875	16.9
599.224	34.22
599.573	29.07
599.922	4.26
600.27	59.5
600.619	17.37
600.968	15.03
601.316	22.05
601.665	43.12
602.013	12.22
602.362	38.9
602.71	22.99
603.059	3.8
603.407	20.41
603.756	20.65
604.104	-5.1
604.452	24.63
604.8	29.78
605.148	31.42
605.497	13.16
605.845	-34.59
606.193	2.63
606.541	4.5
606.889	20.18
607.237	24.86
607.584	14.56
607.932	16.67
608.28	6.61
608.628	17.37
608.976	32.12
609.323	-7.67
609.671	10.35
610.018	18.78
610.366	-2.99
610.713	21.58
611.061	16.9
611.408	17.37
611.756	22.05
612.103	6.84
612.45	-16.57
612.798	26.73
613.145	-11.65
613.492	7.78
613.839	5.2
614.186	4.03
614.533	44.29
614.88	4.5
615.227	-0.42
615.574	-12.59
615.921	22.52
616.268	14.1
616.615	5.2
616.961	-32.95
617.308	0.99
617.655	27.44
618.001	0.29
618.348	29.54
618.695	12.22
619.041	15.27
619.387	8.24
619.734	-36.23
620.08	-2.05
620.427	8.24
620.773	23.46
621.119	30.24
621.465	17.37
621.811	31.65
622.158	5.67
622.504	16.67
622.85	32.59
623.196	-3.22
623.542	-30.61
623.888	9.88
624.233	-1.82
624.579	-11.65
624.925	-6.5
625.271	-17.97
625.616	5.9
625.962	-5.33
626.308	31.18
626.653	12.92
626.999	23.93
627.344	4.73
627.69	9.65
628.035	23.22
628.38	23.46
628.726	1.22
629.071	15.27
629.416	-2.05
629.761	4.97
630.107	0.52
630.452	0.29
630.797	17.84
631.142	4.73
631.487	27.9
631.832	1.22
632.176	8.71
632.521	8.01
632.866	20.18
633.211	6.84
633.556	5.2
633.9	-3.22
634.245	1.92
634.589	19.71
634.934	13.86
635.278	9.65
635.623	-2.99
635.967	5.67
636.312	18.31
636.656	-5.57
637	14.33
637.345	8.71
637.689	11.99
638.033	3.33
638.377	42.18
638.721	19.48
639.065	-14.23
639.409	-6.5
639.753	-8.84
640.097	-6.74
640.441	4.97
640.785	0.99
641.128	30.48
641.472	-13.99
641.816	11.05
642.159	25.56
642.503	13.39
642.847	23.22
643.19	2.16
643.534	-8.84
643.877	-17.5
644.22	7.54
644.564	3.09
644.907	-1.35
645.25	-8.84
645.593	33.05
645.937	-3.46
646.28	13.39
646.623	-5.33
646.966	-6.97
647.309	-2.29
647.652	13.86
647.995	7.31
648.337	34.22
648.68	1.69
649.023	46.39
649.366	8.24
649.708	0.05
650.051	1.46
650.394	4.03
650.736	-0.18
651.079	-14.93
651.421	47.56
651.764	10.82
652.106	22.99
652.448	-4.4
652.791	8.24
653.133	12.22
653.475	2.63
653.817	5.67
654.159	-1.59
654.501	7.07
654.843	4.03
655.185	24.63
655.527	-20.31
655.869	7.07
656.211	-2.05
656.553	-11.18
656.895	10.35
657.236	-15.16
657.578	-8.84
657.92	37.73
658.261	29.54
658.603	24.63
658.944	40.78
659.286	-9.08
659.627	18.54
659.969	5.67
660.31	-21.71
660.651	-10.95
660.993	-7.44
661.334	-1.82
661.675	15.73
662.016	-18.44
662.357	12.22
662.698	9.65
663.039	-14.69
663.38	0.75
663.721	-25.23
664.062	7.78
664.402	6.61
664.743	-7.44
665.084	42.18
665.425	20.88
665.765	-11.42
666.106	35.39
666.446	-14.69
666.787	20.88
667.127	-7.2
667.468	30.71
667.808	25.8
668.148	20.65
668.489	11.75
668.829	-4.86
669.169	31.42
669.509	-6.97
669.849	10.12
670.189	19.95
670.529	-9.54
670.869	11.52
671.209	29.07
671.549	19.71
671.889	-17.27
672.229	22.76
672.568	15.97
672.908	6.84
673.248	17.14
673.587	11.99
673.927	8.01
674.266	-0.42
674.606	33.76
674.945	19.95
675.285	20.65
675.624	29.07
675.963	73.08
676.302	26.97
676.642	2.63
676.981	2.86
677.32	-11.42
677.659	-10.25
677.998	16.67
678.337	14.1
678.676	11.52
679.015	7.78
679.354	9.18
679.692	14.33
680.031	-7.2
680.37	-30.14
680.708	15.03
681.047	-6.03
681.386	4.73
681.724	32.35
682.063	-17.74
682.401	41.48
682.739	-1.82
683.078	19.71
683.416	2.16
683.754	-5.33
684.093	-12.59
684.431	31.42
684.769	-2.76
685.107	4.97
685.445	19.24
685.783	-13.29
686.121	16.67
686.459	8.71
686.797	24.39
687.134	11.52
687.472	15.5
687.81	-12.12
688.148	11.75
688.485	8.24
688.823	10.82
689.16	12.92
689.498	6.14
689.835	-11.18
690.173	15.5
690.51	-9.78
690.847	-6.5
691.185	-16.57
691.522	2.63
691.859	23.69
692.196	4.03
692.533	-13.52
692.87	-13.29
693.207	-2.76
693.544	-22.18
693.881	-20.54
694.218	8.01
694.555	6.37
694.891	-27.33
695.228	5.44
695.565	15.27
695.901	6.14
696.238	22.99
696.574	15.03
696.911	26.03
697.247	6.37
697.584	25.56
697.92	15.5
698.256	21.82
698.593	8.24
698.929	-0.65
699.265	7.78
699.601	25.56
699.937	4.26
700.273	22.52
700.609	11.29
700.945	3.33
701.281	-6.97
701.617	-4.4
701.953	23.93
702.288	1.46
702.624	22.05
702.96	-12.12
703.295	3.09
703.631	-2.29
703.966	4.97
704.302	19.71
704.637	19.01
704.973	7.54
705.308	-19.37
705.643	-22.65
705.979	27.9
706.314	11.05
706.649	17.37
706.984	1.69
707.319	8.48
707.654	-15.16
707.989	3.56
708.324	-0.42
708.659	31.65
708.994	37.97
709.329	5.9
709.663	-3.69
709.998	-33.18
710.333	5.9
710.667	-4.86
711.002	-13.76
711.336	-9.31
711.671	16.67
712.005	31.88
712.34	-6.97
712.674	8.48
713.008	-10.25
713.342	5.9
713.677	0.99
714.011	-8.14
714.345	-0.42
714.679	29.07
715.013	30.95
715.347	12.69
715.681	18.31
716.014	4.03
716.348	10.82
716.682	7.31
717.016	-22.65
717.349	24.39
717.683	45.69
718.017	1.92
718.35	2.86
718.684	18.78
719.017	11.05
719.35	5.67
719.684	35.63
720.017	9.18
720.35	4.03
720.684	5.2
721.017	15.5
721.35	3.09
721.683	1.69
722.016	24.16
722.349	-20.08
722.682	14.56
723.015	11.29
723.347	22.52
723.68	-1.82
724.013	14.33
724.346	23.46
724.678	0.52
725.011	0.99
725.343	17.61
725.676	7.31
726.008	-13.05
726.341	-9.31
726.673	25.33
727.005	24.86
727.338	-13.76
727.67	-6.97
728.002	-11.18
728.334	20.65
728.666	8.48
728.998	18.31
729.33	21.58
729.662	22.76
729.994	4.03
730.326	8.24
730.658	-8.61
730.989	10.58
731.321	20.18
731.653	17.37
731.984	-6.74
732.316	-5.57
732.647	8.71
732.979	15.5
733.31	-17.5
733.642	6.14
733.973	-25.93
734.304	-23.35
734.636	-14.46
734.967	5.44
735.298	30.71
735.629	0.29
735.96	7.07
736.291	2.86
736.622	-21.01
736.953	-18.2
737.284	25.33
737.614	19.95
737.945	9.18
738.276	-13.52
738.606	15.03
738.937	2.86
739.268	13.16
739.598	-19.84
739.929	-24.06
740.259	27.44
740.589	10.12
740.92	20.65
741.25	10.12
741.58	-7.67
741.91	-16.1
742.24	17.84
742.571	-10.95
742.901	5.2
743.231	32.59
743.561	1.69
743.89	2.39
744.22	-4.4
744.55	-1.82
744.88	0.75
745.209	3.09
745.539	15.5
745.869	13.39
746.198	-4.63
746.528	2.63
746.857	3.33
747.187	18.54
747.516	-10.48
747.845	-10.01
748.175	19.01
748.504	4.03
748.833	-30.37
749.162	7.31
749.491	22.29
749.82	34.93
750.149	13.39
750.478	4.5
750.807	-11.18
751.136	-11.88
751.465	2.86
751.793	-4.4
752.122	9.88
752.451	0.52
752.779	10.35
753.108	2.16
753.436	15.27
753.765	19.01
754.093	-5.33
754.421	19.01
754.75	-0.65
755.078	-19.84
755.406	-7.91
755.734	7.07
756.062	-3.22
756.391	4.97
756.719	-11.88
757.046	16.67
757.374	-21.01
757.702	3.8
758.03	-2.29
758.358	-14.69
758.686	-4.86
759.013	-12.82
759.341	4.26
759.668	-3.69
759.996	15.5
760.323	17.14
760.651	33.29
760.978	7.07
761.306	14.1
761.633	15.97
761.96	-10.01
762.287	29.07
762.614	6.84
762.941	13.39
763.268	-9.78
763.595	0.99
763.922	-5.8
764.249	-13.52
764.576	-10.48
764.903	-37.16
765.23	21.35
765.556	20.18
765.883	-7.44
766.21	-18.67
766.536	11.29
766.863	11.52
767.189	22.76
767.516	10.35
767.842	12.69
768.168	-1.35
768.494	10.35
768.821	32.59
769.147	-11.42
769.473	6.37
769.799	46.16
770.125	-10.25
770.451	11.99
770.777	8.71
771.103	3.8
771.429	28.14
771.754	1.22
772.08	5.9
772.406	33.05
772.731	-13.76
773.057	19.24
773.382	40.08
773.708	-2.52
774.033	28.61
774.359	-5.57
774.684	31.65
775.009	5.2
775.334	-3.22
775.66	17.14
775.985	-0.18
776.31	-5.33
776.635	11.52
776.96	16.67
777.285	-0.42
777.61	-0.42
777.934	14.1
778.259	-0.42
778.584	-27.33
778.909	14.33
779.233	-20.78
779.558	-6.03
779.882	-7.67
780.207	1.46
780.531	5.9
780.856	12.46
781.18	23.69
781.504	21.58
781.828	-2.99
782.153	5.9
782.477	12.69
782.801	5.67
783.125	10.12
783.449	-5.33
783.773	26.73
784.097	-6.03
784.42	-2.29
784.744	7.78
785.068	14.8
785.392	-12.35
785.715	20.88
786.039	30.01
786.362	11.05
786.686	1.69
787.009	0.29
787.333	2.39
787.656	11.05
787.979	5.2
788.303	12.22
788.626	-13.29
788.949	8.48
789.272	15.03
789.595	-3.46
789.918	2.16
790.241	-4.16
790.564	-2.05
790.887	14.1
791.209	11.52
791.532	5.67
791.855	12.92
792.178	16.2
792.5	34.22
792.823	3.8
793.145	11.99
793.468	-7.67
793.79	9.18
794.112	39.14
794.435	-4.16
794.757	17.61
795.079	7.31
795.401	-4.63
795.723	15.03
796.045	7.07
796.367	-9.78
796.689	4.73
797.011	5.67
797.333	-12.82
797.655	34.69
797.976	12.69
798.298	13.86
798.62	-10.71
798.941	-9.08
799.263	-23.12
799.584	8.01
799.906	-19.84
800.227	-15.16
800.548	8.95
800.87	-6.97
801.191	20.18
801.512	3.56
801.833	40.08
802.154	-17.27
802.475	3.56
802.796	23.46
803.117	-3.93
803.438	11.29
803.759	-13.76
804.08	-12.82
804.4	-13.52
804.721	-9.08
805.042	2.63
805.362	-8.37
805.683	-12.59
806.003	7.07
806.323	2.39
806.644	8.95
806.964	-6.03
807.284	7.07
807.605	23.69
807.925	3.8
808.245	48.03
808.565	3.56
808.885	-15.4
809.205	20.18
809.525	-21.25
809.845	19.01
810.164	-1.35
810.484	22.76
810.804	20.88
811.124	10.35
811.443	21.82
811.763	9.65
812.082	-3.46
812.402	61.84
812.721	3.09
813.04	-1.35
813.36	4.26
813.679	0.99
813.998	16.2
814.317	20.88
814.636	-6.5
814.955	15.03
815.274	11.99
815.593	4.26
815.912	-16.1
816.231	40.54
816.55	-4.4
816.868	21.82
817.187	-4.86
817.506	-18.2
817.824	15.27
818.143	-3.22
818.461	-45.82
818.78	-3.93
819.098	-7.91
819.416	0.99
819.735	17.14
820.053	37.5
820.371	17.61
820.689	-2.29
821.007	23.93
821.325	28.84
821.643	-1.59
821.961	5.67
822.279	-27.8
822.597	10.82
822.914	30.48
823.232	15.03
823.55	16.2
823.867	17.14
824.185	-33.42
824.502	12.22
824.82	0.29
825.137	-1.12
825.454	11.29
825.772	16.9
826.089	8.95
826.406	28.61
826.723	10.12
827.04	-2.05
827.357	36.1
827.674	-5.33
827.991	8.95
828.308	37.03
828.625	-13.05
828.942	-20.08
829.258	-0.42
829.575	29.31
829.892	1.92
830.208	-1.35
830.525	24.16
830.841	11.29
831.158	19.01
831.474	-3.46
831.79	-11.42
832.106	-17.27
832.423	-21.48
832.739	-1.59
833.055	1.22
833.371	0.29
833.687	10.12
834.003	15.5
834.319	0.05
834.635	-2.05
834.95	-2.99
835.266	7.31
835.582	16.67
835.897	1.46
836.213	10.35
836.528	-4.86
836.844	16.44
837.159	-12.12
837.475	-2.05
837.79	5.44
838.105	29.78
838.42	18.78
838.735	21.82
839.051	-27.33
839.366	28.37
839.681	-0.18
839.996	1.46
840.31	18.54
840.625	26.5
840.94	28.84
841.255	4.03
841.569	12.22
841.884	4.97
842.199	11.52
842.513	-3.93
842.828	0.05
843.142	12.46
843.456	14.33
843.771	1.46
844.085	5.44
844.399	-1.59
844.713	33.76
845.027	1.22
845.341	21.82
845.655	32.35
845.969	-0.42
846.283	-14.69
846.597	6.84
846.911	3.8
847.224	21.12
847.538	-17.74
847.852	9.88
848.165	-16.8
848.479	22.99
848.792	21.58
849.106	20.41
849.419	10.35
849.732	29.78
850.046	11.75
850.359	24.86
850.672	12.46
850.985	26.03
851.298	10.82
851.611	3.09
851.924	-4.86
852.237	-7.2
852.55	4.97
852.862	17.14
853.175	-16.1
853.488	-9.08
853.8	48.5
854.113	15.73
854.425	26.5
854.738	10.35
855.05	-18.2
855.363	7.78
855.675	-12.82
855.987	-5.1
856.299	14.8
856.612	20.18
856.924	25.33
857.236	-2.29
857.548	15.5
857.859	-46.06
858.171	1.46
858.483	15.27
858.795	-9.08
859.107	-10.01
859.418	25.33
859.73	10.35
860.041	12.22
860.353	6.14
860.664	3.33
860.976	12.22
861.287	23.69
861.598	30.01
861.91	-8.14
862.221	23.93
862.532	11.99
862.843	11.99
863.154	-28.27
863.465	12.92
863.776	-0.65
864.087	-11.18
864.397	0.99
864.708	21.58
865.019	-0.65
865.329	0.52
865.64	26.5
865.951	11.75
866.261	26.27
866.571	30.95
866.882	-2.52
867.192	-9.78
867.502	10.35
867.813	-10.48
868.123	45.22
868.433	14.56
868.743	-16.33
869.053	-3.93
869.363	-15.16
869.673	11.99
869.982	4.73
870.292	-7.67
870.602	15.73
870.912	30.95
871.221	17.84
871.531	6.61
871.84	-14.69
872.15	5.67
872.459	26.27
872.768	30.71
873.078	1.46
873.387	4.03
873.696	-14.93
874.005	22.99
874.314	11.52
874.623	-7.44
874.932	12.69
875.241	5.44
875.55	8.48
875.859	-0.88
876.168	8.71
876.476	-4.86
876.785	11.99
877.093	0.75
877.402	36.8
877.71	-0.18
878.019	-17.74
878.327	-25.69
878.636	-20.31
878.944	-24.52
879.252	-6.97
879.56	2.63
879.868	6.61
880.176	26.97
880.484	9.41
880.792	20.41
881.1	-5.1
881.408	33.05
881.716	22.05
882.023	16.44
882.331	6.84
882.639	17.14
882.946	22.76
883.254	22.05
883.561	21.82
883.868	-6.5
884.176	3.56
884.483	16.44
884.79	23.93
885.097	12.69
885.404	-3.93
885.712	-7.91
886.019	17.14
886.325	2.86
886.632	3.09
886.939	-24.52
887.246	18.54
887.553	12.22
887.859	8.48
888.166	18.07
888.472	6.84
888.779	6.37
889.085	5.67
889.392	-16.33
889.698	17.37
890.004	32.82
890.311	6.37
890.617	-9.54
890.923	44.05
891.229	9.88
891.535	3.8
891.841	-8.61
892.147	-6.74
892.453	2.16
892.759	6.84
893.064	7.54
893.37	-3.46
893.676	7.31
893.981	16.2
894.287	5.44
894.592	21.12
894.897	18.54
895.203	30.01
895.508	-5.57
895.813	9.65
896.119	-1.59
896.424	-5.8
896.729	-5.1
897.034	26.73
897.339	24.63
897.644	7.31
897.948	27.44
898.253	1.69
898.558	12.46
898.863	36.8
899.167	12.46
899.472	8.48
899.776	23.22
900.081	32.12
900.385	23.69
900.69	-18.67
900.994	-20.54
901.298	10.12
901.602	8.95
901.906	-3.69
902.21	27.44
902.514	25.56
902.818	23.93
903.122	14.56
903.426	13.63
903.73	-22.42
904.034	32.35
904.337	24.16
904.641	-13.29
904.945	12.22
905.248	18.31
905.552	23.22
905.855	2.63
906.158	15.5
906.462	11.05
906.765	13.39
907.068	12.92
907.371	9.65
907.674	14.1
907.977	-4.63
908.28	-5.57
908.583	-3.46
908.886	8.71
909.189	-3.46
909.491	-16.1
909.794	9.41
910.097	3.33
910.399	26.73
910.702	41.95
911.004	19.01
911.307	5.9
911.609	4.5
911.911	22.52
912.213	-9.78
912.516	21.12
912.818	21.12
913.12	29.78
913.422	15.03
913.724	-3.46
914.026	12.92
914.327	-0.88
914.629	17.37
914.931	13.86
915.233	-2.05
915.534	18.54
915.836	15.97
916.137	-24.76
916.439	1.92
916.74	-2.76
917.041	-18.91
917.343	7.54
917.644	6.61
917.945	26.27
918.246	-10.95
918.547	-28.97
918.848	-18.91
919.149	-1.12
919.45	-9.78
919.751	6.61
920.052	-16.57
920.352	-0.65
920.653	-4.16
920.954	-0.88
921.254	6.61
921.555	-2.05
921.855	-36.69
922.155	16.2
922.456	19.01
922.756	-19.14
923.056	-20.54
923.356	-1.59
923.656	23.22
923.956	8.01
924.256	-4.63
924.556	4.73
924.856	-4.16
925.156	12.46
925.456	11.75
925.755	63.01
926.055	13.86
926.355	8.48
926.654	-11.18
926.953	-11.42
927.253	-13.29
927.552	-18.91
927.852	-3.69
928.151	17.61
928.45	9.18
928.749	-0.65
929.048	-4.4
929.347	-0.42
929.646	7.78
929.945	8.71
930.244	-6.27
930.543	-9.78
930.841	17.37
931.14	16.67
931.439	1.69
931.737	6.14
932.036	24.86
932.334	-1.12
932.632	9.65
932.931	-7.44
933.229	-4.63
933.527	29.54
933.825	29.31
934.123	-3.69
934.421	15.03
934.719	-12.82
935.017	14.8
935.315	3.33
935.613	15.73
935.911	10.82
936.208	14.8
936.506	-2.99
936.804	2.63
937.101	-3.22
937.399	14.1
937.696	4.03
937.993	14.33
938.291	7.54
938.588	8.71
938.885	22.29
939.182	-13.52
939.479	22.99
939.776	6.84
940.073	15.5
940.37	4.5
940.667	-2.99
940.964	14.1
941.26	-0.42
941.557	14.8
941.854	11.05
942.15	-6.97
942.447	-1.59
942.743	26.73
943.039	1.22
943.336	-0.18
943.632	37.27
943.928	0.75
944.224	23.93
944.52	28.61
944.816	35.39
945.112	37.27
945.408	28.37
945.704	14.1
946	24.63
946.295	-11.42
946.591	12.69
946.887	13.16
947.182	-11.88
947.478	29.31
947.773	-11.88
948.069	16.44
948.364	27.9
948.659	36.56
948.954	-2.05
949.25	18.31
949.545	-5.1
949.84	-15.4
950.135	18.31
950.43	31.65
950.724	-7.44
951.019	14.33
951.314	-17.03
951.609	9.88
951.903	26.5
952.198	11.05
952.492	-2.76
952.787	30.48
953.081	17.37
953.376	6.37
953.67	41.25
953.964	14.33
954.258	22.05
954.552	-3.93
954.846	10.82
955.14	-8.14
955.434	-17.5
955.728	2.86
956.022	22.05
956.316	-16.33
956.609	15.27
956.903	17.37
957.197	23.22
957.49	-0.42
957.784	-2.52
958.077	-13.29
958.37	9.41
958.664	-20.54
958.957	9.18
959.25	16.44
959.543	7.07
959.836	-11.65
960.129	-0.42
960.422	6.14
960.715	8.48
961.008	7.07
961.3	25.33
961.593	22.29
961.886	18.31
962.178	7.54
962.471	19.24
962.763	3.09
963.056	18.07
963.348	-21.95
963.64	-2.29
963.933	-5.33
964.225	-0.42
964.517	-9.08
964.809	0.75
965.101	-19.14
965.393	-33.42
965.685	41.71
965.977	19.24
966.268	8.24
966.56	20.18
966.852	1.22
967.143	-12.12
967.435	-13.29
967.726	-21.71
968.018	-2.05
968.309	5.9
968.6	25.8
968.891	5.2
969.183	47.8
969.474	2.16
969.765	31.18
970.056	11.29
970.347	-4.16
970.638	12.92
970.928	4.26
971.219	-0.88
971.51	13.16
971.8	-3.22
972.091	-23.12
972.382	22.99
972.672	7.54
972.962	5.44
973.253	3.8
973.543	15.27
973.833	6.61
974.123	1.92
974.413	12.69
974.704	-17.5
974.994	-13.05
975.283	5.67
975.573	6.37
975.863	12.22
976.153	-12.59
976.443	-59.16
976.732	0.75
977.022	15.97
977.311	18.07
977.601	24.39
977.89	31.65
978.179	11.05
978.469	0.05
978.758	0.75
979.047	15.73
979.336	22.29
979.625	31.18
979.914	0.52
980.203	17.61
980.492	13.16
980.781	23.69
981.069	-17.03
981.358	-0.65
981.647	-13.05
981.935	14.33
982.224	2.86
982.512	14.33
982.8	-3.69
983.089	33.76
983.377	9.88
983.665	4.73
983.953	21.82
984.241	-12.59
984.529	-10.48
984.817	20.88
985.105	2.16
985.393	24.63
985.681	10.82
985.969	11.05
986.256	4.03
986.544	17.14
986.831	-0.42
987.119	-3.46
987.406	-4.63
987.694	2.39
987.981	7.78
988.268	17.61
988.555	-5.57
988.842	2.16
989.129	9.88
989.416	16.2
989.703	22.76
989.99	31.65
990.277	33.52
990.564	26.03
990.85	18.31
991.137	8.01
991.424	18.78
991.71	-10.71
991.997	-11.88
992.283	3.8
992.569	3.33
992.856	-16.33
993.142	18.07
993.428	2.16
993.714	-10.48
994	-37.63
994.286	6.61
994.572	2.16
994.858	19.01
995.144	5.67
995.429	-7.67
995.715	-6.03
996.001	16.44
996.286	-19.61
996.572	6.61
996.857	0.75
997.142	15.73
997.428	4.97
997.713	-6.5
997.998	9.18
998.283	1.46
998.568	-6.97
998.853	19.24
999.138	-12.35
999.423	12.69
999.708	4.03
999.993	29.31
1000.277	7.31
1000.562	8.01
1000.847	28.37
1001.131	23.46
1001.415	12.22
1001.7	8.48
1001.984	30.24
1002.268	36.8
1002.553	41.48
1002.837	10.58
1003.121	-8.37
1003.405	22.52
1003.689	19.48
1003.973	-33.65
1004.257	13.39
1004.54	3.8
1004.824	1.46
1005.108	-14.46
1005.391	0.75
1005.675	34.93
1005.958	-4.16
1006.242	12.92
1006.525	9.18
1006.808	-34.82
1007.092	-8.37
1007.375	17.61
1007.658	29.54
1007.941	12.92
1008.224	-14.46
1008.507	0.29
1008.79	27.9
1009.073	29.31
1009.355	-4.16
1009.638	-1.59
1009.921	-17.27
1010.203	-9.08
1010.486	-1.82
1010.768	8.95
1011.05	-2.29
1011.333	31.42
1011.615	3.33
1011.897	8.95
1012.179	2.39
1012.461	8.01
1012.743	17.37
1013.025	16.2
1013.307	-0.88
1013.589	24.39
1013.871	4.5
1014.152	24.63
1014.434	7.07
1014.716	15.27
1014.997	-30.37
1015.279	-2.05
1015.56	-13.99
1015.841	8.48
1016.123	2.39
1016.404	6.61
1016.685	-9.54
1016.966	-9.31
1017.247	-33.18
1017.528	2.16
1017.809	6.37
1018.09	-7.44
1018.371	4.5
1018.651	10.82
1018.932	-16.57
1019.212	14.1
1019.493	9.65
1019.773	14.1
1020.054	4.03
1020.334	8.01
1020.614	-0.42
1020.895	-0.42
1021.175	-0.42
