340.19	12.44
340.564	12.44
340.939	12.44
341.313	0.74
341.687	-4.17
342.061	-3
342.436	6.36
342.81	-15.88
343.184	2.15
343.558	-3.71
343.932	23.68
344.306	0.51
344.68	8.93
345.054	17.36
345.428	-4.17
345.802	16.89
346.176	-6.05
346.55	-76.96
346.924	-4.17
347.298	0.04
347.672	-1.83
348.046	-7.68
348.419	-17.75
348.793	-7.45
349.167	-23.37
349.54	12.68
349.914	-9.79
350.288	-17.75
350.661	-10.49
351.035	-1.83
351.408	-29.92
351.782	0.27
352.155	8.7
352.528	-15.64
352.902	0.51
353.275	-1.83
353.648	11.51
354.022	7.53
354.395	17.59
354.768	-16.81
355.141	-8.62
355.515	4.49
355.888	17.83
356.261	-23.6
356.634	-36.94
357.007	-0.66
357.38	-39.75
357.753	-13.07
358.126	0.98
358.499	-8.62
358.872	-15.41
359.245	11.74
359.617	1.44
359.99	-16.34
360.363	-2.3
360.736	-3
361.108	0.98
361.481	-6.51
361.854	-25.24
362.226	-1.6
362.599	9.64
362.971	-3.94
363.344	43.57
363.716	-15.17
364.089	0.98
364.461	20.17
364.834	0.27
365.206	-5.81
365.578	-7.22
365.951	-1.37
366.323	8.23
366.695	25.08
367.067	17.83
367.439	4.95
367.812	-10.26
368.184	-6.05
368.556	-5.58
368.928	4.02
369.3	-0.66
369.672	1.91
370.044	-16.11
370.416	-9.32
370.788	-6.51
371.159	21.57
371.531	-36.01
371.903	-12.83
372.275	-2.77
372.646	-15.17
373.018	0.04
373.39	24.61
373.761	3.08
374.133	26.72
374.505	-13.3
374.876	0.27
375.248	-34.83
375.619	9.17
375.991	-9.09
376.362	11.27
376.733	-9.09
377.105	6.83
377.476	4.02
377.847	-11.9
378.219	3.55
378.59	12.21
378.961	27.42
379.332	-6.05
379.703	-1.6
380.074	20.4
380.445	16.19
380.816	-15.17
381.187	0.98
381.558	9.17
381.929	14.32
382.3	-6.75
382.671	6.83
383.042	-9.09
383.413	-1.83
383.784	-42.32
384.154	-7.45
384.525	3.78
384.896	-8.86
385.266	23.91
385.637	-15.64
386.008	-9.79
386.378	2.38
386.749	3.32
387.119	-19.86
387.49	7.76
387.86	-15.17
388.23	-11.43
388.601	3.08
388.971	-6.98
389.341	-28.05
389.712	2.38
390.082	-4.17
390.452	-30.62
390.822	-27.11
391.192	11.04
391.562	10.81
391.933	-16.58
392.303	-4.64
392.673	4.02
393.043	-14.71
393.412	0.04
393.782	-12.83
394.152	-2.07
394.522	19.7
394.892	2.85
395.262	13.61
395.631	12.44
396.001	-23.83
396.371	-14.24
396.74	-10.26
397.11	-12.37
397.48	0.04
397.849	17.83
398.219	8.93
398.588	6.36
398.958	-19.39
399.327	-2.07
399.696	-23.83
400.066	-1.6
400.435	10.1
400.804	-9.79
401.174	-2.3
401.543	18.06
401.912	-3.71
402.281	-0.66
402.65	-25.71
403.019	26.25
403.389	-7.45
403.758	-32.03
404.127	-0.2
404.496	-2.54
404.864	17.12
405.233	-1.13
405.602	-6.98
405.971	7.53
406.34	2.15
406.709	-12.83
407.077	10.81
407.446	-19.39
407.815	-4.88
408.183	-9.79
408.552	2.15
408.92	-28.05
409.289	-23.13
409.657	-10.03
410.026	-6.98
410.394	6.36
410.763	-15.88
411.131	1.21
411.499	7.53
411.868	19.7
412.236	2.15
412.604	-1.37
412.972	-7.45
413.341	5.19
413.709	-0.2
414.077	-6.51
414.445	-14.47
414.813	-7.22
415.181	14.32
415.549	-3.47
415.917	5.19
416.285	-27.11
416.653	14.78
417.02	34.44
417.388	15.95
417.756	4.25
418.124	6.36
418.491	11.51
418.859	-13.07
419.227	9.64
419.594	-10.96
419.962	19.7
420.329	-21.49
420.697	-7.22
421.064	-14.71
421.432	9.17
421.799	4.02
422.167	-4.17
422.534	-26.17
422.901	0.27
423.269	-3.47
423.636	-8.39
424.003	-95.69
424.37	-65.96
424.737	-25.24
425.104	-5.34
425.471	-18.22
425.838	-18.45
426.205	5.42
426.572	-6.28
426.939	4.72
427.306	-2.3
427.673	-34.83
428.04	-5.11
428.407	-14
428.773	3.32
429.14	22.98
429.507	10.57
429.874	25.08
430.24	-1.37
430.607	-35.3
430.973	-41.15
431.34	-17.28
431.706	20.87
432.073	7.76
432.439	23.21
432.806	-12.37
433.172	-15.64
433.538	-12.37
433.904	-1.37
434.271	-7.45
434.637	15.49
435.003	3.08
435.369	-3
435.735	-28.75
436.101	2.15
436.467	10.34
436.834	1.21
437.199	7.76
437.565	5.42
437.931	-4.88
438.297	-24.3
438.663	-15.41
439.029	18.06
439.395	26.96
439.76	-10.96
440.126	2.15
440.492	9.4
440.857	8.23
441.223	-20.09
441.588	7.06
441.954	-2.54
442.32	10.34
442.685	-6.75
443.05	-1.83
443.416	4.72
443.781	12.44
444.146	-25.47
444.512	9.64
444.877	36.32
445.242	-25.24
445.607	-12.37
445.973	3.55
446.338	-18.92
446.703	-6.05
447.068	23.68
447.433	-22.2
447.798	27.89
448.163	-35.3
448.528	11.98
448.892	-30.39
449.257	-23.83
449.622	-1.37
449.987	-20.09
450.352	-20.09
450.716	-2.3
451.081	12.68
451.446	6.83
451.81	15.25
452.175	-22.66
452.539	-26.88
452.904	7.53
453.268	-13.77
453.633	-12.13
453.997	-5.81
454.361	-28.75
454.726	-19.39
455.09	-10.26
455.454	2.61
455.818	-6.51
456.183	-3
456.547	-8.39
456.911	-10.96
457.275	-0.9
457.639	-13.54
458.003	-13.54
458.367	6.12
458.731	19.47
459.095	-7.92
459.459	-32.49
459.822	5.19
460.186	11.98
460.55	8.46
460.914	11.04
461.277	10.57
461.641	-0.9
462.005	-20.56
462.368	-47.94
462.732	7.76
463.095	15.02
463.459	9.17
463.822	13.61
464.185	7.29
464.549	-19.62
464.912	23.44
465.275	-13.77
465.639	-5.81
466.002	-1.13
466.365	-1.37
466.728	21.57
467.091	-18.45
467.454	-1.37
467.818	-10.96
468.181	-7.68
468.543	11.04
468.906	-43.03
469.269	-31.79
469.632	0.51
469.995	-33.43
470.358	21.57
470.721	5.89
471.083	-21.49
471.446	-2.77
471.809	3.78
472.171	-10.26
472.534	-13.3
472.896	12.68
473.259	3.55
473.621	-8.86
473.984	-2.07
474.346	-9.09
474.709	-26.41
475.071	20.64
475.433	-17.05
475.795	2.85
476.158	-5.34
476.52	6.36
476.882	3.08
477.244	0.04
477.606	-25.94
477.968	-25.47
478.33	-4.41
478.692	-0.9
479.054	4.25
479.416	11.27
479.778	-12.6
480.14	8
480.502	2.85
480.863	2.38
481.225	-2.77
481.587	13.15
481.948	5.42
482.31	7.76
482.671	39.59
483.033	-17.52
483.395	13.85
483.756	-1.83
484.117	-0.66
484.479	-4.17
484.84	-18.69
485.201	-7.45
485.563	-13.07
485.924	9.87
486.285	-2.3
486.646	-9.56
487.008	28.36
487.369	-10.26
487.73	-3.47
488.091	0.74
488.452	7.06
488.813	-9.09
489.174	6.12
489.534	15.25
489.895	11.51
490.256	-31.56
490.617	-13.3
490.978	26.96
491.338	19.93
491.699	-6.98
492.06	18.06
492.42	-12.6
492.781	21.81
493.141	9.17
493.502	15.95
493.862	-6.75
494.223	-24.07
494.583	-2.54
494.943	-9.79
495.304	6.83
495.664	9.17
496.024	9.64
496.384	-18.22
496.744	6.12
497.105	7.76
497.465	22.98
497.825	19.47
498.185	-7.68
498.545	-0.9
498.905	2.85
499.264	-6.51
499.624	5.66
499.984	10.81
500.344	5.19
500.704	-13.3
501.063	1.68
501.423	-41.62
501.783	-3.24
502.142	7.76
502.502	6.36
502.861	-10.03
503.221	-3.47
503.58	11.74
503.94	1.21
504.299	31.17
504.658	-9.09
505.018	-17.75
505.377	4.49
505.736	-12.6
506.095	-3.71
506.455	-44.9
506.814	-13.77
507.173	12.21
507.532	13.85
507.891	6.12
508.25	-5.11
508.609	-5.81
508.968	-14
509.326	-22.43
509.685	4.25
510.044	4.72
510.403	0.04
510.761	28.13
511.12	-37.41
511.479	29.53
511.837	-47.71
512.196	-11.66
512.554	-17.28
512.913	-4.64
513.271	14.08
513.63	-15.41
513.988	3.78
514.346	2.61
514.705	-10.26
515.063	-1.13
515.421	26.02
515.779	4.72
516.138	-3.71
516.496	8.93
516.854	-12.83
517.212	-20.32
517.57	15.49
517.928	-13.07
518.286	-13.54
518.643	0.51
519.001	26.25
519.359	9.64
519.717	4.72
520.075	-19.39
520.432	-9.79
520.79	21.57
521.148	1.91
521.505	0.51
521.863	6.83
522.22	9.17
522.578	-16.34
522.935	15.25
523.292	1.21
523.65	11.98
524.007	-1.13
524.364	-12.37
524.722	36.55
525.079	6.12
525.436	-4.17
525.793	-31.79
526.15	-21.49
526.507	13.38
526.864	-17.75
527.221	7.29
527.578	-10.26
527.935	-25.24
528.292	14.32
528.649	0.74
529.005	20.17
529.362	-2.77
529.719	-14.24
530.076	11.98
530.432	4.95
530.789	-14.94
531.145	-7.92
531.502	4.02
531.858	-8.86
532.215	3.32
532.571	-3.94
532.928	-5.34
533.284	-11.43
533.64	-32.49
533.996	3.32
534.353	9.87
534.709	9.4
535.065	13.85
535.421	-11.43
535.777	-13.77
536.133	1.91
536.489	10.34
536.845	2.15
537.201	-12.6
537.557	-13.07
537.912	14.78
538.268	11.98
538.624	15.49
538.98	27.19
539.335	5.66
539.691	14.08
540.047	9.4
540.402	3.78
540.758	21.1
541.113	182.83
541.469	-14.24
541.824	9.64
542.179	16.42
542.535	9.17
542.89	6.59
543.245	22.27
543.6	5.89
543.955	-5.34
544.311	-2.3
544.666	-15.41
545.021	-21.73
545.376	11.04
545.731	-22.9
546.086	21.81
546.44	-3
546.795	1.44
547.15	12.44
547.505	-4.17
547.86	-6.28
548.214	-8.39
548.569	-15.17
548.924	-0.9
549.278	5.66
549.633	-13.07
549.987	6.83
550.342	7.53
550.696	24.38
551.05	-3.47
551.405	22.74
551.759	-12.37
552.113	3.78
552.468	8.46
552.822	-0.66
553.176	-22.66
553.53	-26.41
553.884	15.02
554.238	38.42
554.592	10.57
554.946	-3.47
555.3	-13.54
555.654	27.19
556.008	16.66
556.361	-7.45
556.715	-34.6
557.069	-17.98
557.423	-27.11
557.776	-2.3
558.13	-5.58
558.483	10.57
558.837	6.36
559.19	13.15
559.544	-10.03
559.897	7.29
560.251	1.91
560.604	59.02
560.957	-5.81
561.31	1.68
561.664	-10.73
562.017	-9.79
562.37	10.57
562.723	14.78
563.076	10.1
563.429	12.44
563.782	-11.9
564.135	7.06
564.488	21.57
564.841	5.89
565.193	20.17
565.546	-19.39
565.899	-20.32
566.252	-6.28
566.604	-8.39
566.957	10.1
567.309	-2.54
567.662	-0.66
568.014	7.53
568.367	28.83
568.719	3.55
569.072	-2.54
569.424	-0.66
569.776	-3.71
570.129	-20.09
570.481	21.81
570.833	-2.54
571.185	-1.6
571.537	4.72
571.889	-3.71
572.241	-24.54
572.593	-5.81
572.945	-23.6
573.297	-1.83
573.649	20.4
574.001	-2.07
574.352	-11.9
574.704	17.83
575.056	0.04
575.407	-43.73
575.759	9.4
576.111	-16.11
576.462	-7.68
576.814	-4.88
577.165	24.15
577.516	3.78
577.868	2.85
578.219	3.32
578.57	21.1
578.922	-6.75
579.273	28.83
579.624	-3.71
579.975	28.36
580.326	12.68
580.677	19.93
581.028	-4.41
581.379	1.44
581.73	16.19
582.081	9.17
582.432	38.66
582.783	27.89
583.133	-1.13
583.484	-15.41
583.835	7.29
584.185	-32.73
584.536	-12.13
584.886	30.47
585.237	3.32
585.587	-20.56
585.938	0.74
586.288	-4.17
586.639	-9.09
586.989	4.02
587.339	19.47
587.689	5.42
588.04	14.55
588.39	7.06
588.74	-2.3
589.09	-21.73
589.44	-2.07
589.79	-7.45
590.14	-27.81
590.49	-17.75
590.84	6.59
591.189	-8.15
591.539	-0.2
591.889	7.29
592.239	-14.71
592.588	-6.98
592.938	9.87
593.287	2.61
593.637	0.27
593.987	-1.13
594.336	12.68
594.685	2.15
595.035	5.66
595.384	37.02
595.733	35.38
596.083	32.57
596.432	3.55
596.781	16.19
597.13	-8.62
597.479	18.3
597.828	23.44
598.177	7.06
598.526	12.91
598.875	-17.52
599.224	9.17
599.573	8
599.922	-1.6
600.27	-12.6
600.619	16.89
600.968	4.72
601.316	-6.28
601.665	15.72
602.013	-10.26
602.362	-5.81
602.71	-0.2
603.059	-1.37
603.407	22.74
603.756	9.87
604.104	8.46
604.452	16.42
604.8	-1.13
605.148	19.93
605.497	21.81
605.845	-10.26
606.193	2.85
606.541	3.55
606.889	26.72
607.237	14.32
607.584	31.4
607.932	17.83
608.28	31.87
608.628	29.06
608.976	30.7
609.323	-15.17
609.671	13.15
610.018	28.13
610.366	7.29
610.713	14.08
611.061	25.32
611.408	27.89
611.756	26.49
612.103	13.85
612.45	34.44
612.798	46.85
613.145	15.25
613.492	10.34
613.839	19.93
614.186	24.85
614.533	58.79
614.88	33.98
615.227	-0.43
615.574	-5.11
615.921	30
616.268	20.4
616.615	64.64
616.961	-0.43
617.308	9.64
617.655	45.91
618.001	18.3
618.348	52.94
618.695	44.51
619.041	23.68
619.387	27.19
619.734	15.02
620.08	11.27
620.427	28.59
620.773	34.21
621.119	51.06
621.465	33.74
621.811	61.6
622.158	38.89
622.504	54.34
622.85	70.49
623.196	32.57
623.542	35.85
623.888	48.02
624.233	36.08
624.579	37.96
624.925	22.04
625.271	72.6
625.616	99.04
625.962	103.96
626.308	154.28
626.653	189.39
626.999	196.64
627.344	200.39
627.69	256.8
628.035	284.65
628.38	326.54
628.726	351.59
629.071	449.19
629.416	645.32
629.761	1097.05
630.107	2192.18
630.452	4656.77
630.797	9173.77
631.142	15634.58
631.487	23546.76
631.832	30629.46
632.176	36346.69
632.521	40164.33
632.866	42479.59
633.211	43483.21
633.556	42932.72
633.9	40410.56
634.245	35470.62
634.589	28991.79
634.934	21519.39
635.278	15064.66
635.623	9885.53
635.967	6150.26
636.312	3652.44
636.656	2048.01
637	1196.99
637.345	697.52
637.689	427.89
638.033	288.39
638.377	209.28
638.721	151.94
639.065	102.55
639.409	111.21
639.753	88.04
640.097	49.19
640.441	82.66
640.785	81.96
641.128	83.13
641.472	41.93
641.816	34.21
642.159	60.89
642.503	47.08
642.847	59.49
643.19	39.13
643.534	25.78
643.877	20.4
644.22	43.57
644.564	29.53
644.907	53.87
645.25	34.91
645.593	27.19
645.937	39.36
646.28	58.32
646.623	11.04
646.966	17.36
647.309	21.57
647.652	38.19
647.995	33.51
648.337	43.34
648.68	19
649.023	69.08
649.366	53.4
649.708	29.76
650.051	46.15
650.394	33.98
650.736	29.3
651.079	10.34
651.421	33.98
651.764	41
652.106	25.78
652.448	8
652.791	27.19
653.133	18.53
653.475	17.36
653.817	22.51
654.159	8.23
654.501	39.36
654.843	10.34
655.185	26.49
655.527	4.72
655.869	12.21
656.211	6.36
656.553	-1.37
656.895	47.55
657.236	-0.43
657.578	8
657.92	1.21
658.261	38.89
658.603	23.68
658.944	30.23
659.286	20.87
659.627	13.85
659.969	12.21
660.31	-4.64
660.651	15.95
660.993	1.68
661.334	-8.39
661.675	17.36
662.016	-6.05
662.357	-6.98
662.698	33.51
663.039	6.12
663.38	4.95
663.721	-17.05
664.062	37.49
664.402	14.08
664.743	7.06
665.084	47.55
665.425	35.62
665.765	-11.9
666.106	29.3
666.446	-5.58
666.787	32.57
667.127	-10.73
667.468	21.1
667.808	-12.83
668.148	-2.77
668.489	22.51
668.829	-3.94
669.169	22.74
669.509	-12.6
669.849	10.81
670.189	17.83
670.529	4.25
670.869	-1.13
671.209	17.59
671.549	10.34
671.889	-22.9
672.229	5.89
672.568	5.66
672.908	-10.26
673.248	17.36
673.587	7.06
673.927	-1.6
674.266	-9.79
674.606	33.04
674.945	-4.64
675.285	8
675.624	-9.32
675.963	65.81
676.302	37.02
676.642	5.89
676.981	3.32
677.32	4.25
677.659	-23.13
677.998	-1.37
678.337	-2.07
678.676	-0.2
679.015	-24.54
679.354	4.49
679.692	0.04
680.031	5.89
680.37	-33.66
680.708	15.49
681.047	-18.69
681.386	2.61
681.724	14.08
682.063	-10.03
682.401	6.59
682.739	16.89
683.078	-4.64
683.416	-11.9
683.754	-16.34
684.093	-8.39
684.431	38.89
684.769	12.21
685.107	-21.96
685.445	-30.15
685.783	-18.45
686.121	-4.64
686.459	5.42
686.797	12.44
687.134	15.95
687.472	6.12
687.81	0.27
688.148	15.95
688.485	-8.62
688.823	-10.26
689.16	-4.64
689.498	-9.32
689.835	-25.71
690.173	-3.71
690.51	0.98
690.847	-17.05
691.185	-19.39
691.522	-0.9
691.859	19.93
692.196	9.64
692.533	0.74
692.87	14.32
693.207	-26.88
693.544	-9.09
693.881	-10.96
694.218	30.23
694.555	10.1
694.891	-19.62
695.228	-17.75
695.565	-15.64
695.901	-3.94
696.238	-16.11
696.574	7.29
696.911	-1.13
697.247	0.74
697.584	18.3
697.92	24.38
698.256	16.66
698.593	15.25
698.929	11.74
699.265	-7.45
699.601	-14.24
699.937	-11.9
700.273	5.19
700.609	-16.58
700.945	-16.58
701.281	-5.81
701.617	-4.88
701.953	20.87
702.288	-13.54
702.624	21.34
702.96	11.27
703.295	-16.81
703.631	5.42
703.966	4.95
704.302	23.21
704.637	2.38
704.973	-14.94
705.308	5.89
705.643	-7.22
705.979	13.15
706.314	3.55
706.649	5.89
706.984	-19.15
707.319	0.74
707.654	-28.28
707.989	-25
708.324	-17.28
708.659	8.46
708.994	34.21
709.329	-14.24
709.663	2.61
709.998	-17.05
710.333	-19.15
710.667	2.15
711.002	-1.37
711.336	-0.9
711.671	-14.94
712.005	15.02
712.34	-3.94
712.674	-5.34
713.008	10.81
713.342	-2.3
713.677	6.36
714.011	-17.98
714.345	19.93
714.679	20.17
715.013	1.44
715.347	-24.07
715.681	17.36
716.014	-14.94
716.348	1.21
716.682	-15.64
717.016	-15.17
717.349	-11.66
717.683	13.61
718.017	0.04
718.35	7.53
718.684	-1.6
719.017	-3.47
719.35	-21.73
719.684	28.13
720.017	8.7
720.35	-2.07
720.684	-13.07
721.017	-24.54
721.35	0.51
721.683	13.15
722.016	-1.13
722.349	-24.3
722.682	-11.2
723.015	1.68
723.347	34.91
723.68	-25.47
724.013	12.68
724.346	10.81
724.678	2.85
725.011	-5.34
725.343	-7.68
725.676	4.95
726.008	-10.26
726.341	-36.01
726.673	2.61
727.005	-3.24
727.338	-34.37
727.67	-3.24
728.002	-9.56
728.334	19.23
728.666	-22.9
728.998	0.98
729.33	10.34
729.662	-0.66
729.994	-10.96
730.326	-7.45
730.658	-7.22
730.989	-3.47
731.321	6.12
731.653	7.76
731.984	4.49
732.316	-33.9
732.647	11.98
732.979	-12.83
733.31	2.61
733.642	-30.86
733.973	-16.81
734.304	-31.32
734.636	-53.79
734.967	-25
735.298	3.32
735.629	-10.73
735.96	6.12
736.291	-5.34
736.622	-10.26
736.953	-32.26
737.284	12.68
737.614	5.42
737.945	10.1
738.276	-27.58
738.606	-13.54
738.937	10.81
739.268	9.87
739.598	-26.88
739.929	-40.22
740.259	14.08
740.589	8.23
740.92	5.66
741.25	-6.98
741.58	5.19
741.91	-6.28
742.24	-7.45
742.571	-1.83
742.901	-2.3
743.231	19.47
743.561	-1.6
743.89	34.21
744.22	-16.58
744.55	-34.6
744.88	-11.43
745.209	-0.9
745.539	-17.52
745.869	-5.34
746.198	-20.79
746.528	19.47
746.857	2.15
747.187	3.78
747.516	-22.9
747.845	-0.66
748.175	8.7
748.504	-10.73
748.833	-29.92
749.162	-23.83
749.491	4.72
749.82	-1.37
750.149	8.23
750.478	-10.26
750.807	-2.54
751.136	-13.77
751.465	-17.52
751.793	8.93
752.122	3.78
752.451	-1.83
752.779	0.51
753.108	-3.24
753.436	15.49
753.765	-2.3
754.093	11.04
754.421	2.61
754.75	-23.83
755.078	-2.54
755.406	-1.83
755.734	-3.71
756.062	-23.13
756.391	1.68
756.719	-6.28
757.046	-3.71
757.374	19.7
757.702	16.89
758.03	0.04
758.358	-1.6
758.686	5.42
759.013	-25
759.341	-13.3
759.668	-12.83
759.996	-15.41
760.323	3.32
760.651	-14.94
760.978	-22.9
761.306	-20.32
761.633	8.46
761.96	19.47
762.287	4.72
762.614	-5.34
762.941	5.19
763.268	-7.45
763.595	-20.56
763.922	-18.69
764.249	-12.83
764.576	3.78
764.903	-24.07
765.23	-7.45
765.556	18.06
765.883	-2.77
766.21	-39.28
766.536	5.89
766.863	-2.3
767.189	21.34
767.516	-16.58
767.842	10.1
768.168	-0.43
768.494	14.32
768.821	4.25
769.147	-6.51
769.473	0.27
769.799	6.12
770.125	-12.37
770.451	-14
770.777	3.08
771.103	-13.07
771.429	-1.37
771.754	12.91
772.08	1.44
772.406	12.91
772.731	-23.13
773.057	1.44
773.382	22.27
773.708	-11.43
774.033	22.51
774.359	-7.68
774.684	-0.2
775.009	1.91
775.334	0.74
775.66	9.17
775.985	24.85
776.31	-17.75
776.635	-1.83
776.96	11.98
777.285	-7.68
777.61	-8.62
777.934	-10.96
778.259	7.06
778.584	-11.66
778.909	8
779.233	-7.22
779.558	13.38
779.882	-8.15
780.207	-6.05
780.531	4.95
780.856	0.27
781.18	5.66
781.504	5.66
781.828	-1.83
782.153	-15.88
782.477	15.02
782.801	-11.2
783.125	21.57
783.449	-15.41
783.773	15.49
784.097	-20.56
784.42	-0.66
784.744	-13.54
785.068	-3.47
785.392	13.38
785.715	-1.13
786.039	-19.39
786.362	29.3
786.686	-5.81
787.009	0.98
787.333	-1.83
787.656	10.1
787.979	-21.03
788.303	11.98
788.626	-14.94
788.949	1.68
789.272	14.08
789.595	-10.26
789.918	-1.83
790.241	-11.9
790.564	3.08
790.887	15.49
791.209	-7.92
791.532	-9.32
791.855	-3.94
792.178	23.91
792.5	21.34
792.823	14.78
793.145	-2.07
793.468	-0.66
793.79	-5.11
794.112	1.91
794.435	-21.03
794.757	-16.34
795.079	7.76
795.401	-2.54
795.723	18.3
796.045	-4.41
796.367	-8.86
796.689	3.32
797.011	20.87
797.333	-13.3
797.655	14.32
797.976	2.61
798.298	4.02
798.62	4.95
798.941	-11.66
799.263	-15.41
799.584	-21.49
799.906	-17.98
800.227	15.72
800.548	-6.05
800.87	-20.09
801.191	15.49
801.512	5.42
801.833	19.47
802.154	-13.77
802.475	0.04
802.796	-5.58
803.117	-20.56
803.438	7.76
803.759	-14.24
804.08	-28.05
804.4	-5.58
804.721	16.19
805.042	-13.3
805.362	-18.45
805.683	-20.32
806.003	-12.37
806.323	-14.94
806.644	-3
806.964	10.57
807.284	-15.88
807.605	-1.83
807.925	-26.41
808.245	44.28
808.565	-22.2
808.885	7.06
809.205	10.57
809.525	-8.39
809.845	1.21
810.164	-0.66
810.484	-4.88
810.804	-7.45
811.124	-8.39
811.443	-6.75
811.763	-6.51
812.082	4.25
812.402	35.38
812.721	14.08
813.04	-14.47
813.36	-6.75
813.679	9.87
813.998	-30.15
814.317	14.08
814.636	-4.64
814.955	-13.3
815.274	-2.54
815.593	9.87
815.912	-20.09
816.231	1.21
816.55	-28.05
816.868	7.76
817.187	-2.77
817.506	-12.6
817.824	-1.83
818.143	-7.45
818.461	-2.54
818.78	-32.73
819.098	-2.07
819.416	-4.17
819.735	-0.43
820.053	4.95
820.371	5.19
820.689	1.91
821.007	39.13
821.325	20.87
821.643	-3.71
821.961	-12.83
822.279	-27.11
822.597	-29.69
822.914	20.64
823.232	10.57
823.55	-3.71
823.867	-8.86
824.185	-26.17
824.502	18.06
824.82	-11.43
825.137	-28.05
825.454	-21.96
825.772	4.02
826.089	-2.3
826.406	11.98
826.723	7.29
827.04	-5.58
827.357	15.72
827.674	6.83
827.991	-10.26
828.308	3.55
828.625	-15.41
828.942	-19.62
829.258	-11.2
829.575	-12.37
829.892	-25.47
830.208	-18.45
830.525	8.7
830.841	-5.11
831.158	1.91
831.474	-5.11
831.79	-3.47
832.106	-17.52
832.423	-30.39
832.739	-24.54
833.055	-17.52
833.371	20.17
833.687	6.12
834.003	22.27
834.319	-10.96
834.635	-16.11
834.95	-29.92
835.266	-26.64
835.582	-1.13
835.897	-22.66
836.213	-3.47
836.528	-19.15
836.844	2.61
837.159	-43.26
837.475	27.42
837.79	-5.34
838.105	0.51
838.42	0.27
838.735	0.51
839.051	-45.13
839.366	15.95
839.681	-7.45
839.996	5.89
840.31	-1.83
840.625	-206.4
840.94	12.91
841.255	-3.24
841.569	-17.28
841.884	7.06
842.199	6.59
842.513	15.95
842.828	-28.28
843.142	0.51
843.456	-6.51
843.771	-2.07
844.085	-8.62
844.399	-14.94
844.713	-4.88
845.027	-17.05
845.341	12.91
845.655	-6.51
845.969	1.44
846.283	8.93
846.597	-20.32
846.911	5.89
847.224	-10.73
847.538	-8.62
847.852	12.44
848.165	-11.66
848.479	38.89
848.792	9.87
849.106	27.19
849.419	-13.3
849.732	6.59
850.046	-10.26
850.359	-10.26
850.672	-18.92
850.985	-15.64
851.298	9.4
851.611	-28.52
851.924	-18.69
852.237	3.55
852.55	-12.13
852.862	5.66
853.175	6.12
853.488	1.44
853.8	22.98
854.113	1.91
854.425	18.3
854.738	16.89
855.05	-11.2
855.363	-21.26
855.675	-28.98
855.987	-21.96
856.299	11.27
856.612	19.23
856.924	-5.34
857.236	-17.52
857.548	20.64
857.859	-23.6
858.171	-17.52
858.483	10.57
858.795	-35.77
859.107	-11.2
859.418	24.61
859.73	-9.79
860.041	27.42
860.353	6.12
860.664	-10.96
860.976	20.64
861.287	-6.98
861.598	-17.05
861.91	-6.51
862.221	-8.15
862.532	7.06
862.843	-3.47
863.154	-16.34
863.465	3.78
863.776	-0.2
864.087	-49.58
864.397	-23.6
864.708	4.95
865.019	13.85
865.329	-15.64
865.64	-15.41
865.951	-6.75
866.261	22.51
866.571	12.68
866.882	0.27
867.192	-16.81
867.502	14.78
867.813	-14.71
868.123	11.74
868.433	-2.77
868.743	0.04
869.053	-5.34
869.363	-23.83
869.673	15.95
869.982	-6.51
870.292	14.32
870.602	-15.64
870.912	16.42
871.221	0.04
871.531	6.83
871.84	-20.32
872.15	-10.96
872.459	11.74
872.768	-9.09
873.078	-4.41
873.387	-5.58
873.696	-29.45
874.005	-1.6
874.314	-28.98
874.623	-5.58
874.932	5.19
875.241	1.21
875.55	-6.28
875.859	-5.58
876.168	-29.92
876.476	-13.3
876.785	-19.39
877.093	-11.43
877.402	19.7
877.71	3.55
878.019	18.06
878.327	-15.41
878.636	-33.2
878.944	-32.49
879.252	-5.11
879.56	7.06
879.868	-11.66
880.176	-11.43
880.484	1.44
880.792	1.68
881.1	-16.11
881.408	-8.15
881.716	0.74
882.023	-6.05
882.331	-4.41
882.639	-4.41
882.946	-18.22
883.254	-14.47
883.561	9.17
883.868	-15.17
884.176	4.02
884.483	2.61
884.79	17.36
885.097	-1.37
885.404	-4.17
885.712	-22.43
886.019	-4.64
886.325	6.36
886.632	26.72
886.939	-37.41
887.246	5.89
887.553	15.49
887.859	-8.62
888.166	16.42
888.472	-14.71
888.779	-6.51
889.085	-9.09
889.392	-6.51
889.698	-9.09
890.004	6.12
890.311	-17.05
890.617	6.36
890.923	16.19
891.229	3.78
891.535	6.36
891.841	-10.96
892.147	-2.3
892.453	-11.66
892.759	-4.88
893.064	-20.56
893.37	-0.66
893.676	-12.6
893.981	-12.13
894.287	-11.66
894.592	-5.34
894.897	-7.45
895.203	44.28
895.508	11.27
895.813	-19.39
896.119	-0.66
896.424	12.44
896.729	-15.41
897.034	8.7
897.339	12.68
897.644	31.17
897.948	-0.9
898.253	-19.62
898.558	-6.75
898.863	10.57
899.167	-11.2
899.472	4.95
899.776	-7.45
900.081	20.17
900.385	7.29
900.69	-15.88
900.994	-29.92
901.298	14.08
901.602	2.85
901.906	-12.13
902.21	23.68
902.514	5.19
902.818	-6.51
903.122	11.04
903.426	-11.9
903.73	-24.3
904.034	24.85
904.337	4.95
904.641	-10.03
904.945	12.91
905.248	2.15
905.552	11.98
905.855	-22.9
906.158	22.04
906.462	-6.28
906.765	-10.49
907.068	-0.43
907.371	-9.56
907.674	-40.45
907.977	-21.03
908.28	-14.94
908.583	-29.22
908.886	3.55
909.189	3.55
909.491	-11.43
909.794	11.74
910.097	13.85
910.399	20.64
910.702	29.3
911.004	-25.24
911.307	-3.24
911.609	14.32
911.911	8.23
912.213	-4.64
912.516	-5.34
912.818	7.76
913.12	-4.17
913.422	5.66
913.724	-27.58
914.026	13.61
914.327	-12.13
914.629	-5.58
914.931	0.74
915.233	5.19
915.534	0.04
915.836	3.32
916.137	-14.47
916.439	-12.83
916.74	-14.71
917.041	-38.58
917.343	-17.98
917.644	-7.68
917.945	5.66
918.246	-6.75
918.547	-31.79
918.848	-15.64
919.149	-21.73
919.45	4.72
919.751	2.61
920.052	-26.88
920.352	0.04
920.653	5.19
920.954	-15.41
921.254	-16.81
921.555	-3.47
921.855	-7.68
922.155	1.68
922.456	-7.92
922.756	-16.11
923.056	-12.13
923.356	0.27
923.656	20.4
923.956	8.7
924.256	-18.45
924.556	9.87
924.856	-4.41
925.156	9.4
925.456	9.87
925.755	67.91
926.055	7.29
926.355	2.61
926.654	-25.94
926.953	-9.56
927.253	-22.43
927.552	-0.2
927.852	-7.68
928.151	-37.64
928.45	-29.92
928.749	3.08
929.048	-3.94
929.347	-17.28
929.646	-17.75
929.945	-6.28
930.244	-14.24
930.543	7.53
930.841	-3.47
931.14	-5.11
931.439	5.42
931.737	-14.47
932.036	15.02
932.334	-13.3
932.632	4.02
932.931	-9.56
933.229	-6.28
933.527	15.25
933.825	14.32
934.123	-13.07
934.421	11.27
934.719	-31.09
935.017	11.51
935.315	-28.52
935.613	-0.66
935.911	0.04
936.208	-9.56
936.506	21.57
936.804	7.29
937.101	0.74
937.399	12.21
937.696	17.59
937.993	-16.58
938.291	6.59
938.588	-11.43
938.885	36.08
939.182	-24.3
939.479	10.34
939.776	-19.15
940.073	24.61
940.37	-28.75
940.667	-11.2
940.964	9.4
941.26	-18.22
941.557	10.57
941.854	23.44
942.15	-24.54
942.447	2.15
942.743	18.53
943.039	-6.75
943.336	9.17
943.632	34.44
943.928	-11.9
944.224	-18.45
944.52	-10.26
944.816	9.87
945.112	-6.51
945.408	9.64
945.704	10.81
946	-6.28
946.295	-10.73
946.591	-10.03
946.887	1.91
947.182	-13.54
947.478	-0.2
947.773	-6.05
948.069	6.12
948.364	9.17
948.659	17.83
948.954	-19.62
949.25	8.46
949.545	-18.92
949.84	-6.28
950.135	-11.66
950.43	3.32
950.724	-5.34
951.019	-16.58
951.314	-47.71
951.609	-12.37
951.903	25.08
952.198	14.32
952.492	-1.6
952.787	14.78
953.081	9.87
953.376	-6.05
953.67	5.42
953.964	15.02
954.258	24.61
954.552	-9.09
954.846	8.93
955.14	3.32
955.434	-26.41
955.728	-17.98
956.022	0.74
956.316	-37.88
956.609	2.15
956.903	2.15
957.197	12.44
957.49	-5.34
957.784	3.32
958.077	7.06
958.37	1.44
958.664	-17.75
958.957	-3.94
959.25	-12.37
959.543	-9.32
959.836	3.78
960.129	-23.6
960.422	-6.28
960.715	9.17
961.008	-0.2
961.3	7.53
961.593	1.68
961.886	2.15
962.178	-5.81
962.471	12.44
962.763	21.34
963.056	9.64
963.348	-11.66
963.64	-0.43
963.933	-18.69
964.225	-4.88
964.517	-9.32
964.809	1.44
965.101	-35.07
965.393	-28.52
965.685	9.17
965.977	-6.75
966.268	2.15
966.56	18.3
966.852	-10.03
967.143	-5.81
967.435	-6.05
967.726	-36.71
968.018	-12.6
968.309	-15.64
968.6	0.74
968.891	-4.41
969.183	-16.11
969.474	-10.73
969.765	4.02
970.056	-2.07
970.347	-5.81
970.638	-21.26
970.928	-4.64
971.219	-21.49
971.51	3.55
971.8	-7.45
972.091	-28.05
972.382	22.98
972.672	-25.47
972.962	7.76
973.253	-2.77
973.543	-0.9
973.833	-14
974.123	-17.28
974.413	-27.11
974.704	-19.62
974.994	-25.47
975.283	-7.22
975.573	4.72
975.863	-4.88
976.153	-20.09
976.443	-5.81
976.732	-1.13
977.022	20.4
977.311	19.47
977.601	10.81
977.89	10.34
978.179	4.25
978.469	9.4
978.758	-15.64
979.047	16.66
979.336	-9.32
979.625	8.46
979.914	-15.88
980.203	-16.81
980.492	-0.9
980.781	1.91
981.069	-38.11
981.358	-37.18
981.647	-18.69
981.935	39.59
982.224	29.06
982.512	14.55
982.8	-12.6
983.089	2.61
983.377	18.53
983.665	7.06
983.953	12.44
984.241	-21.03
984.529	6.36
984.817	-11.2
985.105	-30.39
985.393	3.32
985.681	18.53
985.969	-21.49
986.256	6.36
986.544	-11.2
986.831	-18.22
987.119	7.76
987.406	0.98
987.694	-20.79
987.981	0.51
988.268	12.68
988.555	-42.09
988.842	11.04
989.129	1.44
989.416	-8.86
989.703	-8.86
989.99	1.91
990.277	-8.39
990.564	-11.43
990.85	-31.79
991.137	-15.88
991.424	-3.24
991.71	-3.24
991.997	7.29
992.283	-12.83
992.569	-17.75
992.856	-12.13
993.142	8.7
993.428	-15.88
993.714	-10.96
994	-21.96
994.286	-10.26
994.572	-21.49
994.858	19
995.144	-3.94
995.429	7.76
995.715	8
996.001	5.89
996.286	-15.64
996.572	6.36
996.857	-24.07
997.142	1.68
997.428	-14.24
997.713	-23.6
997.998	7.53
998.283	1.68
998.568	-20.56
998.853	-17.28
999.138	14.08
999.423	-3.94
999.708	37.96
999.993	13.61
1000.277	9.4
1000.562	3.55
1000.847	0.51
1001.131	-6.28
1001.415	-10.03
1001.7	-22.2
1001.984	22.74
1002.268	-2.07
1002.553	3.32
1002.837	-17.52
1003.121	-5.34
1003.405	11.98
1003.689	-13.54
1003.973	-43.03
1004.257	-4.41
1004.54	-9.09
1004.824	4.49
1005.108	-10.49
1005.391	-5.58
1005.675	28.59
1005.958	-7.22
1006.242	12.91
1006.525	-6.51
1006.808	-22.66
1007.092	-14.24
1007.375	-3.71
1007.658	-11.43
1007.941	-3.71
1008.224	-9.09
1008.507	-6.05
1008.79	-12.37
1009.073	-2.77
1009.355	-1.37
1009.638	7.06
1009.921	-19.15
1010.203	-22.66
1010.486	5.89
1010.768	19.7
1011.05	-0.66
1011.333	19.7
1011.615	16.89
1011.897	-28.52
1012.179	-19.39
1012.461	-12.13
1012.743	-10.49
1013.025	10.81
1013.307	-11.2
1013.589	-2.54
1013.871	7.06
1014.152	-2.07
1014.434	-10.49
1014.716	0.98
1014.997	-24.07
1015.279	7.06
1015.56	-21.26
1015.841	12.21
1016.123	7.53
1016.404	14.08
1016.685	-14.71
1016.966	-30.86
1017.247	-11.66
1017.528	1.91
1017.809	-9.56
1018.09	9.17
1018.371	1.21
1018.651	4.72
1018.932	10.34
1019.212	12.44
1019.493	28.36
1019.773	-3
1020.054	0.51
1020.334	9.4
1020.614	4.02
1020.895	4.02
1021.175	4.02
