340.19	-7.19
340.564	-7.19
340.939	-7.19
341.313	26.04
341.687	-28.02
342.061	9.19
342.436	11.53
342.81	-0.17
343.184	18.79
343.558	8.02
343.932	16.68
344.306	-7.89
344.68	-5.32
345.054	21.6
345.428	-7.19
345.802	11.53
346.176	17.15
346.55	-70.39
346.924	-5.79
347.298	7.32
347.672	-7.89
348.046	-18.43
348.419	-31.3
348.793	-2.98
349.167	-11.64
349.54	8.72
349.914	26.28
350.288	-13.74
350.661	-19.36
351.035	-0.17
351.408	-6.72
351.782	-13.98
352.155	25.11
352.528	-1.34
352.902	4.98
353.275	15.98
353.648	20.43
354.022	8.26
354.395	-11.4
354.768	-0.4
355.141	6.85
355.515	10.36
355.888	-4.62
356.261	-21.7
356.634	-0.87
357.007	11.07
357.38	-15.62
357.753	-4.38
358.126	-7.66
358.499	32.83
358.872	-2.51
359.245	28.39
359.617	7.79
359.99	-16.32
360.363	-22.64
360.736	10.36
361.108	12.24
361.481	7.79
361.854	-11.64
362.226	16.45
362.599	13.41
362.971	4.04
363.344	13.17
363.716	1.47
364.089	18.32
364.461	4.28
364.834	4.28
365.206	15.98
365.578	3.81
365.951	-11.64
366.323	23.94
366.695	6.85
367.067	14.58
367.439	7.32
367.812	-12.34
368.184	-7.89
368.556	4.04
368.928	1
369.3	-3.91
369.672	-5.08
370.044	-27.55
370.416	23.24
370.788	-6.25
371.159	26.98
371.531	-28.49
371.903	-6.72
372.275	-9.3
372.646	6.38
373.018	7.32
373.39	19.49
373.761	1
374.133	21.13
374.505	-5.08
374.876	9.19
375.248	-39.02
375.619	-6.96
375.991	10.6
376.362	-0.87
376.733	9.9
377.105	7.09
377.476	18.79
377.847	-14.45
378.219	4.51
378.59	13.17
378.961	24.17
379.332	-14.45
379.703	1
380.074	13.41
380.445	15.98
380.816	-14.21
381.187	14.11
381.558	18.79
381.929	16.92
382.3	16.45
382.671	-3.91
383.042	-16.79
383.413	-21.47
383.784	-26.38
384.154	13.87
384.525	-10.47
384.896	-11.4
385.266	22.3
385.637	-2.98
386.008	-4.62
386.378	4.04
386.749	11.77
387.119	-24.04
387.49	26.04
387.86	0.07
388.23	11.07
388.601	8.96
388.971	-4.15
389.341	-8.83
389.712	-12.57
390.082	1
390.452	-16.55
390.822	-31.06
391.192	7.32
391.562	2.17
391.933	16.92
392.303	7.79
392.673	32.13
393.043	-31.77
393.412	-8.83
393.782	-24.28
394.152	4.04
394.522	7.32
394.892	22.07
395.262	1
395.631	-7.89
396.001	-6.72
396.371	0.53
396.74	3.58
397.11	-6.02
397.48	6.38
397.849	15.75
398.219	12.94
398.588	0.77
398.958	2.17
399.327	11.07
399.696	-26.15
400.066	1.47
400.435	2.41
400.804	-18.66
401.174	4.51
401.543	-4.62
401.912	16.92
402.281	9.66
402.65	-16.32
403.019	23
403.389	-11.64
403.758	-23.81
404.127	-15.62
404.496	13.64
404.864	-17.49
405.233	5.21
405.602	-4.38
405.971	19.26
406.34	9.9
406.709	-19.13
407.077	-12.11
407.446	-5.55
407.815	-5.08
408.183	-22.4
408.552	16.45
408.92	-26.38
409.289	-26.15
409.657	-0.17
410.026	2.64
410.394	5.45
410.763	-15.62
411.131	8.96
411.499	-18.43
411.868	10.13
412.236	4.75
412.604	-6.49
412.972	2.41
413.341	8.26
413.709	-6.72
414.077	-21
414.445	4.98
414.813	-6.25
415.181	4.04
415.549	-4.85
415.917	-0.87
416.285	-26.38
416.653	15.04
417.02	33.3
417.388	6.15
417.756	-5.55
418.124	15.04
418.491	-0.4
418.859	3.58
419.227	-9.77
419.594	7.09
419.962	13.87
420.329	-5.08
420.697	-1.81
421.064	-2.74
421.432	6.85
421.799	9.66
422.167	17.38
422.534	-6.02
422.901	2.41
423.269	2.17
423.636	0.53
424.003	-67.11
424.37	-72.49
424.737	-1.11
425.104	-4.38
425.471	-3.45
425.838	14.34
426.205	-11.64
426.572	10.6
426.939	-6.72
427.306	5.21
427.673	6.62
428.04	-2.28
428.407	3.58
428.773	18.32
429.14	28.62
429.507	-12.34
429.874	4.04
430.24	14.58
430.607	-17.25
430.973	-36.45
431.34	3.34
431.706	6.38
432.073	9.66
432.439	31.19
432.806	-9.53
433.172	-10.47
433.538	-10.47
433.904	6.38
434.271	-16.55
434.637	-5.79
435.003	15.98
435.369	-10.47
435.735	-12.81
436.101	5.92
436.467	-8.13
436.834	-20.06
437.199	10.13
437.565	-33.87
437.931	15.98
438.297	4.28
438.663	-16.55
439.029	8.49
439.395	19.26
439.76	9.66
440.126	5.45
440.492	8.02
440.857	11.77
441.223	-3.91
441.588	2.87
441.954	0.07
442.32	-2.51
442.685	-11.87
443.05	17.85
443.416	12.47
443.781	6.62
444.146	6.38
444.512	-3.21
444.877	16.92
445.242	3.34
445.607	7.32
445.973	19.73
446.338	-18.66
446.703	8.49
447.068	16.92
447.433	-26.62
447.798	38.45
448.163	0.07
448.528	3.34
448.892	-11.4
449.257	-10.23
449.622	19.49
449.987	-28.72
450.352	-35.28
450.716	-14.91
451.081	-6.72
451.446	21.6
451.81	-5.55
452.175	-21
452.539	-8.59
452.904	-16.55
453.268	6.38
453.633	19.96
453.997	13.87
454.361	-18.66
454.726	0.07
455.09	10.83
455.454	12.47
455.818	-19.13
456.183	21.13
456.547	-11.4
456.911	1.24
457.275	8.72
457.639	21.13
458.003	-1.81
458.367	-8.59
458.731	34
459.095	-29.89
459.459	1.7
459.822	-4.62
460.186	10.36
460.55	4.51
460.914	26.98
461.277	-2.28
461.641	16.92
462.005	-10.47
462.368	-20.06
462.732	0.3
463.095	-4.85
463.459	5.21
463.822	3.58
464.185	-21.47
464.549	-7.42
464.912	1.7
465.275	1.94
465.639	4.04
466.002	0.77
466.365	-19.36
466.728	6.15
467.091	-7.19
467.454	10.83
467.818	-11.64
468.181	4.98
468.543	-12.81
468.906	-16.79
469.269	1.94
469.632	-1.81
469.995	-17.02
470.358	2.64
470.721	-2.74
471.083	-10.23
471.446	4.98
471.809	19.96
472.171	17.62
472.534	-2.28
472.896	-23.34
473.259	13.64
473.621	-18.66
473.984	20.66
474.346	4.98
474.709	-25.68
475.071	1.47
475.433	0.07
475.795	-11.87
476.158	12.7
476.52	17.62
476.882	3.11
477.244	-16.08
477.606	5.68
477.968	12
478.33	19.02
478.692	6.62
479.054	8.26
479.416	5.68
479.778	-20.06
480.14	-5.32
480.502	25.11
480.863	9.19
481.225	-12.11
481.587	5.45
481.948	39.15
482.31	-10.23
482.671	40.09
483.033	-2.98
483.395	0.07
483.756	-2.04
484.117	-7.42
484.479	1.7
484.84	18.32
485.201	30.73
485.563	0.53
485.924	14.81
486.285	11.07
486.646	-2.98
487.008	18.32
487.369	9.66
487.73	-5.79
488.091	21.36
488.452	13.64
488.813	1.24
489.174	-4.85
489.534	13.17
489.895	20.43
490.256	10.36
490.617	-3.21
490.978	19.73
491.338	29.56
491.699	14.34
492.06	18.79
492.42	-3.45
492.781	26.28
493.141	15.51
493.502	8.72
493.862	-21.47
494.223	0.77
494.583	16.92
494.943	2.64
495.304	12.7
495.664	8.96
496.024	-2.28
496.384	-17.25
496.744	11.07
497.105	30.26
497.465	19.02
497.825	14.58
498.185	13.17
498.545	23.24
498.905	27.22
499.264	-21
499.624	9.19
499.984	5.92
500.344	9.9
500.704	-28.02
501.063	-17.96
501.423	-24.74
501.783	6.15
502.142	7.32
502.502	-10.23
502.861	-9.06
503.221	-5.08
503.58	20.66
503.94	11.07
504.299	31.43
504.658	-18.19
505.018	-1.57
505.377	4.75
505.736	12.94
506.095	-0.64
506.455	-20.53
506.814	12
507.173	13.41
507.532	23.94
507.891	1.7
508.25	-15.62
508.609	-2.04
508.968	23.24
509.326	2.87
509.685	-11.17
510.044	8.02
510.403	-2.74
510.761	4.75
511.12	-12.57
511.479	12.7
511.837	-28.02
512.196	-23.81
512.554	24.64
512.913	2.17
513.271	6.62
513.63	-16.79
513.988	-27.09
514.346	-3.91
514.705	-16.79
515.063	-10.7
515.421	14.11
515.779	-15.85
516.138	-6.72
516.496	36.11
516.854	18.09
517.212	-12.34
517.57	9.9
517.928	-1.34
518.286	1.94
518.643	19.26
519.001	28.85
519.359	15.28
519.717	17.85
520.075	-16.55
520.432	-19.83
520.79	16.92
521.148	-4.38
521.505	-6.02
521.863	-1.57
522.22	8.72
522.578	10.83
522.935	4.51
523.292	30.49
523.65	14.11
524.007	9.66
524.364	1.94
524.722	20.19
525.079	20.9
525.436	19.02
525.793	-2.98
526.15	-10.23
526.507	5.92
526.864	10.13
527.221	-2.74
527.578	-17.02
527.935	18.56
528.292	-2.28
528.649	-4.62
529.005	23.7
529.362	-16.55
529.719	12.47
530.076	-0.4
530.432	-13.51
530.789	-1.11
531.145	-5.08
531.502	29.32
531.858	8.02
532.215	-5.32
532.571	6.62
532.928	-26.15
533.284	-11.4
533.64	-17.02
533.996	-6.49
534.353	5.21
534.709	3.58
535.065	-19.13
535.421	-0.64
535.777	12.94
536.133	11.53
536.489	4.98
536.845	18.09
537.201	1
537.557	4.51
537.912	12.24
538.268	27.22
538.624	12.24
538.98	40.32
539.335	0.3
539.691	-23.34
540.047	6.38
540.402	-7.42
540.758	8.26
541.113	197.37
541.469	-12.34
541.824	16.45
542.179	-10.23
542.535	-3.45
542.89	17.38
543.245	26.51
543.6	4.51
543.955	10.6
544.311	3.81
544.666	-17.96
545.021	-8.83
545.376	-2.98
545.731	-5.08
546.086	5.21
546.44	2.87
546.795	21.13
547.15	26.28
547.505	9.43
547.86	-5.08
548.214	18.32
548.569	-20.53
548.924	-11.4
549.278	17.62
549.633	-13.98
549.987	30.02
550.342	13.64
550.696	17.38
551.05	-4.38
551.405	-6.02
551.759	4.75
552.113	13.17
552.468	12.24
552.822	40.32
553.176	-14.21
553.53	5.92
553.884	42.43
554.238	46.64
554.592	19.96
554.946	-12.11
555.3	-16.08
555.654	19.49
556.008	26.98
556.361	-3.21
556.715	-8.59
557.069	-0.87
557.423	17.38
557.776	8.49
558.13	15.98
558.483	5.21
558.837	-0.17
559.19	27.92
559.544	-10.94
559.897	-4.85
560.251	3.34
560.604	24.17
560.957	25.34
561.31	10.83
561.664	-1.11
562.017	5.68
562.37	24.17
562.723	3.81
563.076	16.92
563.429	19.26
563.782	-10.94
564.135	-10.94
564.488	0.53
564.841	0.07
565.193	3.81
565.546	-30.36
565.899	1
566.252	14.58
566.604	-7.89
566.957	5.68
567.309	-2.28
567.662	20.19
568.014	1
568.367	21.6
568.719	5.92
569.072	19.49
569.424	1.47
569.776	3.58
570.129	-18.66
570.481	5.92
570.833	12
571.185	-8.36
571.537	11.07
571.889	-24.04
572.241	-26.15
572.593	-16.55
572.945	-6.96
573.297	15.04
573.649	-5.08
574.001	16.21
574.352	12.47
574.704	27.22
575.056	18.09
575.407	-31.3
575.759	-7.42
576.111	29.09
576.462	-10.7
576.814	28.15
577.165	7.79
577.516	9.66
577.868	3.34
578.219	21.13
578.57	-2.04
578.922	10.6
579.273	25.11
579.624	5.92
579.975	23
580.326	0.77
580.677	15.98
581.028	9.66
581.379	26.51
581.73	26.04
582.081	-17.02
582.432	10.13
582.783	37.05
583.133	8.02
583.484	4.75
583.835	14.11
584.185	-37.62
584.536	9.66
584.886	36.58
585.237	25.81
585.587	-23.11
585.938	-12.34
586.288	4.75
586.639	1.7
586.989	30.73
587.339	-16.79
587.689	11.3
588.04	14.81
588.39	-4.38
588.74	12.94
589.09	6.15
589.44	26.04
589.79	26.28
590.14	-0.87
590.49	15.75
590.84	7.55
591.189	-6.02
591.539	26.51
591.889	-5.79
592.239	5.45
592.588	-2.28
592.938	25.58
593.287	8.96
593.637	18.09
593.987	4.51
594.336	-1.81
594.685	-5.32
595.035	4.51
595.384	34
595.733	22.77
596.083	8.26
596.432	9.9
596.781	18.56
597.13	18.09
597.479	12.24
597.828	26.04
598.177	9.66
598.526	22.07
598.875	4.98
599.224	24.41
599.573	21.36
599.922	16.45
600.27	37.75
600.619	21.36
600.968	-5.79
601.316	13.17
601.665	21.6
602.013	-0.17
602.362	-4.38
602.71	5.45
603.059	-12.81
603.407	18.56
603.756	24.87
604.104	11.77
604.452	49.45
604.8	24.64
605.148	40.32
605.497	27.92
605.845	-9.77
606.193	15.04
606.541	19.02
606.889	27.92
607.237	3.34
607.584	31.43
607.932	15.51
608.28	21.83
608.628	33.77
608.976	47.34
609.323	-0.87
609.671	14.34
610.018	15.75
610.366	26.28
610.713	9.66
611.061	50.85
611.408	56
611.756	13.41
612.103	-11.4
612.45	13.64
612.798	16.21
613.145	12.7
613.492	20.19
613.839	11.53
614.186	17.15
614.533	62.79
614.88	34.24
615.227	42.19
615.574	29.79
615.921	44.07
616.268	28.62
616.615	37.05
616.961	-1.57
617.308	19.96
617.655	51.56
618.001	63.49
618.348	47.58
618.695	42.43
619.041	16.45
619.387	43.6
619.734	9.9
620.08	17.62
620.427	36.11
620.773	38.68
621.119	55.54
621.465	59.05
621.811	54.83
622.158	54.37
622.504	56.71
622.85	45.24
623.196	63.96
623.542	50.39
623.888	47.11
624.233	39.85
624.579	40.09
624.925	37.75
625.271	62.79
625.616	98.37
625.962	127.39
626.308	162.5
626.653	176.31
626.999	211.18
627.344	205.56
627.69	244.42
628.035	270.86
628.38	312.99
628.726	356.06
629.071	461.15
629.416	649.8
629.761	1105.97
630.107	2195.49
630.452	4649.07
630.797	9191.11
631.142	15677.44
631.487	23388.34
631.832	30619.66
632.176	36357.71
632.521	40138.61
632.866	42488.75
633.211	43507.11
633.556	42931.58
633.9	40394.2
634.245	35597.04
634.589	28936.34
634.934	21651.89
635.278	15067.26
635.623	9872.44
635.967	6172.53
636.312	3641.47
636.656	2073.31
637	1183.44
637.345	679.99
637.689	444.3
638.033	284.91
638.377	247.69
638.721	163.67
639.065	121.77
639.409	114.75
639.753	112.18
640.097	76.13
640.441	82.22
640.785	78
641.128	83.62
641.472	42.9
641.816	48.28
642.159	66.3
642.503	59.98
642.847	44.3
643.19	32.36
643.534	37.75
643.877	39.39
644.22	34.94
644.564	14.11
644.907	58.81
645.25	26.04
645.593	33.07
645.937	34.24
646.28	43.13
646.623	16.21
646.966	20.19
647.309	25.11
647.652	36.81
647.995	41.26
648.337	47.34
648.68	29.09
649.023	61.86
649.366	39.85
649.708	29.79
650.051	42.66
650.394	57.17
650.736	31.19
651.079	28.15
651.421	51.32
651.764	13.17
652.106	42.66
652.448	37.51
652.791	17.62
653.133	35.64
653.475	16.21
653.817	14.81
654.159	6.62
654.501	34.47
654.843	19.73
655.185	47.34
655.527	27.68
655.869	1
656.211	24.17
656.553	9.43
656.895	40.32
657.236	11.3
657.578	5.92
657.92	36.34
658.261	35.88
658.603	26.28
658.944	54.13
659.286	17.62
659.627	26.75
659.969	1
660.31	18.09
660.651	-1.34
660.993	6.62
661.334	1.47
661.675	20.66
662.016	-18.89
662.357	-13.98
662.698	25.58
663.039	3.58
663.38	19.49
663.721	11.07
664.062	14.11
664.402	18.79
664.743	-0.17
665.084	31.43
665.425	23.47
665.765	-4.62
666.106	24.41
666.446	-12.11
666.787	28.62
667.127	10.13
667.468	17.15
667.808	11.77
668.148	14.58
668.489	-9.77
668.829	21.83
669.169	14.58
669.509	-20.53
669.849	22.77
670.189	-0.4
670.529	1.7
670.869	9.43
671.209	44.07
671.549	9.9
671.889	0.07
672.229	-2.04
672.568	15.75
672.908	0.77
673.248	2.87
673.587	11.53
673.927	-6.25
674.266	-5.79
674.606	37.28
674.945	6.38
675.285	1.24
675.624	9.9
675.963	70.28
676.302	38.22
676.642	1.94
676.981	11.07
677.32	4.04
677.659	-16.32
677.998	19.26
678.337	4.98
678.676	-10.23
679.015	-5.55
679.354	-7.42
679.692	12.94
680.031	8.02
680.37	-13.98
680.708	39.85
681.047	-3.91
681.386	21.36
681.724	6.38
682.063	4.98
682.401	16.92
682.739	-1.11
683.078	-6.49
683.416	-18.66
683.754	12
684.093	15.98
684.431	32.13
684.769	-0.87
685.107	-11.87
685.445	-3.68
685.783	5.21
686.121	9.19
686.459	6.62
686.797	14.58
687.134	26.98
687.472	14.11
687.81	8.96
688.148	38.22
688.485	14.11
688.823	-8.36
689.16	9.19
689.498	-23.34
689.835	6.85
690.173	5.92
690.51	10.83
690.847	5.68
691.185	-15.38
691.522	-1.11
691.859	18.56
692.196	2.87
692.533	-29.19
692.87	-1.81
693.207	-17.72
693.544	-21.23
693.881	-8.83
694.218	19.49
694.555	12.7
694.891	-28.26
695.228	-12.11
695.565	-0.87
695.901	2.87
696.238	1.47
696.574	-5.79
696.911	13.17
697.247	23
697.584	1
697.92	7.79
698.256	-2.74
698.593	10.36
698.929	-1.34
699.265	5.92
699.601	-4.38
699.937	-11.17
700.273	9.66
700.609	-0.87
700.945	0.07
701.281	26.28
701.617	-2.51
701.953	34.47
702.288	20.9
702.624	7.09
702.96	4.75
703.295	-8.13
703.631	1.94
703.966	0.53
704.302	10.83
704.637	10.13
704.973	2.17
705.308	-10
705.643	7.79
705.979	5.68
706.314	13.41
706.649	2.64
706.984	-1.34
707.319	4.75
707.654	-9.77
707.989	-9.3
708.324	-21.23
708.659	30.96
708.994	48.51
709.329	-0.87
709.663	-5.32
709.998	-0.64
710.333	-13.04
710.667	-12.81
711.002	-4.15
711.336	23.24
711.671	4.04
712.005	11.3
712.34	-12.11
712.674	19.26
713.008	24.41
713.342	1
713.677	8.26
714.011	-33.17
714.345	-12.57
714.679	5.21
715.013	-0.4
715.347	1.47
715.681	2.64
716.014	5.92
716.348	18.56
716.682	-0.4
717.016	-22.64
717.349	-4.38
717.683	20.43
718.017	-15.15
718.35	-0.64
718.684	25.11
719.017	28.15
719.35	2.41
719.684	14.34
720.017	23.24
720.35	12.7
720.684	-2.51
721.017	4.75
721.35	-6.49
721.683	6.15
722.016	9.66
722.349	-35.75
722.682	-7.19
723.015	7.79
723.347	37.05
723.68	-14.91
724.013	15.28
724.346	6.85
724.678	-1.81
725.011	12.7
725.343	20.19
725.676	-1.34
726.008	-21.7
726.341	-4.15
726.673	-8.36
727.005	7.79
727.338	-24.74
727.67	8.49
728.002	-14.68
728.334	32.13
728.666	-21.47
728.998	7.09
729.33	12.24
729.662	19.26
729.994	4.51
730.326	-3.45
730.658	-16.79
730.989	2.17
731.321	-20.06
731.653	3.58
731.984	-5.32
732.316	1.24
732.647	28.62
732.979	-24.28
733.31	-9.06
733.642	3.11
733.973	-23.57
734.304	-11.17
734.636	-15.15
734.967	15.98
735.298	10.13
735.629	7.55
735.96	19.96
736.291	-3.21
736.622	-21
736.953	-32
737.284	13.17
737.614	20.43
737.945	11.07
738.276	-30.6
738.606	7.32
738.937	3.58
739.268	22.53
739.598	-2.28
739.929	-30.6
740.259	-5.32
740.589	28.39
740.92	-6.25
741.25	-6.72
741.58	-30.83
741.91	-11.64
742.24	4.75
742.571	-2.74
742.901	-8.83
743.231	20.19
743.561	-2.98
743.89	19.02
744.22	-17.72
744.55	-30.6
744.88	1.7
745.209	4.04
745.539	-0.64
745.869	0.77
746.198	-17.25
746.528	30.02
746.857	35.64
747.187	-6.96
747.516	-13.74
747.845	4.28
748.175	4.51
748.504	-14.21
748.833	-28.02
749.162	-26.85
749.491	-3.21
749.82	14.34
750.149	5.92
750.478	-6.02
750.807	-1.34
751.136	-12.11
751.465	-28.02
751.793	28.15
752.122	17.15
752.451	8.02
752.779	2.87
753.108	-10.7
753.436	26.28
753.765	6.15
754.093	14.58
754.421	35.17
754.75	8.26
755.078	-1.34
755.406	-13.51
755.734	-22.4
756.062	20.66
756.391	8.49
756.719	-15.15
757.046	4.75
757.374	6.62
757.702	14.11
758.03	10.6
758.358	-17.96
758.686	-5.79
759.013	-16.08
759.341	9.66
759.668	19.26
759.996	8.02
760.323	-2.51
760.651	7.32
760.978	-27.09
761.306	18.09
761.633	24.64
761.96	11.77
762.287	4.04
762.614	3.58
762.941	-2.51
763.268	0.53
763.595	9.19
763.922	-31.06
764.249	-12.57
764.576	10.36
764.903	-11.17
765.23	1.47
765.556	4.28
765.883	12
766.21	1.24
766.536	-21
766.863	-2.51
767.189	3.81
767.516	-12.81
767.842	-1.81
768.168	-12.81
768.494	32.6
768.821	6.62
769.147	-1.34
769.473	-6.49
769.799	16.21
770.125	15.51
770.451	-5.79
770.777	-16.08
771.103	7.55
771.429	-11.64
771.754	26.51
772.08	4.98
772.406	18.56
772.731	-6.72
773.057	3.58
773.382	25.81
773.708	-6.25
774.033	22.07
774.359	-9.06
774.684	14.81
775.009	12.24
775.334	-2.04
775.66	1.47
775.985	11.3
776.31	-12.81
776.635	-9.77
776.96	8.02
777.285	-18.19
777.61	-2.74
777.934	-13.28
778.259	-1.34
778.584	-24.51
778.909	17.62
779.233	6.62
779.558	10.83
779.882	-32
780.207	8.49
780.531	12.7
780.856	9.9
781.18	14.81
781.504	20.9
781.828	23
782.153	-5.55
782.477	23.47
782.801	-22.17
783.125	-2.28
783.449	-1.57
783.773	9.66
784.097	-3.21
784.42	7.32
784.744	-7.42
785.068	14.81
785.392	-4.85
785.715	-16.79
786.039	-2.04
786.362	16.92
786.686	3.34
787.009	-23.57
787.333	24.41
787.656	7.32
787.979	-22.17
788.303	-11.4
788.626	-2.04
788.949	-9.06
789.272	10.83
789.595	6.62
789.918	-14.91
790.241	-3.45
790.564	18.09
790.887	-6.96
791.209	18.56
791.532	16.68
791.855	-10.94
792.178	13.64
792.5	10.6
792.823	3.81
793.145	15.98
793.468	-8.59
793.79	20.43
794.112	7.55
794.435	-10.47
794.757	-2.98
795.079	0.53
795.401	-8.83
795.723	11.53
796.045	6.85
796.367	-0.17
796.689	18.79
797.011	6.15
797.333	-19.83
797.655	-0.87
797.976	16.21
798.298	40.09
798.62	-7.19
798.941	-9.06
799.263	-6.72
799.584	-2.51
799.906	-3.91
800.227	23.47
800.548	3.11
800.87	-1.34
801.191	8.49
801.512	4.28
801.833	18.32
802.154	0.53
802.475	0.77
802.796	7.32
803.117	1.24
803.438	8.02
803.759	7.55
804.08	-14.45
804.4	3.11
804.721	8.96
805.042	3.11
805.362	-14.45
805.683	-16.32
806.003	24.41
806.323	-16.79
806.644	-11.4
806.964	15.28
807.284	19.49
807.605	-5.55
807.925	4.28
808.245	43.83
808.565	-19.36
808.885	4.28
809.205	38.45
809.525	-11.17
809.845	-9.53
810.164	-6.02
810.484	-6.96
810.804	22.07
811.124	-3.45
811.443	-21.47
811.763	-5.08
812.082	11.07
812.402	35.88
812.721	-16.32
813.04	-16.32
813.36	-5.79
813.679	-8.83
813.998	-14.91
814.317	26.51
814.636	-9.3
814.955	3.11
815.274	2.87
815.593	-5.32
815.912	-11.17
816.231	23.47
816.55	-14.91
816.868	11.07
817.187	12
817.506	-27.55
817.824	0.07
818.143	2.64
818.461	-5.08
818.78	5.21
819.098	-29.43
819.416	1.7
819.735	-0.17
820.053	13.87
820.371	30.26
820.689	9.43
821.007	37.75
821.325	8.02
821.643	-8.13
821.961	-4.62
822.279	-10
822.597	-12.11
822.914	4.04
823.232	11.3
823.55	-9.77
823.867	9.9
824.185	-31.77
824.502	-15.38
824.82	11.07
825.137	-11.17
825.454	-13.98
825.772	11.3
826.089	-2.04
826.406	15.98
826.723	-11.64
827.04	-2.74
827.357	33.53
827.674	-8.83
827.991	2.41
828.308	34.24
828.625	6.85
828.942	-30.83
829.258	1.94
829.575	11.53
829.892	11.3
830.208	4.98
830.525	6.62
830.841	-26.38
831.158	-11.64
831.474	7.09
831.79	-15.38
832.106	6.85
832.423	-8.83
832.739	-19.36
833.055	-15.15
833.371	9.66
833.687	7.32
834.003	9.66
834.319	-11.17
834.635	-15.38
834.95	-16.55
835.266	-7.66
835.582	10.83
835.897	-10.94
836.213	16.21
836.528	-3.21
836.844	22.53
837.159	-31.77
837.475	5.45
837.79	-3.21
838.105	13.41
838.42	6.62
838.735	29.32
839.051	-28.96
839.366	17.62
839.681	-6.02
839.996	9.43
840.31	21.13
840.625	-217.6
840.94	-3.91
841.255	4.98
841.569	14.58
841.884	-6.72
842.199	0.53
842.513	1.24
842.828	-16.79
843.142	6.85
843.456	7.79
843.771	3.34
844.085	-12.81
844.399	-6.49
844.713	0.77
845.027	-19.6
845.341	3.34
845.655	-9.53
845.969	1
846.283	-0.17
846.597	13.17
846.911	7.32
847.224	-12.81
847.538	-17.96
847.852	3.81
848.165	-31.53
848.479	18.79
848.792	23.47
849.106	-9.3
849.419	-10.47
849.732	1.47
850.046	-22.64
850.359	15.98
850.672	0.77
850.985	-5.55
851.298	-21.23
851.611	-18.66
851.924	-22.64
852.237	-13.98
852.55	3.11
852.862	-2.51
853.175	-27.32
853.488	14.34
853.8	35.88
854.113	10.83
854.425	24.64
854.738	18.09
855.05	-31.06
855.363	-11.87
855.675	-18.43
855.987	-5.08
856.299	11.77
856.612	3.11
856.924	11.77
857.236	-20.06
857.548	-13.98
857.859	-12.11
858.171	23.24
858.483	9.66
858.795	-1.34
859.107	-15.38
859.418	8.49
859.73	-13.04
860.041	31.19
860.353	-0.64
860.664	18.32
860.976	27.22
861.287	8.26
861.598	-3.91
861.91	-12.57
862.221	-12.81
862.532	4.75
862.843	-15.85
863.154	-30.13
863.465	0.3
863.776	-2.28
864.087	2.64
864.397	-18.43
864.708	15.98
865.019	-3.21
865.329	-6.02
865.64	5.68
865.951	11.07
866.261	1
866.571	20.9
866.882	0.3
867.192	-19.83
867.502	24.87
867.813	-17.25
868.123	22.77
868.433	-1.81
868.743	-8.59
869.053	1.24
869.363	-28.49
869.673	3.81
869.982	-4.38
870.292	8.49
870.602	19.73
870.912	42.43
871.221	18.32
871.531	-0.17
871.84	-0.4
872.15	15.98
872.459	31.9
872.768	3.81
873.078	-3.91
873.387	-5.55
873.696	-21.94
874.005	11.07
874.314	-2.04
874.623	-18.19
874.932	7.09
875.241	-2.98
875.55	0.53
875.859	-0.4
876.168	-13.28
876.476	8.02
876.785	-15.15
877.093	4.51
877.402	21.83
877.71	-1.81
878.019	12
878.327	-16.55
878.636	-22.17
878.944	-23.11
879.252	-1.34
879.56	-10.47
879.868	-9.3
880.176	-3.68
880.484	21.13
880.792	20.43
881.1	-4.62
881.408	40.32
881.716	15.28
882.023	-7.42
882.331	-5.32
882.639	5.68
882.946	0.07
883.254	23.7
883.561	-2.28
883.868	-5.08
884.176	16.92
884.483	-2.04
884.79	18.09
885.097	14.34
885.404	2.64
885.712	10.36
886.019	27.22
886.325	20.66
886.632	30.49
886.939	-26.62
887.246	29.32
887.553	24.41
887.859	-12.57
888.166	26.04
888.472	5.21
888.779	-4.85
889.085	14.34
889.392	-11.4
889.698	-5.32
890.004	-13.28
890.311	-2.04
890.617	22.77
890.923	-0.4
891.229	3.34
891.535	8.96
891.841	-19.83
892.147	5.68
892.453	8.49
892.759	6.62
893.064	-5.79
893.37	0.53
893.676	11.3
893.981	-1.34
894.287	-12.81
894.592	34
894.897	-2.51
895.203	-5.79
895.508	-1.81
895.813	-4.62
896.119	4.75
896.424	-1.34
896.729	-27.55
897.034	23
897.339	12.24
897.644	18.09
897.948	4.28
898.253	-4.85
898.558	-4.62
898.863	21.6
899.167	-14.21
899.472	2.41
899.776	-17.49
900.081	12.24
900.385	-6.25
900.69	-12.11
900.994	-16.08
901.298	-9.06
901.602	14.34
901.906	16.45
902.21	32.6
902.514	21.6
902.818	7.55
903.122	16.21
903.426	4.75
903.73	9.9
904.034	34.94
904.337	-6.96
904.641	-2.74
904.945	12.7
905.248	23.94
905.552	25.58
905.855	0.3
906.158	10.13
906.462	4.28
906.765	8.02
907.068	-9.3
907.371	28.85
907.674	-9.06
907.977	-17.02
908.28	-31.06
908.583	-14.45
908.886	-10.94
909.189	4.75
909.491	2.41
909.794	17.62
910.097	-16.79
910.399	23.7
910.702	18.56
911.004	7.09
911.307	-19.13
911.609	10.13
911.911	18.09
912.213	-21.23
912.516	4.75
912.818	17.38
913.12	18.09
913.422	3.58
913.724	-9.53
914.026	-6.25
914.327	20.43
914.629	3.11
914.931	1.47
915.233	3.34
915.534	5.45
915.836	37.98
916.137	-29.89
916.439	9.9
916.74	6.38
917.041	-36.92
917.343	-13.98
917.644	9.66
917.945	8.26
918.246	-2.98
918.547	-23.34
918.848	-5.55
919.149	-5.08
919.45	2.41
919.751	20.19
920.052	-28.49
920.352	15.75
920.653	-0.87
920.954	-7.42
921.254	-4.38
921.555	10.13
921.855	-13.28
922.155	17.38
922.456	26.75
922.756	-0.4
923.056	-18.43
923.356	-7.42
923.656	3.58
923.956	2.64
924.256	-8.83
924.556	21.13
924.856	4.75
925.156	11.3
925.456	13.17
925.755	69.34
926.055	-6.49
926.355	-6.02
926.654	-20.53
926.953	1.7
927.253	-20.06
927.552	-2.98
927.852	-26.85
928.151	-19.13
928.45	-31.77
928.749	17.62
929.048	10.83
929.347	-12.57
929.646	26.98
929.945	-16.32
930.244	-19.36
930.543	-37.62
930.841	2.87
931.14	-17.49
931.439	5.92
931.737	-0.4
932.036	-14.21
932.334	-15.85
932.632	2.41
932.931	-11.17
933.229	-13.98
933.527	30.73
933.825	2.41
934.123	3.11
934.421	-6.96
934.719	-24.74
935.017	4.98
935.315	10.83
935.613	0.07
935.911	6.85
936.208	-3.21
936.506	15.51
936.804	-1.11
937.101	-3.91
937.399	5.68
937.696	0.07
937.993	-17.72
938.291	19.96
938.588	1
938.885	15.98
939.182	-31.77
939.479	-9.77
939.776	-12.81
940.073	12.24
940.37	-15.15
940.667	-11.87
940.964	-6.25
941.26	-26.62
941.557	11.77
941.854	21.36
942.15	-25.68
942.447	-13.04
942.743	-2.28
943.039	5.45
943.336	-9.06
943.632	28.62
943.928	6.62
944.224	3.34
944.52	29.79
944.816	17.15
945.112	8.49
945.408	3.11
945.704	-4.62
946	-0.4
946.295	15.04
946.591	0.77
946.887	7.09
947.182	-19.83
947.478	5.92
947.773	-1.11
948.069	1.94
948.364	9.43
948.659	2.64
948.954	13.41
949.25	6.62
949.545	-18.43
949.84	-25.68
950.135	-5.32
950.43	27.45
950.724	4.75
951.019	-17.72
951.314	-19.36
951.609	2.41
951.903	19.02
952.198	14.34
952.492	-10.47
952.787	28.62
953.081	6.85
953.376	18.09
953.67	29.09
953.964	26.51
954.258	6.85
954.552	-18.66
954.846	13.17
955.14	-9.53
955.434	-13.28
955.728	1.47
956.022	1.94
956.316	-26.85
956.609	14.11
956.903	6.85
957.197	6.85
957.49	-10.7
957.784	-4.85
958.077	3.34
958.37	1.7
958.664	-24.74
958.957	6.15
959.25	19.73
959.543	-22.64
959.836	-16.32
960.129	-12.11
960.422	13.87
960.715	19.96
961.008	10.13
961.3	12.24
961.593	15.51
961.886	14.11
962.178	20.66
962.471	8.02
962.763	14.81
963.056	19.73
963.348	-14.91
963.64	21.13
963.933	1.24
964.225	-12.57
964.517	-28.26
964.809	11.53
965.101	-25.91
965.393	-23.34
965.685	18.09
965.977	12.7
966.268	-20.77
966.56	-0.4
966.852	-14.68
967.143	-14.45
967.435	-21.23
967.726	-27.32
968.018	7.32
968.309	-15.15
968.6	4.28
968.891	-6.72
969.183	-5.79
969.474	-3.45
969.765	-3.91
970.056	15.28
970.347	-1.11
970.638	4.98
970.928	8.49
971.219	-32.47
971.51	13.87
971.8	-10.23
972.091	8.49
972.382	-6.02
972.672	-5.79
972.962	-5.32
973.253	-15.15
973.543	7.09
973.833	24.64
974.123	-2.98
974.413	17.85
974.704	-5.08
974.994	-3.21
975.283	-17.25
975.573	8.26
975.863	-1.81
976.153	-28.96
976.443	6.15
976.732	8.72
977.022	12
977.311	14.34
977.601	8.96
977.89	5.45
978.179	17.62
978.469	6.38
978.758	-10
979.047	9.19
979.336	9.66
979.625	21.6
979.914	-2.74
980.203	11.77
980.492	15.75
980.781	-10
981.069	-23.34
981.358	21.6
981.647	-21.23
981.935	-1.57
982.224	4.98
982.512	7.55
982.8	-16.55
983.089	17.38
983.377	13.87
983.665	-6.02
983.953	-4.62
984.241	-5.55
984.529	14.81
984.817	9.43
985.105	2.87
985.393	-0.4
985.681	19.96
985.969	22.77
986.256	4.51
986.544	-10.7
986.831	-22.64
987.119	2.87
987.406	-5.08
987.694	-7.19
987.981	12.24
988.268	12.7
988.555	-13.51
988.842	-17.02
989.129	-5.55
989.416	26.98
989.703	-23.11
989.99	1.94
990.277	17.62
990.564	-2.98
990.85	0.3
991.137	-0.64
991.424	5.92
991.71	-5.55
991.997	-13.28
992.283	20.9
992.569	4.28
992.856	-6.96
993.142	4.98
993.428	7.32
993.714	-16.79
994	-10.94
994.286	-13.28
994.572	-26.85
994.858	5.21
995.144	-4.62
995.429	-9.3
995.715	20.19
996.001	-2.74
996.286	-6.49
996.572	-10.47
996.857	-13.74
997.142	23.7
997.428	-11.64
997.713	-11.17
997.998	20.66
998.283	13.17
998.568	-10.94
998.853	6.38
999.138	10.36
999.423	1.47
999.708	-6.72
999.993	4.04
1000.277	10.36
1000.562	3.11
1000.847	21.36
1001.131	22.07
1001.415	-21.7
1001.7	-8.36
1001.984	14.58
1002.268	15.75
1002.553	36.34
1002.837	2.17
1003.121	-13.74
1003.405	7.09
1003.689	5.21
1003.973	-47.45
1004.257	3.11
1004.54	-6.96
1004.824	-8.83
1005.108	-5.32
1005.391	-15.85
1005.675	7.79
1005.958	-13.98
1006.242	-0.64
1006.525	1.7
1006.808	-24.28
1007.092	-13.74
1007.375	5.68
1007.658	-7.42
1007.941	-8.13
1008.224	-20.53
1008.507	20.66
1008.79	9.43
1009.073	3.11
1009.355	-24.04
1009.638	-2.28
1009.921	1.94
1010.203	0.3
1010.486	9.66
1010.768	18.09
1011.05	-24.51
1011.333	-7.42
1011.615	22.07
1011.897	-22.17
1012.179	-8.36
1012.461	-16.08
1012.743	5.45
1013.025	8.26
1013.307	-10
1013.589	-10.94
1013.871	17.85
1014.152	19.02
1014.434	-3.68
1014.716	-10.23
1014.997	-0.4
1015.279	-16.79
1015.56	2.87
1015.841	-2.74
1016.123	-7.42
1016.404	36.81
1016.685	-21.23
1016.966	-24.51
1017.247	-20.53
1017.528	-18.89
1017.809	-19.6
1018.09	4.28
1018.371	-2.04
1018.651	0.77
1018.932	-17.25
1019.212	1.47
1019.493	-7.66
1019.773	3.34
1020.054	6.15
1020.334	29.09
1020.614	-1.34
1020.895	-1.34
1021.175	-1.34
