340.19	-19.14
340.564	-19.14
340.939	-19.14
341.313	28.37
341.687	-21.01
342.061	6.61
342.436	13.39
342.81	-10.48
343.184	23.22
343.558	12.46
343.932	-10.01
344.306	28.37
344.68	-1.12
345.054	15.03
345.428	14.8
345.802	9.18
346.176	0.52
346.55	-51.91
346.924	-6.97
347.298	9.65
347.672	-2.99
348.046	-22.18
348.419	-52.84
348.793	-10.71
349.167	-15.16
349.54	-12.35
349.914	-14.69
350.288	-13.52
350.661	-10.48
351.035	-19.61
351.408	-17.27
351.782	-5.57
352.155	13.16
352.528	-1.35
352.902	13.86
353.275	10.58
353.648	5.67
354.022	-2.52
354.395	-15.63
354.768	4.26
355.141	-21.71
355.515	7.07
355.888	9.18
356.261	-12.12
356.634	-15.63
357.007	-0.65
357.38	-30.37
357.753	5.2
358.126	-8.14
358.499	-7.67
358.872	-7.91
359.245	12.92
359.617	-22.18
359.99	-15.4
360.363	-1.12
360.736	4.5
361.108	22.52
361.481	5.9
361.854	-24.99
362.226	18.54
362.599	-10.71
362.971	4.97
363.344	32.35
363.716	-14.46
364.089	11.75
364.461	23.22
364.834	-26.63
365.206	9.18
365.578	-19.84
365.951	-10.01
366.323	3.8
366.695	11.05
367.067	17.84
367.439	13.16
367.812	-24.99
368.184	-14.69
368.556	7.07
368.928	-3.69
369.3	17.37
369.672	-15.86
370.044	-35.52
370.416	3.33
370.788	-20.31
371.159	20.18
371.531	-16.8
371.903	-13.05
372.275	-4.16
372.646	-10.01
373.018	3.09
373.39	4.5
373.761	19.71
374.133	44.05
374.505	-7.91
374.876	-2.52
375.248	-29.44
375.619	4.03
375.991	11.52
376.362	1.69
376.733	-24.06
377.105	-8.84
377.476	-0.65
377.847	-16.1
378.219	24.63
378.59	14.8
378.961	38.9
379.332	-13.29
379.703	-13.52
380.074	0.52
380.445	-3.69
380.816	2.63
381.187	15.03
381.558	3.09
381.929	18.31
382.3	-0.42
382.671	-26.4
383.042	-11.88
383.413	-20.78
383.784	-25.69
384.154	-14.69
384.525	-7.2
384.896	-16.33
385.266	11.29
385.637	-14.46
386.008	-16.1
386.378	12.46
386.749	9.41
387.119	7.78
387.49	-7.44
387.86	-11.42
388.23	-14.46
388.601	-15.4
388.971	4.5
389.341	-11.65
389.712	15.03
390.082	-30.37
390.452	-13.52
390.822	-21.95
391.192	-3.69
391.562	1.46
391.933	23.93
392.303	-2.76
392.673	8.71
393.043	-3.22
393.412	6.61
393.782	-24.99
394.152	-9.08
394.522	-5.1
394.892	15.5
395.262	39.14
395.631	2.16
396.001	-1.59
396.371	-25.46
396.74	-27.1
397.11	-15.4
397.48	10.82
397.849	12.92
398.219	-2.99
398.588	7.07
398.958	-14.23
399.327	22.29
399.696	-36.23
400.066	-8.84
400.435	-5.57
400.804	0.05
401.174	7.07
401.543	5.2
401.912	-23.82
402.281	26.5
402.65	-3.93
403.019	8.71
403.389	-17.03
403.758	-25.23
404.127	-11.88
404.496	8.95
404.864	16.44
405.233	8.48
405.602	4.26
405.971	2.16
406.34	29.07
406.709	-13.76
407.077	-13.76
407.446	-7.67
407.815	-36.93
408.183	-17.74
408.552	-11.65
408.92	-13.99
409.289	-20.54
409.657	12.69
410.026	-8.14
410.394	15.27
410.763	-25.93
411.131	-16.33
411.499	1.92
411.868	17.61
412.236	14.33
412.604	-30.37
412.972	-15.4
413.341	7.54
413.709	21.35
414.077	-7.67
414.445	-15.16
414.813	-3.46
415.181	0.29
415.549	4.97
415.917	15.97
416.285	-39.03
416.653	-15.4
417.02	18.78
417.388	-11.88
417.756	-1.59
418.124	4.5
418.491	-2.99
418.859	-3.69
419.227	-16.33
419.594	8.71
419.962	1.22
420.329	-10.95
420.697	-17.5
421.064	-10.01
421.432	7.31
421.799	22.99
422.167	-2.29
422.534	-27.1
422.901	-26.63
423.269	-1.82
423.636	-19.37
424.003	-107.85
424.37	-49.33
424.737	-43.01
425.104	0.75
425.471	-33.65
425.838	-14.46
426.205	4.97
426.572	10.58
426.939	-2.05
427.306	-6.03
427.673	-0.65
428.04	-17.27
428.407	11.29
428.773	24.86
429.14	10.35
429.507	-10.48
429.874	0.99
430.24	-2.05
430.607	-13.52
430.973	-20.31
431.34	2.63
431.706	4.97
432.073	17.61
432.439	27.67
432.806	-20.78
433.172	-14.93
433.538	-32.95
433.904	-11.42
434.271	8.24
434.637	4.73
435.003	-2.52
435.369	-12.12
435.735	-18.91
436.101	-2.29
436.467	-2.99
436.834	-16.57
437.199	2.16
437.565	-15.63
437.931	-0.18
438.297	-31.55
438.663	-31.08
439.029	14.8
439.395	27.2
439.76	11.99
440.126	13.86
440.492	9.18
440.857	5.9
441.223	-0.65
441.588	21.58
441.954	-15.16
442.32	-4.86
442.685	8.24
443.05	-18.2
443.416	11.29
443.781	7.31
444.146	6.84
444.512	15.73
444.877	-13.52
445.242	-6.27
445.607	12.46
445.973	-6.03
446.338	-19.14
446.703	3.09
447.068	11.99
447.433	-34.12
447.798	38.9
448.163	0.05
448.528	15.73
448.892	-14.93
449.257	-23.35
449.622	19.01
449.987	-24.52
450.352	-10.25
450.716	-6.03
451.081	-13.99
451.446	13.86
451.81	7.54
452.175	-24.76
452.539	-18.91
452.904	0.75
453.268	-18.67
453.633	-1.12
453.997	-9.54
454.361	-2.05
454.726	-2.76
455.09	1.92
455.454	-11.88
455.818	-23.12
456.183	6.61
456.547	-8.61
456.911	-17.97
457.275	-3.93
457.639	-3.46
458.003	11.75
458.367	-6.27
458.731	-7.2
459.095	-24.29
459.459	10.12
459.822	9.41
460.186	18.54
460.55	1.46
460.914	10.35
461.277	7.31
461.641	13.63
462.005	-19.61
462.368	-37.63
462.732	4.97
463.095	-9.78
463.459	-9.78
463.822	7.78
464.185	-8.61
464.549	10.58
464.912	22.52
465.275	-15.86
465.639	-34.35
466.002	-14.69
466.365	-15.63
466.728	1.46
467.091	-2.29
467.454	21.82
467.818	-24.52
468.181	21.58
468.543	-5.1
468.906	-14.69
469.269	-33.42
469.632	2.16
469.995	-15.4
470.358	11.75
470.721	10.12
471.083	-28.27
471.446	-1.59
471.809	10.58
472.171	-19.14
472.534	-12.82
472.896	-14.93
473.259	-0.18
473.621	-20.78
473.984	8.71
474.346	-11.65
474.709	-16.8
475.071	-7.91
475.433	-24.76
475.795	3.8
476.158	27.2
476.52	-1.12
476.882	-1.82
477.244	-1.59
477.606	0.99
477.968	-9.54
478.33	19.24
478.692	-13.52
479.054	-5.57
479.416	-6.27
479.778	-18.91
480.14	-10.01
480.502	29.78
480.863	-10.95
481.225	-1.82
481.587	10.12
481.948	8.01
482.31	4.03
482.671	42.65
483.033	-16.8
483.395	-4.4
483.756	-13.99
484.117	-4.4
484.479	1.46
484.84	-26.4
485.201	18.78
485.563	0.29
485.924	-13.52
486.285	-9.31
486.646	-23.12
487.008	3.09
487.369	-2.99
487.73	-2.52
488.091	-14.69
488.452	-12.59
488.813	-5.1
489.174	-13.52
489.534	8.71
489.895	-4.63
490.256	-22.89
490.617	-2.99
490.978	46.86
491.338	12.69
491.699	-3.22
492.06	-10.01
492.42	-3.69
492.781	-5.8
493.141	-8.14
493.502	2.39
493.862	-24.76
494.223	-23.82
494.583	6.37
494.943	-41.84
495.304	1.69
495.664	0.29
496.024	17.84
496.384	1.69
496.744	-13.99
497.105	12.22
497.465	12.22
497.825	2.63
498.185	-24.06
498.545	5.44
498.905	11.99
499.264	0.52
499.624	16.2
499.984	5.2
500.344	-11.18
500.704	-13.99
501.063	-18.2
501.423	-33.65
501.783	3.09
502.142	7.07
502.502	8.71
502.861	8.48
503.221	-4.4
503.58	-1.35
503.94	13.63
504.299	15.73
504.658	-46.52
505.018	-31.31
505.377	11.52
505.736	11.52
506.095	-20.54
506.455	-12.82
506.814	5.2
507.173	4.03
507.532	3.8
507.891	7.31
508.25	-5.1
508.609	-11.65
508.968	1.22
509.326	-16.33
509.685	-2.76
510.044	13.39
510.403	-21.48
510.761	4.26
511.12	-27.57
511.479	21.35
511.837	-29.67
512.196	-17.03
512.554	-10.25
512.913	7.78
513.271	0.52
513.63	0.75
513.988	10.82
514.346	-6.03
514.705	-14.69
515.063	-3.93
515.421	28.84
515.779	-3.46
516.138	8.24
516.496	4.73
516.854	8.01
517.212	-7.44
517.57	27.2
517.928	-0.88
518.286	-11.18
518.643	12.92
519.001	6.84
519.359	-20.78
519.717	-6.03
520.075	-1.35
520.432	-16.33
520.79	1.69
521.148	-2.29
521.505	4.26
521.863	-12.82
522.22	12.92
522.578	17.84
522.935	31.18
523.292	17.61
523.65	-3.22
524.007	5.44
524.364	-2.29
524.722	14.56
525.079	1.46
525.436	11.75
525.793	-9.31
526.15	-21.71
526.507	4.5
526.864	-19.61
527.221	1.22
527.578	-3.69
527.935	-10.48
528.292	-2.05
528.649	-32.25
529.005	19.71
529.362	-8.61
529.719	4.5
530.076	12.46
530.432	-13.29
530.789	-11.42
531.145	-23.35
531.502	26.97
531.858	19.95
532.215	-2.29
532.571	0.05
532.928	15.73
533.284	-5.57
533.64	-32.25
533.996	-2.29
534.353	5.2
534.709	-3.46
535.065	2.86
535.421	-24.06
535.777	5.9
536.133	20.18
536.489	14.1
536.845	22.76
537.201	15.73
537.557	7.54
537.912	-12.59
538.268	-6.97
538.624	20.18
538.98	31.42
539.335	-0.18
539.691	3.56
540.047	-18.67
540.402	1.46
540.758	-6.5
541.113	175.83
541.469	-2.52
541.824	5.44
542.179	-5.1
542.535	8.24
542.89	17.61
543.245	26.27
543.6	14.8
543.955	6.14
544.311	12.22
544.666	-10.95
545.021	14.1
545.376	8.48
545.731	-11.65
546.086	16.44
546.44	19.01
546.795	-5.33
547.15	15.5
547.505	-14.23
547.86	-4.4
548.214	14.33
548.569	-17.27
548.924	-7.44
549.278	20.41
549.633	-3.46
549.987	6.37
550.342	19.01
550.696	26.97
551.05	-4.86
551.405	-7.44
551.759	-8.61
552.113	18.07
552.468	24.39
552.822	-0.18
553.176	-20.31
553.53	-16.1
553.884	4.26
554.238	12.22
554.592	-2.05
554.946	-8.14
555.3	-18.67
555.654	32.82
556.008	19.24
556.361	3.33
556.715	-13.29
557.069	-7.44
557.423	-16.1
557.776	-5.33
558.13	-1.59
558.483	22.29
558.837	-6.74
559.19	6.84
559.544	-33.89
559.897	-2.05
560.251	-1.82
560.604	30.71
560.957	-3.46
561.31	7.07
561.664	-5.1
562.017	-8.84
562.37	0.29
562.723	-5.57
563.076	-10.01
563.429	42.42
563.782	-4.4
564.135	11.05
564.488	32.12
564.841	-14.46
565.193	13.86
565.546	-5.33
565.899	14.8
566.252	38.44
566.604	3.33
566.957	11.75
567.309	27.2
567.662	-4.16
568.014	12.22
568.367	22.76
568.719	1.22
569.072	11.05
569.424	17.61
569.776	3.56
570.129	-17.5
570.481	20.88
570.833	-3.22
571.185	-27.33
571.537	-0.65
571.889	-3.46
572.241	-29.91
572.593	-8.14
572.945	6.14
573.297	11.99
573.649	15.73
574.001	-0.42
574.352	17.84
574.704	56.69
575.056	14.33
575.407	-26.4
575.759	-0.18
576.111	-8.37
576.462	-7.2
576.814	2.16
577.165	0.05
577.516	9.88
577.868	-15.4
578.219	15.5
578.57	-10.01
578.922	8.95
579.273	35.39
579.624	-3.69
579.975	18.54
580.326	15.5
580.677	3.09
581.028	14.33
581.379	12.22
581.73	22.05
582.081	-13.52
582.432	15.5
582.783	29.07
583.133	20.18
583.484	-11.65
583.835	8.24
584.185	-58.23
584.536	-15.63
584.886	34.93
585.237	26.97
585.587	-13.29
585.938	7.07
586.288	-17.74
586.639	-11.18
586.989	-4.16
587.339	-11.65
587.689	-3.46
588.04	-17.5
588.39	-14.69
588.74	-0.42
589.09	4.26
589.44	11.05
589.79	30.95
590.14	1.22
590.49	9.65
590.84	3.56
591.189	-9.78
591.539	4.73
591.889	-5.57
592.239	2.86
592.588	22.29
592.938	20.88
593.287	5.67
593.637	6.84
593.987	12.46
594.336	23.69
594.685	-18.2
595.035	0.99
595.384	-3.69
595.733	22.99
596.083	7.78
596.432	0.29
596.781	-3.22
597.13	12.92
597.479	11.29
597.828	3.56
598.177	-11.65
598.526	14.56
598.875	10.35
599.224	23.93
599.573	15.73
599.922	-3.22
600.27	-0.88
600.619	0.75
600.968	14.8
601.316	0.75
601.665	6.14
602.013	5.44
602.362	20.18
602.71	-11.65
603.059	-4.86
603.407	41.95
603.756	16.67
604.104	28.14
604.452	16.9
604.8	10.12
605.148	37.5
605.497	18.78
605.845	13.86
606.193	25.56
606.541	20.41
606.889	11.05
607.237	-2.99
607.584	38.67
607.932	15.73
608.28	8.48
608.628	21.82
608.976	30.95
609.323	4.26
609.671	13.63
610.018	17.61
610.366	20.18
610.713	10.58
611.061	43.82
611.408	15.97
611.756	31.18
612.103	23.46
612.45	29.31
612.798	34.93
613.145	-4.4
613.492	-3.46
613.839	24.63
614.186	25.8
614.533	40.78
614.88	41.25
615.227	-1.12
615.574	-2.99
615.921	33.52
616.268	12.69
616.615	18.78
616.961	12.92
617.308	29.07
617.655	77.99
618.001	38.67
618.348	54.35
618.695	38.9
619.041	60.44
619.387	40.54
619.734	25.56
620.08	4.73
620.427	20.88
620.773	23.46
621.119	52.48
621.465	37.03
621.811	44.29
622.158	30.95
622.504	50.84
622.85	48.27
623.196	47.8
623.542	32.82
623.888	57.4
624.233	29.54
624.579	29.54
624.925	47.33
625.271	63.01
625.616	114.5
625.962	119.89
626.308	164.59
626.653	183.08
626.999	201.34
627.344	199.23
627.69	238.55
628.035	282.32
628.38	300.11
628.726	334.75
629.071	455.99
629.416	624.74
629.761	1100.34
630.107	2198.05
630.452	4658.19
630.797	9094.91
631.142	15632.72
631.487	23491.07
631.832	30638.6
632.176	36251.21
632.521	40202.5
632.866	42508.39
633.211	43334.37
633.556	42824.37
633.9	40430.7
634.245	35438.81
634.589	28906.84
634.934	21626.84
635.278	15094.17
635.623	9856.05
635.967	6122.89
636.312	3622.97
636.656	2056.21
637	1166.11
637.345	709.7
637.689	444.52
638.033	293.32
638.377	215.15
638.721	171.61
639.065	99.99
639.409	99.29
639.753	105.61
640.097	63.48
640.441	79.63
640.785	75.18
641.128	67.23
641.472	45.22
641.816	59.74
642.159	68.16
642.503	41.01
642.847	67.93
643.19	23.69
643.534	-2.52
643.877	20.41
644.22	53.18
644.564	5.9
644.907	63.01
645.25	19.95
645.593	20.18
645.937	39.84
646.28	47.1
646.623	11.75
646.966	3.8
647.309	23.22
647.652	48.5
647.995	18.31
648.337	23.22
648.68	11.99
649.023	60.2
649.366	26.27
649.708	41.01
650.051	31.88
650.394	35.63
650.736	25.56
651.079	6.84
651.421	51.54
651.764	40.31
652.106	16.44
652.448	5.9
652.791	37.73
653.133	9.41
653.475	-3.46
653.817	21.35
654.159	13.39
654.501	25.33
654.843	-14.93
655.185	54.82
655.527	37.73
655.869	20.18
656.211	22.76
656.553	-0.42
656.895	55.05
657.236	4.5
657.578	-20.08
657.92	12.69
658.261	34.22
658.603	32.59
658.944	37.5
659.286	15.03
659.627	10.82
659.969	5.9
660.31	2.86
660.651	0.29
660.993	-7.67
661.334	7.07
661.675	9.65
662.016	3.33
662.357	16.2
662.698	-6.97
663.039	-5.8
663.38	-17.74
663.721	-1.82
664.062	18.78
664.402	14.8
664.743	-12.82
665.084	7.54
665.425	26.5
665.765	-11.18
666.106	-0.88
666.446	2.63
666.787	18.54
667.127	-16.33
667.468	19.48
667.808	10.12
668.148	17.14
668.489	28.14
668.829	8.48
669.169	16.9
669.509	-11.65
669.849	3.8
670.189	19.24
670.529	-5.8
670.869	6.61
671.209	18.07
671.549	14.33
671.889	-14.46
672.229	-0.18
672.568	0.29
672.908	-7.2
673.248	7.54
673.587	12.92
673.927	9.88
674.266	-9.78
674.606	22.99
674.945	25.56
675.285	28.61
675.624	25.33
675.963	42.65
676.302	28.37
676.642	11.05
676.981	18.54
677.32	7.31
677.659	-21.25
677.998	16.9
678.337	5.9
678.676	-2.52
679.015	-10.48
679.354	-8.37
679.692	22.76
680.031	10.58
680.37	-20.78
680.708	19.01
681.047	-20.31
681.386	0.29
681.724	4.73
682.063	-20.78
682.401	-6.5
682.739	4.97
683.078	-7.91
683.416	-16.57
683.754	10.35
684.093	-3.93
684.431	33.05
684.769	-8.14
685.107	-0.65
685.445	19.01
685.783	-12.35
686.121	7.07
686.459	-6.03
686.797	-10.48
687.134	-1.12
687.472	-7.67
687.81	-1.82
688.148	31.18
688.485	-17.74
688.823	-8.84
689.16	-6.97
689.498	-0.42
689.835	-10.01
690.173	13.63
690.51	0.29
690.847	-9.08
691.185	-26.16
691.522	-2.29
691.859	13.86
692.196	-5.33
692.533	-10.71
692.87	2.39
693.207	-33.18
693.544	-6.27
693.881	7.07
694.218	17.84
694.555	16.9
694.891	-1.59
695.228	-8.84
695.565	-16.33
695.901	9.65
696.238	4.26
696.574	-1.59
696.911	24.39
697.247	-23.59
697.584	15.5
697.92	18.31
698.256	21.35
698.593	19.95
698.929	14.33
699.265	-9.78
699.601	-5.33
699.937	-7.44
700.273	9.18
700.609	18.78
700.945	8.01
701.281	-3.69
701.617	-0.18
701.953	25.56
702.288	-10.01
702.624	2.16
702.96	0.52
703.295	11.75
703.631	12.46
703.966	7.31
704.302	25.33
704.637	22.52
704.973	8.48
705.308	5.44
705.643	-20.08
705.979	16.2
706.314	7.54
706.649	13.63
706.984	0.05
707.319	9.41
707.654	-28.74
707.989	9.88
708.324	-24.06
708.659	10.58
708.994	19.48
709.329	-13.29
709.663	-18.91
709.998	-39.03
710.333	-1.59
710.667	-3.69
711.002	-11.42
711.336	-6.5
711.671	-7.67
712.005	8.48
712.34	8.01
712.674	-9.08
713.008	0.99
713.342	2.16
713.677	13.86
714.011	-15.4
714.345	-3.22
714.679	4.5
715.013	33.52
715.347	-14.93
715.681	-15.16
716.014	-35.99
716.348	-1.35
716.682	11.29
717.016	-13.76
717.349	-2.05
717.683	11.52
718.017	-34.59
718.35	-19.61
718.684	4.97
719.017	6.37
719.35	-15.63
719.684	27.67
720.017	2.86
720.35	-13.05
720.684	-12.59
721.017	0.52
721.35	7.07
721.683	7.54
722.016	-5.8
722.349	-28.5
722.682	-5.57
723.015	19.48
723.347	-0.88
723.68	-21.25
724.013	5.2
724.346	7.07
724.678	-4.86
725.011	-10.01
725.343	-5.8
725.676	17.61
726.008	-30.61
726.341	-18.91
726.673	-25.93
727.005	4.26
727.338	-25.23
727.67	-3.93
728.002	-14.46
728.334	39.37
728.666	-21.95
728.998	1.92
729.33	22.99
729.662	17.37
729.994	7.54
730.326	11.52
730.658	-2.76
730.989	1.22
731.321	-23.35
731.653	13.39
731.984	-3.69
732.316	-19.14
732.647	18.54
732.979	-4.86
733.31	-15.63
733.642	-5.57
733.973	-29.2
734.304	-15.4
734.636	-36.23
734.967	-1.82
735.298	-2.05
735.629	-0.88
735.96	9.88
736.291	-22.89
736.622	-4.86
736.953	-48.4
737.284	13.86
737.614	-10.95
737.945	22.99
738.276	-7.91
738.606	5.2
738.937	1.22
739.268	26.03
739.598	2.86
739.929	-32.95
740.259	2.63
740.589	9.65
740.92	14.8
741.25	0.05
741.58	12.46
741.91	-10.25
742.24	14.56
742.571	-20.54
742.901	5.2
743.231	20.18
743.561	-13.52
743.89	26.03
744.22	-26.63
744.55	-7.44
744.88	1.69
745.209	6.84
745.539	-14.23
745.869	-1.35
746.198	-28.03
746.528	-8.61
746.857	-19.14
747.187	-23.12
747.516	-16.33
747.845	1.22
748.175	-2.05
748.504	-1.82
748.833	-13.99
749.162	-4.16
749.491	9.18
749.82	14.33
750.149	10.12
750.478	3.09
750.807	2.39
751.136	-6.97
751.465	-28.5
751.793	6.61
752.122	0.05
752.451	8.01
752.779	-6.97
753.108	10.58
753.436	-0.88
753.765	-6.27
754.093	-15.4
754.421	17.37
754.75	0.05
755.078	-23.82
755.406	-4.63
755.734	-18.67
756.062	2.63
756.391	16.67
756.719	-21.01
757.046	-6.97
757.374	-16.57
757.702	19.48
758.03	-16.1
758.358	-0.88
758.686	-13.52
759.013	-29.91
759.341	11.99
759.668	9.18
759.996	-1.35
760.323	-6.27
760.651	-6.97
760.978	-7.44
761.306	-5.33
761.633	9.88
761.96	-8.61
762.287	-1.59
762.614	-6.03
762.941	-11.42
763.268	-13.99
763.595	4.73
763.922	-17.5
764.249	-21.95
764.576	6.14
764.903	-17.5
765.23	-3.69
765.556	12.69
765.883	-13.99
766.21	-16.8
766.536	-6.5
766.863	-32.25
767.189	2.86
767.516	-3.69
767.842	-22.18
768.168	-8.61
768.494	30.24
768.821	28.37
769.147	0.99
769.473	5.9
769.799	-12.12
770.125	-14.93
770.451	13.63
770.777	-6.97
771.103	-24.29
771.429	-9.78
771.754	11.29
772.08	18.31
772.406	18.54
772.731	-4.16
773.057	2.39
773.382	15.97
773.708	-10.01
774.033	9.65
774.359	-26.16
774.684	18.31
775.009	0.05
775.334	-7.67
775.66	1.69
775.985	2.63
776.31	-23.59
776.635	1.69
776.96	18.31
777.285	-1.35
777.61	-10.48
777.934	-15.4
778.259	-1.35
778.584	-7.2
778.909	8.24
779.233	8.95
779.558	-1.35
779.882	-16.8
780.207	-16.8
780.531	14.1
780.856	-2.52
781.18	12.92
781.504	-2.99
781.828	6.37
782.153	-6.27
782.477	13.86
782.801	-35.52
783.125	7.07
783.449	-24.99
783.773	-4.16
784.097	7.78
784.42	-5.1
784.744	-18.91
785.068	11.05
785.392	9.88
785.715	-5.33
786.039	6.84
786.362	-7.2
786.686	3.8
787.009	-24.99
787.333	0.75
787.656	9.41
787.979	2.63
788.303	5.2
788.626	-17.5
788.949	-25.46
789.272	29.07
789.595	-1.82
789.918	11.99
790.241	-22.65
790.564	6.14
790.887	-22.18
791.209	10.12
791.532	-15.16
791.855	-1.12
792.178	6.37
792.5	-8.84
792.823	-14.46
793.145	11.05
793.468	-16.57
793.79	-5.33
794.112	7.07
794.435	-31.55
794.757	-20.31
795.079	2.63
795.401	-26.4
795.723	13.39
796.045	-13.05
796.367	-24.76
796.689	16.67
797.011	20.88
797.333	-3.93
797.655	7.07
797.976	15.03
798.298	0.05
798.62	-6.74
798.941	4.73
799.263	-33.42
799.584	-25.23
799.906	-32.25
800.227	-13.05
800.548	-17.27
800.87	-15.16
801.191	-0.88
801.512	-15.86
801.833	8.01
802.154	-0.42
802.475	16.2
802.796	8.71
803.117	-7.91
803.438	3.09
803.759	0.52
804.08	-15.16
804.4	-12.59
804.721	10.12
805.042	1.22
805.362	12.92
805.683	-8.14
806.003	-1.59
806.323	-4.63
806.644	-14.46
806.964	2.63
807.284	-3.93
807.605	-23.12
807.925	-2.52
808.245	37.03
808.565	-12.35
808.885	-10.25
809.205	14.56
809.525	8.71
809.845	-4.16
810.164	-3.46
810.484	5.2
810.804	1.92
811.124	-15.4
811.443	4.73
811.763	12.46
812.082	-5.33
812.402	35.63
812.721	0.52
813.04	-20.31
813.36	4.03
813.679	12.92
813.998	-13.05
814.317	4.26
814.636	-1.82
814.955	-4.4
815.274	-12.12
815.593	-9.78
815.912	-6.97
816.231	9.18
816.55	-1.82
816.868	6.84
817.187	-16.33
817.506	-22.42
817.824	4.97
818.143	2.39
818.461	-21.71
818.78	-3.46
819.098	-15.86
819.416	-16.33
819.735	-7.91
820.053	23.46
820.371	-16.8
820.689	-2.05
821.007	18.54
821.325	2.86
821.643	-8.14
821.961	6.14
822.279	1.22
822.597	-14.93
822.914	17.37
823.232	12.46
823.55	6.84
823.867	-10.25
824.185	-46.29
824.502	-4.86
824.82	-11.42
825.137	-35.99
825.454	-2.99
825.772	6.14
826.089	5.2
826.406	13.86
826.723	-10.25
827.04	0.99
827.357	30.01
827.674	-5.57
827.991	-12.82
828.308	6.14
828.625	-16.8
828.942	-11.42
829.258	-2.05
829.575	-2.29
829.892	-3.93
830.208	9.65
830.525	23.46
830.841	-0.18
831.158	17.14
831.474	-17.74
831.79	4.73
832.106	-3.93
832.423	-40.44
832.739	-9.54
833.055	-0.65
833.371	4.97
833.687	9.65
834.003	5.9
834.319	-10.25
834.635	-16.57
834.95	-3.93
835.266	-10.95
835.582	1.46
835.897	-2.29
836.213	-11.18
836.528	-8.14
836.844	6.14
837.159	-40.44
837.475	-2.52
837.79	-10.95
838.105	-0.42
838.42	10.58
838.735	36.1
839.051	-40.21
839.366	8.48
839.681	4.73
839.996	6.14
840.31	16.9
840.625	-218.32
840.94	1.46
841.255	17.84
841.569	22.76
841.884	-11.88
842.199	-5.1
842.513	-19.61
842.828	-6.27
843.142	-6.97
843.456	5.9
843.771	19.95
844.085	-8.84
844.399	-0.65
844.713	6.61
845.027	-24.52
845.341	-30.84
845.655	16.67
845.969	16.67
846.283	11.99
846.597	-22.65
846.911	5.2
847.224	20.65
847.538	-14.93
847.852	-2.05
848.165	-16.8
848.479	31.88
848.792	33.76
849.106	5.44
849.419	4.26
849.732	-8.37
850.046	-3.69
850.359	-2.76
850.672	-13.76
850.985	-5.1
851.298	-24.99
851.611	-29.91
851.924	-18.91
852.237	-20.31
852.55	-6.27
852.862	3.33
853.175	-33.65
853.488	17.84
853.8	17.84
854.113	16.2
854.425	-9.54
854.738	-12.59
855.05	-39.03
855.363	8.95
855.675	-28.74
855.987	-27.33
856.299	-9.54
856.612	1.46
856.924	5.44
857.236	-4.4
857.548	-11.18
857.859	-8.84
858.171	10.35
858.483	10.35
858.795	-8.61
859.107	-32.01
859.418	6.84
859.73	-10.48
860.041	17.37
860.353	-6.03
860.664	11.99
860.976	3.56
861.287	5.44
861.598	-15.16
861.91	-6.97
862.221	-8.84
862.532	-17.27
862.843	-2.52
863.154	-24.52
863.465	11.52
863.776	-33.65
864.087	-27.57
864.397	-18.67
864.708	7.78
865.019	13.39
865.329	-21.01
865.64	15.27
865.951	-8.37
866.261	-14.69
866.571	4.73
866.882	7.31
867.192	5.9
867.502	-13.05
867.813	-32.48
868.123	17.14
868.433	-5.1
868.743	-12.12
869.053	-11.18
869.363	-6.97
869.673	-4.4
869.982	-10.48
870.292	1.22
870.602	-4.63
870.912	6.61
871.221	-9.31
871.531	1.92
871.84	-17.97
872.15	-6.97
872.459	3.8
872.768	-15.4
873.078	-33.89
873.387	-26.16
873.696	-22.65
874.005	1.69
874.314	-0.42
874.623	-11.65
874.932	33.05
875.241	4.26
875.55	-10.25
875.859	-13.76
876.168	-7.44
876.476	7.54
876.785	-11.18
877.093	-10.25
877.402	15.73
877.71	-16.33
878.019	-1.12
878.327	-18.2
878.636	-22.65
878.944	-18.91
879.252	-4.86
879.56	-8.84
879.868	3.33
880.176	15.5
880.484	15.97
880.792	0.29
881.1	-16.8
881.408	11.75
881.716	26.97
882.023	-7.44
882.331	-2.76
882.639	-0.42
882.946	20.88
883.254	8.48
883.561	0.75
883.868	-21.95
884.176	-17.03
884.483	3.09
884.79	-11.88
885.097	-1.35
885.404	-8.37
885.712	-22.65
886.019	3.33
886.325	27.44
886.632	-9.54
886.939	-28.5
887.246	0.29
887.553	1.46
887.859	-11.18
888.166	23.46
888.472	5.44
888.779	-17.03
889.085	-12.12
889.392	-6.27
889.698	-19.37
890.004	-10.71
890.311	-1.12
890.617	12.92
890.923	-2.05
891.229	2.63
891.535	16.2
891.841	-8.37
892.147	-20.78
892.453	-4.63
892.759	-15.63
893.064	-5.8
893.37	12.92
893.676	-7.2
893.981	7.54
894.287	-28.03
894.592	-7.91
894.897	0.75
895.203	9.65
895.508	-21.71
895.813	-0.88
896.119	7.31
896.424	9.18
896.729	-27.33
897.034	7.54
897.339	8.71
897.644	25.33
897.948	7.31
898.253	-18.44
898.558	-25.93
898.863	4.97
899.167	-25.23
899.472	2.39
899.776	-5.57
900.081	12.22
900.385	-29.2
900.69	0.99
900.994	-42.31
901.298	-1.35
901.602	2.63
901.906	-7.67
902.21	8.48
902.514	9.65
902.818	-5.1
903.122	19.24
903.426	-11.42
903.73	-1.12
904.034	31.88
904.337	4.26
904.641	-6.97
904.945	3.8
905.248	11.99
905.552	-9.31
905.855	-4.4
906.158	25.33
906.462	-10.25
906.765	-21.01
907.068	8.71
907.371	25.33
907.674	3.09
907.977	-24.99
908.28	-4.86
908.583	-3.22
908.886	0.99
909.189	-6.03
909.491	-14.23
909.794	-11.42
910.097	-0.18
910.399	16.2
910.702	27.9
911.004	-19.14
911.307	-7.2
911.609	12.92
911.911	21.35
912.213	12.92
912.516	14.33
912.818	14.56
913.12	-10.48
913.422	5.67
913.724	-20.31
914.026	-19.61
914.327	-10.01
914.629	13.39
914.931	3.33
915.233	9.88
915.534	12.22
915.836	3.33
916.137	-6.03
916.439	-6.97
916.74	-32.25
917.041	-28.97
917.343	-17.97
917.644	-21.01
917.945	15.73
918.246	-7.67
918.547	-41.84
918.848	-22.42
919.149	10.35
919.45	-14.69
919.751	4.03
920.052	-28.74
920.352	-11.42
920.653	2.86
920.954	-6.97
921.254	5.9
921.555	-3.93
921.855	-11.18
922.155	11.99
922.456	14.33
922.756	-3.69
923.056	-17.27
923.356	-9.78
923.656	25.8
923.956	-15.63
924.256	-18.67
924.556	9.18
924.856	-6.03
925.156	-12.12
925.456	5.2
925.755	43.59
926.055	4.97
926.355	-10.71
926.654	9.41
926.953	-10.48
927.253	-15.63
927.552	-9.54
927.852	-7.2
928.151	-16.1
928.45	6.61
928.749	-6.5
929.048	7.54
929.347	-2.76
929.646	-4.4
929.945	-23.12
930.244	-13.52
930.543	-17.74
930.841	-1.82
931.14	-17.27
931.439	-16.1
931.737	15.97
932.036	-12.59
932.334	-26.86
932.632	-8.37
932.931	-13.05
933.229	1.22
933.527	8.24
933.825	-13.76
934.123	0.05
934.421	-3.46
934.719	-32.01
935.017	1.46
935.315	-3.22
935.613	0.52
935.911	17.14
936.208	-4.86
936.506	4.97
936.804	2.39
937.101	-18.2
937.399	-4.16
937.696	-3.69
937.993	-1.12
938.291	-2.29
938.588	-13.52
938.885	16.44
939.182	-2.76
939.479	3.8
939.776	-3.69
940.073	9.88
940.37	-9.31
940.667	1.46
940.964	0.29
941.26	-13.76
941.557	17.37
941.854	-17.97
942.15	-9.54
942.447	-4.86
942.743	-8.14
943.039	9.41
943.336	-13.05
943.632	15.27
943.928	-10.48
944.224	26.27
944.52	2.39
944.816	13.63
945.112	30.95
945.408	10.12
945.704	4.5
946	3.09
946.295	-9.78
946.591	-19.84
946.887	17.61
947.182	14.33
947.478	-2.05
947.773	-12.35
948.069	7.78
948.364	-13.76
948.659	21.58
948.954	-20.78
949.25	-3.93
949.545	1.46
949.84	-0.18
950.135	-12.82
950.43	1.22
950.724	-10.71
951.019	-20.08
951.314	-24.29
951.609	0.29
951.903	42.18
952.198	-8.84
952.492	1.46
952.787	14.1
953.081	-18.2
953.376	-14.93
953.67	-2.05
953.964	13.86
954.258	19.95
954.552	-13.99
954.846	-5.57
955.14	6.84
955.434	-17.97
955.728	-23.35
956.022	-3.46
956.316	-4.16
956.609	-2.76
956.903	-5.57
957.197	19.01
957.49	-2.05
957.784	-15.4
958.077	-9.78
958.37	6.37
958.664	-25.46
958.957	7.07
959.25	-7.2
959.543	9.88
959.836	-20.54
960.129	4.5
960.422	1.92
960.715	19.24
961.008	3.8
961.3	8.48
961.593	5.44
961.886	-16.1
962.178	-7.91
962.471	-3.69
962.763	-13.29
963.056	21.82
963.348	-14.69
963.64	-24.52
963.933	-24.76
964.225	-24.29
964.517	-9.54
964.809	-10.25
965.101	-26.4
965.393	-38.57
965.685	11.99
965.977	5.44
966.268	-5.57
966.56	2.63
966.852	-12.59
967.143	1.92
967.435	-24.29
967.726	-17.03
968.018	-9.31
968.309	-11.88
968.6	27.67
968.891	-2.29
969.183	0.05
969.474	-13.99
969.765	0.05
970.056	22.76
970.347	-13.52
970.638	-16.1
970.928	-0.18
971.219	-50.04
971.51	-15.4
971.8	-1.35
972.091	9.88
972.382	15.03
972.672	-4.4
972.962	12.46
973.253	-17.74
973.543	-6.27
973.833	-5.33
974.123	-20.08
974.413	-20.08
974.704	-12.82
974.994	-2.05
975.283	0.99
975.573	-1.82
975.863	-12.35
976.153	-16.33
976.443	7.54
976.732	12.92
977.022	16.2
977.311	13.39
977.601	16.2
977.89	4.26
978.179	11.52
978.469	9.41
978.758	8.48
979.047	-4.86
979.336	-6.74
979.625	28.14
979.914	-18.91
980.203	2.86
980.492	13.63
980.781	4.5
981.069	11.05
981.358	4.5
981.647	-6.5
981.935	15.5
982.224	0.29
982.512	-2.99
982.8	4.26
983.089	29.54
983.377	9.41
983.665	-13.05
983.953	2.63
984.241	-15.63
984.529	-5.8
984.817	9.41
985.105	5.2
985.393	12.22
985.681	3.8
985.969	-6.97
986.256	-5.1
986.544	-6.5
986.831	-7.2
987.119	-14.69
987.406	-11.42
987.694	-32.01
987.981	6.61
988.268	5.9
988.555	-12.12
988.842	-5.33
989.129	-3.22
989.416	-7.2
989.703	-30.14
989.99	21.58
990.277	19.95
990.564	-19.84
990.85	-6.03
991.137	16.67
991.424	8.95
991.71	-17.97
991.997	-13.52
992.283	15.5
992.569	-0.18
992.856	-7.91
993.142	-13.29
993.428	2.63
993.714	-14.69
994	-31.08
994.286	-1.59
994.572	-19.61
994.858	0.29
995.144	-14.46
995.429	-3.93
995.715	-3.22
996.001	-5.1
996.286	-32.01
996.572	10.35
996.857	-8.14
997.142	26.5
997.428	-5.1
997.713	-0.88
997.998	-0.18
998.283	-7.67
998.568	-7.67
998.853	1.92
999.138	13.39
999.423	8.24
999.708	-1.35
999.993	12.92
1000.277	15.73
1000.562	30.48
1000.847	2.16
1001.131	-15.63
1001.415	-1.35
1001.7	-1.35
1001.984	4.97
1002.268	-13.99
1002.553	34.46
1002.837	5.67
1003.121	-6.03
1003.405	-4.16
1003.689	-2.52
1003.973	-33.89
1004.257	-2.99
1004.54	-1.59
1004.824	-27.57
1005.108	-19.84
1005.391	-15.16
1005.675	31.65
1005.958	-17.03
1006.242	4.03
1006.525	15.03
1006.808	-15.4
1007.092	-18.44
1007.375	0.75
1007.658	-11.42
1007.941	-27.33
1008.224	-18.91
1008.507	2.16
1008.79	22.76
1009.073	-2.52
1009.355	-18.2
1009.638	-21.71
1009.921	-29.67
1010.203	-19.37
1010.486	0.05
1010.768	11.29
1011.05	-6.03
1011.333	28.14
1011.615	4.97
1011.897	-14.46
1012.179	-4.16
1012.461	-17.27
1012.743	-8.14
1013.025	2.39
1013.307	-25.69
1013.589	-5.33
1013.871	10.12
1014.152	26.73
1014.434	-20.78
1014.716	-25.69
1014.997	-2.99
1015.279	-13.05
1015.56	-18.91
1015.841	-3.22
1016.123	21.35
1016.404	7.07
1016.685	-21.25
1016.966	-9.54
1017.247	-22.42
1017.528	-13.99
1017.809	-3.46
1018.09	5.44
1018.371	-3.93
1018.651	17.14
1018.932	-7.67
1019.212	-11.42
1019.493	-0.88
1019.773	-3.69
1020.054	-23.59
1020.334	-11.18
1020.614	-0.65
1020.895	-0.65
1021.175	-0.65
