340.2	-0.35
340.6	-0.35
340.9	-0.35
341.3	-3.39
341.7	10.42
342.1	-1.05
342.4	-18.14
342.8	0.35
343.2	-9.71
343.6	-10.88
343.9	0.82
344.3	5.97
344.7	23.29
345.1	-8.78
345.4	9.01
345.8	18.84
346.2	12.99
346.6	-28.67
346.9	-11.12
347.3	-3.16
347.7	17.44
348	-36.4
348.4	-3.39
348.8	4.8
349.2	-12.52
349.5	-15.33
349.9	-15.33
350.3	12.99
350.7	4.56
351	1.29
351.4	-22.35
351.8	-16.5
352.2	12.05
352.5	-9.01
352.9	20.48
353.3	34.99
353.6	-1.76
354	1.99
354.4	13.69
354.8	7.61
355.1	10.88
355.5	26.1
355.9	23.52
356.3	32.88
356.6	-33.35
357	13.46
357.4	9.25
357.8	5.97
358.1	-7.14
358.5	-1.52
358.9	-26.57
359.2	12.76
359.6	-0.35
360	-23.52
360.4	4.8
360.7	0.59
361.1	-9.01
361.5	-8.54
361.9	16.73
362.2	6.67
362.6	1.29
363	2.46
363.3	-3.16
363.7	7.37
364.1	1.05
364.5	-4.1
364.8	14.39
365.2	12.05
365.6	1.52
366	1.52
366.3	36.16
366.7	-11.12
367.1	-25.16
367.4	21.88
367.8	-10.88
368.2	-0.59
368.6	-9.01
368.9	3.63
369.3	-3.63
369.7	12.76
370	-8.54
370.4	-21.65
370.8	-4.33
371.2	3.63
371.5	-1.76
371.9	3.39
372.3	4.1
372.6	14.39
373	19.08
373.4	18.37
373.8	-5.27
374.1	7.84
374.5	10.18
374.9	-3.63
375.2	-29.14
375.6	16.03
376	12.99
376.4	2.93
376.7	14.86
377.1	-9.25
377.5	-25.16
377.8	-3.86
378.2	8.07
378.6	14.16
379	8.31
379.3	6.44
379.7	10.18
380.1	-1.05
380.4	10.42
380.8	-17.2
381.2	-23.29
381.6	-4.1
381.9	12.99
382.3	45.52
382.7	-0.82
383	-9.95
383.4	-14.86
383.8	1.99
384.2	10.42
384.5	17.91
384.9	2.93
385.3	20.25
385.6	-18.61
386	-11.12
386.4	20.01
386.7	7.84
387.1	48.33
387.5	-17.44
387.9	-6.2
388.2	-1.52
388.6	-17.44
389	-5.97
389.3	16.97
389.7	-28.91
390.1	-9.01
390.5	2.22
390.8	-3.39
391.2	15.8
391.6	-12.99
391.9	-20.48
392.3	-12.52
392.7	8.07
393	-20.71
393.4	2.46
393.8	6.44
394.2	-21.42
394.5	-18.61
394.9	21.65
395.3	-6.2
395.6	11.59
396	-6.44
396.4	0.12
396.7	-3.86
397.1	-18.61
397.5	0.59
397.8	-1.76
398.2	-10.42
398.6	4.33
399	-24.69
399.3	13.46
399.7	-11.59
400.1	-4.8
400.4	-24.93
400.8	-0.12
401.2	4.8
401.5	-12.99
401.9	24.69
402.3	-8.54
402.7	9.71
403	1.76
403.4	28.91
403.8	-3.39
404.1	-10.18
404.5	36.63
404.9	11.59
405.2	4.56
405.6	-15.1
406	-11.35
406.3	24.22
406.7	29.14
407.1	28.91
407.4	44.12
407.8	24.69
408.2	30.78
408.6	3.39
408.9	47.16
409.3	13.69
409.7	16.27
410	14.39
410.4	30.31
410.8	51.84
411.1	61.67
411.5	37.8
411.9	208.66
412.2	74.31
412.6	79.23
413	56.76
413.3	84.14
413.7	79.93
414.1	104.27
414.4	47.16
414.8	91.4
415.2	118.55
415.5	101.93
415.9	146.4
416.3	131.66
416.7	140.32
417	168.17
417.4	135.63
417.8	158.81
418.1	163.02
418.5	171.91
418.9	217.32
419.2	230.19
419.6	213.11
420	197.42
420.3	271.39
420.7	253.36
421.1	283.79
421.4	259.92
421.8	260.85
422.2	288.24
422.5	293.62
422.9	323.11
423.3	315.62
423.6	346.75
424	360.09
424.4	368.05
424.7	370.39
425.1	408.07
425.5	422.82
425.8	435.22
426.2	437.8
426.6	430.54
426.9	431.71
427.3	449.03
427.7	470.8
428	480.86
428.4	488.59
428.8	503.33
429.1	528.84
429.5	504.74
429.9	565.82
430.2	559.74
430.6	581.51
431	569.8
431.3	621.06
431.7	625.74
432.1	632.06
432.4	665.3
432.8	641.42
433.2	688.47
433.5	690.11
433.9	687.06
434.3	731.53
434.6	724.75
435	724.04
435.4	741.83
435.7	771.79
436.1	785.6
436.5	760.79
436.8	750.02
437.2	760.79
437.6	758.92
437.9	725.21
438.3	728.96
438.7	734.34
439	731.07
439.4	738.09
439.8	729.9
440.1	687.06
440.5	677
440.9	686.83
441.2	674.89
441.6	635.81
442	608.42
442.3	559.74
442.7	540.08
443.1	505.44
443.4	478.05
443.8	440.37
444.1	427.03
444.5	423.05
444.9	414.16
445.2	372.5
445.6	361.03
446	296.66
446.3	273.02
446.7	276.77
447.1	253.13
447.4	236.51
447.8	209.36
448.2	222.94
448.5	180.34
448.9	170.04
449.3	154.59
449.6	149.91
450	162.78
450.4	140.78
450.7	142.89
451.1	123.46
451.4	132.83
451.8	126.74
452.2	71.27
452.5	67.52
452.9	102.63
453.3	85.55
453.6	68.23
454	98.65
454.4	53.25
454.7	71.97
455.1	64.25
455.5	72.21
455.8	53.01
456.2	87.65
456.5	34.99
456.9	82.04
457.3	31.25
457.6	74.31
458	59.1
458.4	30.31
458.7	46.46
459.1	12.76
459.5	57.23
459.8	60.03
460.2	56.99
460.5	32.42
460.9	41.31
461.3	43.42
461.6	44.82
462	37.8
462.4	33.59
462.7	51.61
463.1	29.61
463.5	23.76
463.8	37.33
464.2	53.48
464.5	25.86
464.9	15.33
465.3	40.14
465.6	51.61
466	-4.1
466.4	7.37
466.7	18.37
467.1	37.8
467.5	27.03
467.8	-12.29
468.2	33.82
468.5	12.29
468.9	36.16
469.3	36.16
469.6	28.2
470	10.88
470.4	23.52
470.7	31.95
471.1	18.84
471.4	2.93
471.8	0.59
472.2	42.25
472.5	61.67
472.9	1.05
473.3	30.08
473.6	3.63
474	41.31
474.3	23.76
474.7	14.39
475.1	11.82
475.4	35.46
475.8	6.9
476.2	-1.52
476.5	26.57
476.9	17.67
477.2	20.71
477.6	16.5
478	39.67
478.3	48.57
478.7	42.95
479.1	-6.44
479.4	26.57
479.8	49.27
480.1	13.22
480.5	19.08
480.9	11.82
481.2	18.37
481.6	31.71
481.9	47.86
482.3	41.31
482.7	2.46
483	37.33
483.4	44.82
483.8	39.91
484.1	47.4
484.5	35.69
484.8	54.65
485.2	78.29
485.6	53.48
485.9	61.44
486.3	56.52
486.6	40.14
487	55.82
487.4	35.46
487.7	56.52
488.1	75.25
488.5	50.91
488.8	80.16
489.2	86.01
489.5	62.38
489.9	92.33
490.3	90.7
490.6	59.1
491	83.67
491.3	74.55
491.7	55.82
492.1	109.42
492.4	112.23
492.8	120.19
493.1	111.53
493.5	133.06
493.9	128.85
494.2	135.4
494.6	129.78
494.9	136.8
495.3	139.38
495.7	136.34
496	149.21
496.4	196.49
496.7	194.85
497.1	163.02
497.5	190.17
497.8	202.57
498.2	227.85
498.5	206.55
498.9	252.19
499.3	231.36
499.6	246.81
500	262.26
500.3	287.53
500.7	290.81
501.1	288.71
501.4	302.05
501.8	329.2
502.1	332.24
502.5	361.73
502.9	334.35
503.2	373.43
503.6	407.6
503.9	370.16
504.3	401.75
504.7	397.07
505	437.56
505.4	456.05
505.7	468.46
506.1	507.78
506.5	463.54
506.8	515.5
507.2	522.76
507.5	556.23
507.9	590.17
508.2	576.12
508.6	620.12
509	613.34
509.3	637.68
509.7	637.21
510	646.34
510.4	677
510.8	676.77
511.1	757.28
511.5	737.62
511.8	749.56
512.2	773.43
512.6	756.81
512.9	776
513.3	831.48
513.6	836.16
514	843.18
514.3	883.9
514.7	917.14
515.1	886.01
515.4	935.4
515.8	922.52
516.1	932.59
516.5	992.5
516.9	1000.7
517.2	991.57
517.6	1000.7
517.9	1043.76
518.3	1039.31
518.6	1022.7
519	1055
519.4	1081.91
519.7	1095.72
520.1	1111.4
520.4	1096.42
520.8	1138.09
521.1	1146.75
521.5	1178.11
521.9	1201.05
522.2	1160.32
522.6	1194.96
522.9	1231.71
523.3	1252.54
523.6	1238.26
524	1256.28
524.4	1277.11
524.7	1314.33
525.1	1315.26
525.4	1303.8
525.8	1362.54
526.2	1383.61
526.5	1387.12
526.9	1387.35
527.2	1428.55
527.6	1422.46
527.9	1441.65
528.3	1430.89
528.6	1450.78
529	1467.63
529.4	1495.49
529.7	1492.68
530.1	1495.49
530.4	1502.04
530.8	1519.12
531.1	1555.64
531.5	1579.74
531.9	1513.51
532.2	1581.15
532.6	1612.51
532.9	1612.28
533.3	1674.07
533.6	1616.73
534	1598
534.4	1838.61
534.7	1675
535.1	1666.11
535.4	1676.17
535.8	1687.41
536.1	1723.22
536.5	1686.71
536.8	1718.3
537.2	1762.54
537.6	1706.84
537.9	1712.92
538.3	1723.45
538.6	1770.5
539	1758.09
539.3	1806.78
539.7	1787.35
540	1792.97
540.4	1828.78
540.8	1805.14
541.1	1959.85
541.5	1816.84
541.8	1850.78
542.2	1807.95
542.5	1872.08
542.9	1854.76
543.2	1858.5
543.6	1868.1
544	1869.74
544.3	1868.33
544.7	1893.84
545	1895.48
545.4	1907.89
545.7	1909.53
546.1	1921.23
546.4	1933.4
546.8	1915.14
547.2	1928.72
547.5	1895.72
547.9	1924.51
548.2	1911.4
548.6	1943
548.9	1949.32
549.3	1931.06
549.6	1939.48
550	1941.12
550.3	1973.19
550.7	1963.12
551.1	1928.95
551.4	1975.3
551.8	1976.47
552.1	1951.42
552.5	1975.76
552.8	1943.7
553.2	1929.19
553.5	1922.4
553.9	1945.57
554.2	1951.19
554.6	1928.95
554.9	1978.57
555.3	1997.76
555.7	1944.4
556	1973.89
556.4	1952.36
556.7	1980.44
557.1	1958.21
557.4	1952.83
557.8	1986.76
558.1	1947.68
558.5	1946.97
558.8	1960.08
559.2	1939.25
559.5	1944.63
559.9	1898.29
560.3	1955.17
560.6	1964.76
561	1959.15
561.3	1923.8
561.7	1941.83
562	1906.25
562.4	1949.32
562.7	1910.7
563.1	1898.29
563.4	1931.53
563.8	1942.29
564.1	1917.02
564.5	1887.99
564.8	1912.8
565.2	1906.25
565.5	1869.74
565.9	1886.82
566.3	1898.29
566.6	1884.01
567	1880.5
567.3	1865.06
567.7	1854.52
568	1876.29
568.4	1896.65
568.7	1862.95
569.1	1850.78
569.4	1841.18
569.8	1830.42
570.1	1835.8
570.5	1845.86
570.8	1824.33
571.2	1830.65
571.5	1821.29
571.9	1804.9
572.2	1838.37
572.6	1818.25
572.9	1814.03
573.3	1836.5
573.6	1815.9
574	1824.1
574.4	1783.61
574.7	1770.03
575.1	1785.24
575.4	1779.86
575.8	1782.43
576.1	1813.33
576.5	1736.09
576.8	1793.44
577.2	1785.95
577.5	1785.48
577.9	1746.39
578.2	1770.5
578.6	1778.22
578.9	1746.16
579.3	1758.09
579.6	1761.37
580	1753.88
580.3	1726.96
580.7	1689.52
581	1690.22
581.4	1687.41
581.7	1718.54
582.1	1718.54
582.4	1733.52
582.8	1679.69
583.1	1678.75
583.5	1646.68
583.8	1660.49
584.2	1662.83
584.5	1717.6
584.9	1681.32
585.2	1682.03
585.6	1680.86
585.9	1660.49
586.3	1644.11
586.6	1650.9
587	1610.64
587.3	1646.22
587.7	1633.11
588	1646.45
588.4	1629.36
588.7	1636.39
589.1	1629.83
589.4	1602.45
589.8	1591.21
590.1	1565.7
590.5	1584.43
590.8	1580.21
591.2	1557.74
591.5	1576.7
591.9	1549.08
592.2	1606.19
592.6	1530.13
592.9	1564.06
593.3	1521.93
593.6	1545.81
594	1545.34
594.3	1521.7
594.7	1547.45
595	1523.81
595.4	1525.21
595.7	1538.79
596.1	1497.36
596.4	1492.21
596.8	1506.72
597.1	1495.02
597.5	1490.57
597.8	1511.63
598.2	1477.23
598.5	1474.42
598.9	1421.52
599.2	1437.67
599.6	1415.91
599.9	1447.5
600.3	1433.7
600.6	1402.8
601	1408.42
601.3	1391.33
601.7	1391.8
602	1427.61
602.4	1390.4
602.7	1407.72
603.1	1393.91
603.4	1390.63
603.8	1325.33
604.1	1381.03
604.5	1361.61
604.8	1374.01
605.1	1338.44
605.5	1367.93
605.8	1333.99
606.2	1295.14
606.5	1329.54
606.9	1323.22
607.2	1273.6
607.6	1281.09
607.9	1306.14
608.3	1277.58
608.6	1283.9
609	1286.24
609.3	1253.71
609.7	1221.88
610	1267.05
610.4	1230.77
610.7	1197.07
611.1	1242.01
611.4	1245.75
611.8	1189.81
612.1	1192.85
612.5	1192.15
612.8	1186.07
613.1	1196.36
613.5	1177.41
613.8	1151.43
614.2	1155.41
614.5	1164.77
614.9	1152.13
615.2	1131.77
615.6	1125.21
615.9	1138.32
616.3	1144.17
616.6	1080.98
617	1090.57
617.3	1105.32
617.7	1110.23
618	1095.02
618.3	1103.45
618.7	1098.06
619	1090.34
619.4	1065.29
619.7	1043.53
620.1	1043.29
620.4	1054.76
620.8	1018.02
621.1	1055.93
621.5	1011.23
621.8	1033
622.2	1056.63
622.5	1026.21
622.8	1004.44
623.2	984.55
623.5	958.57
623.9	999.76
624.2	954.59
624.6	969.33
624.9	937.5
625.3	937.03
625.6	924.63
626	922.76
626.3	902.39
626.7	942.88
627	918.78
627.3	928.37
627.7	892.56
628	901.22
628.4	910.35
628.7	907.07
629.1	878.99
629.4	922.29
629.8	871.73
630.1	889.05
630.5	853.01
630.8	841.77
631.1	867.52
631.5	863.31
631.8	836.16
632.2	853.48
632.5	823.75
632.9	816.03
633.2	798.01
633.6	831.71
633.9	801.05
634.2	802.69
634.6	782.56
634.9	797.07
635.3	787.71
635.6	756.34
636	767.81
636.3	767.34
636.7	788.18
637	768.51
637.3	752.6
637.7	749.09
638	760.32
638.4	752.13
638.7	758.92
639.1	706.96
639.4	735.51
639.8	711.87
640.1	729.43
640.4	712.81
640.8	713.75
641.1	703.92
641.5	671.38
641.8	663.89
642.2	691.75
642.5	651.25
642.8	664.6
643.2	668.81
643.5	656.87
643.9	661.79
644.2	664.36
644.6	636.51
644.9	647.74
645.3	636.74
645.6	644.93
645.9	620.36
646.3	614.98
646.6	623.64
647	597.89
647.3	625.74
647.7	600.93
648	585.49
648.3	587.59
648.7	564.89
649	593.21
649.4	569.1
649.7	544.53
650.1	549.91
650.4	555.06
650.7	576.83
651.1	560.91
651.4	522.99
651.8	550.85
652.1	557.87
652.4	525.8
652.8	522.06
653.1	556.93
653.5	515.27
653.8	524.63
654.2	511.99
654.5	528.38
654.8	493.5
655.2	487.88
655.5	507.08
655.9	501.23
656.2	474.08
656.6	500.99
656.9	500.52
657.2	496.54
657.6	464.25
657.9	502.16
658.3	483.2
658.6	475.01
658.9	461.67
659.3	466.35
659.6	441.54
660	465.88
660.3	455.59
660.7	451.37
661	449.03
661.3	448.1
661.7	444.58
662	436.16
662.4	404.09
662.7	401.52
663	416.73
663.4	416.5
663.7	321.47
664.1	391.92
664.4	401.52
664.7	377.18
665.1	390.05
665.4	367.11
665.8	399.65
666.1	416.73
666.4	384.67
666.8	393.33
667.1	361.5
667.5	386.54
667.8	368.28
668.1	352.37
668.5	349.09
668.8	343.24
669.2	354.71
669.5	359.62
669.8	362.2
670.2	354.94
670.5	326.62
670.9	316.09
671.2	332.71
671.5	318.2
671.9	289.41
672.2	312.34
672.6	357.75
672.9	318.2
673.2	349.32
673.6	308.37
673.9	306.73
674.3	272.09
674.6	304.85
674.9	306.26
675.3	304.85
675.6	307.66
676	323.81
676.3	294.09
676.6	264.83
677	288
677.3	259.45
677.7	267.41
678	260.85
678.3	275.6
678.7	259.68
679	264.6
679.4	265.53
679.7	271.39
680	263.9
680.4	255.7
680.7	250.09
681	255.24
681.4	240.96
681.7	223.64
682.1	220.83
682.4	245.87
682.7	229.72
683.1	237.92
683.4	266.47
683.8	248.92
684.1	236.51
684.4	237.92
684.8	230.19
685.1	229.96
685.4	254.77
685.8	231.83
686.1	231.13
686.5	235.34
686.8	231.83
687.1	221.77
687.5	205.62
687.8	234.17
688.1	226.45
688.5	196.02
688.8	180.1
689.2	174.49
689.5	184.79
689.8	218.25
690.2	202.34
690.5	159.51
690.8	198.36
691.2	205.38
691.5	201.17
691.9	196.96
692.2	177.3
692.5	214.28
692.9	165.59
693.2	157.4
693.5	164.89
693.9	152.72
694.2	159.74
694.6	168.17
694.9	169.57
695.2	144.53
695.6	180.81
695.9	125.34
696.2	139.38
696.6	148.27
696.9	159.98
697.2	153.89
697.6	192.51
697.9	127.44
698.3	111.29
698.6	130.95
698.9	157.64
699.3	144.06
699.6	116.68
699.9	141.02
700.3	146.17
700.6	126.27
700.9	130.48
701.3	127.21
701.6	123.46
702	141.72
702.3	157.87
702.6	151.55
703	125.57
703.3	108.02
703.6	137.74
704	130.02
704.3	116.44
704.6	104.04
705	136.8
705.3	113.16
705.6	129.55
706	127.91
706.3	94.21
706.6	112.46
707	101.46
707.3	129.31
707.7	102.63
708	137.04
708.3	102.16
708.7	118.78
709	103.1
709.3	115.74
709.7	103.57
710	103.1
710.3	114.1
710.7	85.31
711	106.61
711.3	79.23
711.7	98.19
712	104.27
712.3	88.12
712.7	112.7
713	97.95
713.3	115.74
713.7	113.63
714	124.4
714.3	103.1
714.7	100.76
715	76.89
715.3	88.36
715.7	102.4
716	136.34
716.3	92.57
716.7	88.12
717	84.61
717.3	77.82
717.7	78.52
718	60.5
718.4	79.7
718.7	82.5
719	70.8
719.4	101.46
719.7	73.61
720	80.4
720.4	72.21
720.7	74.08
721	59.33
721.3	76.65
721.7	92.8
722	85.55
722.3	90.23
722.7	84.84
723	88.59
723.3	85.08
723.7	58.4
724	88.82
724.3	75.72
724.7	87.18
725	79.7
725.3	54.42
725.7	80.87
726	66.82
726.3	92.8
726.7	68.46
727	78.76
727.3	53.48
727.7	51.37
728	90.23
728.3	42.95
728.7	98.65
729	74.78
729.3	65.42
729.7	55.12
730	74.31
730.3	46.93
730.7	56.29
731	63.78
731.3	52.55
731.7	45.76
732	57.69
732.3	33.59
732.6	57.46
733	41.31
733.3	57.46
733.6	55.12
734	71.5
734.3	46.23
734.6	37.1
735	67.52
735.3	51.14
735.6	38.03
736	36.16
736.3	28.2
736.6	57.23
737	45.52
737.3	44.82
737.6	63.55
737.9	47.16
738.3	64.72
738.6	11.35
738.9	50.2
739.3	39.2
739.6	58.86
739.9	45.29
740.3	41.08
740.6	12.76
740.9	48.33
741.2	34.29
741.6	62.14
741.9	26.8
742.2	24.69
742.6	43.42
742.9	31.95
743.2	51.37
743.6	14.63
743.9	37.8
744.2	52.08
744.6	87.89
744.9	36.16
745.2	-12.99
745.5	30.31
745.9	44.59
746.2	41.78
746.5	40.61
746.9	61.21
747.2	9.48
747.5	36.16
747.8	27.74
748.2	43.65
748.5	41.54
748.8	23.05
749.2	38.74
749.5	33.82
749.8	37.8
750.1	57.69
750.5	28.91
750.8	44.82
751.1	40.61
751.5	32.18
751.8	12.76
752.1	5.03
752.5	25.63
752.8	33.12
753.1	23.52
753.4	38.74
753.8	20.48
754.1	19.78
754.4	15.1
754.7	32.18
755.1	34.05
755.4	7.14
755.7	18.84
756.1	40.14
756.4	44.59
756.7	12.29
757	20.01
757.4	10.88
757.7	5.73
758	7.84
758.4	12.99
758.7	37.57
759	18.84
759.3	23.29
759.7	26.1
760	34.52
760.3	57.46
760.7	9.95
761	25.63
761.3	36.16
761.6	44.12
762	17.44
762.3	16.73
762.6	10.18
762.9	20.01
763.3	12.76
763.6	19.54
763.9	21.65
764.2	-7.14
764.6	6.67
764.9	18.84
765.2	14.86
765.6	42.48
765.9	31.25
766.2	-12.76
766.5	26.57
766.9	6.9
767.2	24.22
767.5	23.99
767.8	-12.05
768.2	2.46
768.5	20.25
768.8	21.65
769.1	18.14
769.5	9.01
769.8	24.93
770.1	38.03
770.5	28.67
770.8	10.88
771.1	15.56
771.4	8.07
771.8	24.69
772.1	16.03
772.4	40.14
772.7	6.9
773.1	3.39
773.4	38.27
773.7	44.12
774	0.59
774.4	2.69
774.7	15.1
775	0.35
775.3	5.27
775.7	24.46
776	12.05
776.3	7.84
776.6	16.73
777	-2.46
777.3	6.44
777.6	13.46
777.9	11.35
778.3	22.59
778.6	5.73
778.9	16.5
779.2	12.99
779.6	0.35
779.9	13.69
780.2	25.63
780.5	13.93
780.9	-15.1
781.2	-16.5
781.5	6.44
781.8	-13.69
782.2	1.05
782.5	-5.97
782.8	12.99
783.1	21.65
783.4	6.44
783.8	9.01
784.1	5.03
784.4	19.31
784.7	-13.93
785.1	41.31
785.4	8.31
785.7	-2.46
786	12.76
786.4	-10.18
786.7	2.46
787	10.18
787.3	10.65
787.7	19.78
788	19.54
788.3	10.18
788.6	-1.29
788.9	17.91
789.3	5.97
789.6	16.03
789.9	12.99
790.2	14.39
790.6	3.16
790.9	10.42
791.2	-1.05
791.5	32.65
791.9	30.08
792.2	30.54
792.5	19.31
792.8	12.52
793.1	17.91
793.5	21.65
793.8	8.54
794.1	9.25
794.4	12.99
794.8	16.5
795.1	15.56
795.4	7.14
795.7	-24.46
796	31.48
796.4	25.16
796.7	23.52
797	39.2
797.3	-1.76
797.7	19.78
798	9.71
798.3	16.03
798.6	1.52
798.9	9.01
799.3	25.86
799.6	10.18
799.9	9.95
800.2	21.18
800.5	-21.18
800.9	5.27
801.2	10.18
801.5	19.08
801.8	11.12
802.2	-4.8
802.5	13.69
802.8	1.99
803.1	-3.16
803.4	39.67
803.8	15.8
804.1	-1.52
804.4	1.99
804.7	24.22
805	1.99
805.4	-15.1
805.7	6.2
806	16.97
806.3	22.59
806.6	-3.39
807	11.35
807.3	-10.88
807.6	35.93
807.9	-1.76
808.2	1.05
808.6	-1.76
808.9	25.86
809.2	11.35
809.5	6.67
809.8	-5.73
810.2	20.25
810.5	28.91
810.8	-1.29
811.1	-14.16
811.4	5.97
811.8	12.05
812.1	18.37
812.4	-20.01
812.7	18.84
813	4.33
813.4	24.22
813.7	22.35
814	6.67
814.3	-2.46
814.6	8.31
815	22.59
815.3	-18.61
815.6	-14.39
815.9	18.61
816.2	-9.48
816.5	1.29
816.9	2.46
817.2	-13.69
817.5	-2.69
817.8	8.07
818.1	5.73
818.5	-9.71
818.8	21.18
819.1	10.88
819.4	14.39
819.7	6.44
820.1	7.37
820.4	5.5
820.7	24.93
821	23.99
821.3	-32.65
821.6	7.14
822	-13.46
822.3	-22.82
822.6	-10.88
822.9	22.12
823.2	1.52
823.5	3.86
823.9	20.01
824.2	-1.29
824.5	-0.12
824.8	19.78
825.1	17.67
825.5	36.16
825.8	-16.03
826.1	4.1
826.4	0.12
826.7	23.76
827	7.37
827.4	15.33
827.7	-10.42
828	-12.99
828.3	5.03
828.6	-11.59
828.9	-27.03
829.3	16.73
829.6	0.59
829.9	-7.37
830.2	-12.76
830.5	4.1
830.8	6.9
831.2	1.99
831.5	-0.82
831.8	5.03
832.1	-3.63
832.4	-2.22
832.7	-4.8
833.1	-3.16
833.4	24.22
833.7	9.95
834	0.82
834.3	-4.8
834.6	7.14
835	15.56
835.3	-11.59
835.6	11.35
835.9	17.44
836.2	28.67
836.5	-16.5
836.8	-5.73
837.2	-5.5
837.5	2.69
837.8	-6.67
838.1	-20.48
838.4	12.99
838.7	-5.27
839.1	16.97
839.4	1.05
839.7	3.39
840	18.37
840.3	-11.12
840.6	-293.39
840.9	-19.54
841.3	-24.46
841.6	-2.69
841.9	13.22
842.2	0.59
842.5	-11.59
842.8	-9.25
843.1	22.12
843.5	-22.59
843.8	-16.03
844.1	4.33
844.4	-18.84
844.7	18.84
845	-4.8
845.3	-23.99
845.7	-11.82
846	-35.46
846.3	-16.5
846.6	7.37
846.9	-20.48
847.2	12.76
847.5	3.86
847.9	-9.71
848.2	20.01
848.5	-20.25
848.8	-31.71
849.1	-18.84
849.4	-8.31
849.7	-18.14
850	-26.8
850.4	-2.22
850.7	-28.91
851	17.2
851.3	-2.46
851.6	6.44
851.9	-2.46
852.2	-15.33
852.5	3.86
852.9	6.44
853.2	-20.48
853.5	-8.78
853.8	37.1
854.1	15.56
854.4	-20.25
854.7	20.01
855.1	-12.29
855.4	5.73
855.7	4.33
856	22.12
856.3	7.61
856.6	-0.82
856.9	7.84
857.2	-1.52
857.5	10.42
857.9	-5.73
858.2	-4.8
858.5	-0.59
858.8	-23.29
859.1	-35.93
859.4	-15.1
859.7	46.93
860	-5.27
860.4	7.84
860.7	19.78
861	-9.71
861.3	-18.84
861.6	-4.33
861.9	-8.31
862.2	-7.37
862.5	-12.29
862.8	-25.16
863.2	3.86
863.5	-4.1
863.8	26.1
864.1	5.97
864.4	23.99
864.7	-7.61
865	4.1
865.3	-6.2
865.6	-3.39
866	-15.1
866.3	22.82
866.6	-34.05
866.9	5.03
867.2	-2.46
867.5	6.2
867.8	6.67
868.1	-30.78
868.4	8.78
868.7	-11.82
869.1	49.27
869.4	-1.52
869.7	10.88
870	-3.63
870.3	16.73
870.6	13.22
870.9	-26.1
871.2	-25.39
871.5	23.29
871.8	-5.27
872.1	-1.29
872.5	9.25
872.8	17.2
873.1	9.95
873.4	-20.01
873.7	-6.9
874	9.71
874.3	-1.05
874.6	17.44
874.9	2.46
875.2	-1.76
875.6	-15.56
875.9	-2.69
876.2	-10.18
876.5	26.33
876.8	12.29
877.1	4.56
877.4	13.22
877.7	-22.82
878	1.99
878.3	17.44
878.6	-4.56
878.9	23.52
879.3	-33.35
879.6	26.8
879.9	2.46
880.2	1.52
880.5	-23.52
880.8	-5.5
881.1	-12.29
881.4	-6.9
881.7	-7.61
882	16.73
882.3	-8.54
882.6	-8.07
882.9	-15.33
883.3	12.29
883.6	9.95
883.9	-6.67
884.2	-6.67
884.5	4.1
884.8	6.9
885.1	-16.97
885.4	-28.67
885.7	-12.05
886	-6.44
886.3	-23.29
886.6	-8.07
886.9	2.93
887.2	0.59
887.6	-5.27
887.9	14.39
888.2	-25.39
888.5	-29.61
888.8	15.1
889.1	4.56
889.4	28.44
889.7	5.97
890	25.86
890.3	5.73
890.6	-10.42
890.9	10.18
891.2	18.84
891.5	-5.97
891.8	27.74
892.1	-12.99
892.5	-5.03
892.8	32.88
893.1	-4.1
893.4	11.82
893.7	19.31
894	20.48
894.3	-0.12
894.6	-10.42
894.9	-11.59
895.2	-1.29
895.5	-34.76
895.8	-11.12
896.1	27.74
896.4	10.88
896.7	-44.35
897	-51.37
897.3	-27.03
897.6	-2.22
897.9	18.84
898.3	-12.52
898.6	4.33
898.9	7.61
899.2	22.82
899.5	-8.31
899.8	-0.12
900.1	-11.12
900.4	6.2
900.7	-10.88
901	-4.56
901.3	12.05
901.6	-2.22
901.9	2.69
902.2	-6.9
902.5	16.27
902.8	-2.93
903.1	-5.03
903.4	3.63
903.7	-13.22
904	15.1
904.3	6.67
904.6	-26.57
904.9	-27.5
905.2	18.37
905.6	-21.18
905.9	-12.76
906.2	-23.99
906.5	22.12
906.8	-11.59
907.1	-11.35
907.4	4.56
907.7	12.05
908	8.31
908.3	5.03
908.6	0.82
908.9	-5.03
909.2	-15.1
909.5	7.84
909.8	-15.8
910.1	-13.69
910.4	-26.33
910.7	10.18
911	3.39
911.3	-6.9
911.6	-20.25
911.9	-11.59
912.2	-28.91
912.5	-18.61
912.8	-9.48
913.1	3.86
913.4	-4.33
913.7	-13.22
914	0.59
914.3	0.59
914.6	-29.37
914.9	-22.12
915.2	-4.8
915.5	9.95
915.8	-6.9
916.1	-11.35
916.4	4.56
916.7	-16.03
917	11.82
917.3	13.46
917.6	3.86
917.9	2.69
918.2	-9.95
918.5	9.95
918.8	-22.82
919.1	-53.95
919.5	-5.73
919.8	-5.03
920.1	-19.54
920.4	-12.29
920.7	7.84
921	-5.97
921.3	11.12
921.6	8.31
921.9	5.27
922.2	26.8
922.5	-8.78
922.8	-3.39
923.1	4.8
923.4	-14.39
923.7	-0.12
924	16.27
924.3	-12.76
924.6	-0.82
924.9	-0.59
925.2	5.03
925.5	-4.1
925.8	-19.78
926.1	-14.86
926.4	1.52
926.7	-6.44
927	-13.93
927.3	1.76
927.6	12.52
927.9	-28.2
928.2	-10.65
928.4	-39.2
928.7	-13.69
929	26.8
929.3	6.44
929.6	6.9
929.9	-5.97
930.2	5.73
930.5	-9.25
930.8	3.39
931.1	-10.88
931.4	-1.76
931.7	-8.07
932	5.5
932.3	-19.54
932.6	8.78
932.9	20.01
933.2	-3.86
933.5	2.22
933.8	-1.99
934.1	15.1
934.4	17.67
934.7	-4.33
935	27.5
935.3	-12.76
935.6	-16.97
935.9	1.05
936.2	4.1
936.5	7.37
936.8	7.14
937.1	4.1
937.4	-9.01
937.7	-12.76
938	-5.5
938.3	-20.95
938.6	-12.05
938.9	4.1
939.2	-0.35
939.5	-10.88
939.8	-14.86
940.1	3.39
940.4	-44.12
940.7	-31.95
941	-6.9
941.3	1.76
941.6	-12.99
941.9	16.5
942.2	-14.16
942.4	-6.67
942.7	-29.84
943	-12.05
943.3	17.67
943.6	12.99
943.9	-24.22
944.2	-12.99
944.5	9.01
944.8	-11.12
945.1	-3.86
945.4	-2.46
945.7	-17.2
946	-16.27
946.3	1.76
946.6	13.46
946.9	-9.01
947.2	-0.35
947.5	-13.46
947.8	-6.2
948.1	-16.03
948.4	-9.48
948.7	-9.01
949	-34.99
949.2	10.18
949.5	-9.95
949.8	21.65
950.1	3.86
950.4	7.14
950.7	-6.2
951	1.52
951.3	-12.76
951.6	-15.8
951.9	-11.12
952.2	13.93
952.5	-1.52
952.8	-20.71
953.1	4.33
953.4	12.52
953.7	-2.69
954	-4.1
954.3	-50.44
954.6	1.29
954.8	-15.8
955.1	-1.52
955.4	-5.27
955.7	30.08
956	-0.82
956.3	-6.2
956.6	-30.54
956.9	-1.52
957.2	-30.31
957.5	-6.9
957.8	-20.25
958.1	-24.93
958.4	7.37
958.7	-18.37
959	7.61
959.2	8.54
959.5	-6.67
959.8	-45.06
960.1	-6.9
960.4	4.56
960.7	-1.52
961	2.93
961.3	-27.97
961.6	-9.48
961.9	-0.35
962.2	12.99
962.5	-12.29
962.8	-5.03
963.1	-8.54
963.3	10.65
963.6	4.1
963.9	-0.12
964.2	-8.31
964.5	-11.59
964.8	-3.86
965.1	-20.95
965.4	4.8
965.7	-27.27
966	27.27
966.3	17.44
966.6	-11.82
966.9	3.63
967.1	11.59
967.4	0.12
967.7	-17.2
968	17.2
968.3	-5.03
968.6	11.35
968.9	14.16
969.2	-3.86
969.5	10.42
969.8	1.05
970.1	-17.67
970.3	-12.52
970.6	1.52
970.9	17.91
971.2	-24.93
971.5	11.59
971.8	-10.88
972.1	-10.42
972.4	18.61
972.7	-1.76
973	-11.12
973.3	2.46
973.5	-0.12
973.8	-21.88
974.1	-5.73
974.4	19.31
974.7	-17.91
975	-2.46
975.3	16.03
975.6	12.29
975.9	11.35
976.2	11.35
976.4	-72.91
976.7	-14.86
977	-19.54
977.3	-27.74
977.6	-0.82
977.9	24.46
978.2	-6.2
978.5	1.29
978.8	-9.48
979	-18.61
979.3	5.03
979.6	2.93
979.9	20.95
980.2	-4.8
980.5	19.54
980.8	-8.07
981.1	-16.27
981.4	-4.1
981.6	-199.06
981.9	7.14
982.2	32.65
982.5	-16.97
982.8	11.12
983.1	-17.44
983.4	5.27
983.7	-7.84
984	27.5
984.2	-17.2
984.5	-22.82
984.8	-12.52
985.1	7.14
985.4	4.8
985.7	9.71
986	-0.35
986.3	-18.14
986.5	4.8
986.8	-6.2
987.1	-12.52
987.4	18.14
987.7	-36.86
988	-42.01
988.3	5.27
988.6	2.22
988.8	-0.82
989.1	-20.71
989.4	-1.05
989.7	-0.35
990	12.05
990.3	18.37
990.6	1.52
990.9	-10.65
991.1	-6.9
991.4	4.1
991.7	-2.93
992	-16.03
992.3	-15.33
992.6	-6.67
992.9	9.48
993.1	-26.8
993.4	26.8
993.7	-7.37
994	1.52
994.3	-32.65
994.6	5.5
994.9	-16.03
995.1	-5.5
995.4	-14.16
995.7	34.52
996	-4.33
996.3	-12.52
996.6	-17.44
996.9	-16.73
997.1	-0.59
997.4	-3.86
997.7	-8.54
998	-5.5
998.3	-7.61
998.6	-24.22
998.9	20.71
999.1	-32.65
999.4	-27.97
999.7	5.73
1000	1.52
1000.3	10.42
1000.6	-23.29
1000.8	1.29
1001.1	12.29
1001.4	-2.46
1001.7	-9.25
1002	-22.12
1002.3	-21.65
1002.6	14.39
1002.8	-10.88
1003.1	-4.1
1003.4	3.63
1003.7	-3.86
1004	22.35
1004.3	-23.05
1004.5	-18.14
1004.8	-21.65
1005.1	-9.95
1005.4	13.69
1005.7	-8.78
1006	-20.71
1006.2	-9.95
1006.5	12.52
1006.8	16.97
1007.1	-17.91
1007.4	4.8
1007.7	2.69
1007.9	-19.08
1008.2	0.12
1008.5	-15.33
1008.8	-11.82
1009.1	-2.93
1009.4	-16.97
1009.6	-31.48
1009.9	-30.54
1010.2	20.48
1010.5	-4.1
1010.8	-12.52
1011.1	15.56
1011.3	-39.91
1011.6	-13.46
1011.9	-3.16
1012.2	4.1
1012.5	-6.67
1012.7	-8.07
1013	-9.48
1013.3	1.05
1013.6	-24.93
1013.9	-27.5
1014.2	-18.84
1014.4	-1.05
1014.7	2.22
1015	-20.48
1015.3	-20.71
1015.6	-1.76
1015.8	9.71
1016.1	17.44
1016.4	-9.71
1016.7	11.82
1017	5.5
1017.2	-6.44
1017.5	-35.69
1017.8	-3.63
1018.1	-20.48
1018.4	-27.97
1018.7	7.84
1018.9	2.22
1019.2	28.44
1019.5	6.67
1019.8	10.88
1020.1	-4.1
1020.3	-2.22
1020.6	3.39
1020.9	3.39
1021.2	3.39
