340.2	0.79
340.6	0.79
340.9	0.79
341.3	8.05
341.7	26.54
342.1	-0.38
342.4	-12.31
342.8	-11.14
343.2	-5.06
343.6	1.03
343.9	-9.51
344.3	-9.97
344.7	-12.31
345.1	-9.04
345.4	0.79
345.8	29.58
346.2	-4.36
346.6	5.71
346.9	19.28
347.3	4.07
347.7	10.62
348	-31.97
348.4	-1.78
348.8	-1.78
349.2	-19.34
349.5	-12.31
349.9	-9.51
350.3	-20.04
350.7	14.37
351	8.99
351.4	-14.89
351.8	-22.61
352.2	-9.97
352.5	11.09
352.9	16.47
353.3	20.92
353.6	11.56
354	22.56
354.4	0.79
354.8	11.56
355.1	14.13
355.5	20.22
355.9	-8.57
356.3	34.03
356.6	-21.68
357	15.77
357.4	30.05
357.8	10.16
358.1	5.71
358.5	22.79
358.9	-5.99
359.2	10.39
359.6	8.99
360	-8.8
360.4	-19.34
360.7	3.84
361.1	23.73
361.5	-26.36
361.9	-19.1
362.2	-17.23
362.6	5.24
363	-3.65
363.3	-5.29
363.7	15.07
364.1	-1.78
364.5	1.96
364.8	-30.1
365.2	8.05
365.6	9.22
366	4.77
366.3	17.65
366.7	13.2
367.1	7.81
367.4	6.88
367.8	2.2
368.2	-7.63
368.6	13.2
368.9	-14.19
369.3	-9.74
369.7	0.79
370	8.28
370.4	2.43
370.8	22.33
371.2	1.96
371.5	0.33
371.9	2.67
372.3	8.99
372.6	43.62
373	-8.57
373.4	25.84
373.8	5.47
374.1	9.92
374.5	4.07
374.9	12.26
375.2	10.39
375.6	9.22
376	1.73
376.4	-7.4
376.7	21.86
377.1	11.33
377.5	-13.95
377.8	-7.16
378.2	-16.76
378.6	-15.12
379	6.88
379.3	6.64
379.7	-2.72
380.1	4.54
380.4	8.75
380.8	2.67
381.2	7.11
381.6	1.26
381.9	5.94
382.3	23.03
382.7	18.58
383	13.43
383.4	-1.55
383.8	12.5
384.2	15.3
384.5	25.13
384.9	10.62
385.3	14.13
385.6	5.01
386	28.88
386.4	15.77
386.7	-8.57
387.1	21.62
387.5	1.5
387.9	27.24
388.2	12.03
388.6	8.05
389	12.26
389.3	27.94
389.7	12.26
390.1	-18.4
390.5	2.9
390.8	5.94
391.2	7.58
391.6	-14.42
391.9	8.52
392.3	10.16
392.7	-0.38
393	4.77
393.4	22.79
393.8	12.96
394.2	2.9
394.5	14.13
394.9	24.43
395.3	-11.85
395.6	11.79
396	5.94
396.4	20.22
396.7	8.05
397.1	-5.29
397.5	6.64
397.8	-1.55
398.2	5.01
398.6	18.58
399	-5.29
399.3	20.45
399.7	-10.68
400.1	-2.95
400.4	-2.48
400.8	6.88
401.2	-1.31
401.5	13.2
401.9	24.43
402.3	-11.38
402.7	-1.78
403	-2.72
403.4	29.35
403.8	7.81
404.1	-4.12
404.5	20.22
404.9	6.88
405.2	-16.53
405.6	-0.61
406	-12.31
406.3	12.96
406.7	34.03
407.1	30.52
407.4	35.2
407.8	13.43
408.2	30.52
408.6	18.35
408.9	37.54
409.3	50.88
409.7	27.48
410	25.13
410.4	33.79
410.8	49.71
411.1	82.01
411.5	64.92
411.9	170.25
412.2	89.73
412.6	70.54
413	70.31
413.3	86.46
413.7	65.16
414.1	104.01
414.4	57.67
414.8	117.35
415.2	105.18
415.5	126.71
415.9	149.42
416.3	122.74
416.7	133.97
417	179.38
417.4	122.27
417.8	174.23
418.1	180.78
418.5	168.38
418.9	183.82
419.2	201.38
419.6	195.76
420	249.59
420.3	260.59
420.7	258.02
421.1	260.36
421.4	265.27
421.8	290.55
422.2	278.85
422.5	293.36
422.9	346.96
423.3	339.94
423.6	356.32
424	361.7
424.4	352.58
424.7	389.32
425.1	406.41
425.5	416.24
425.8	434.03
426.2	422.56
426.6	438.71
426.9	455.79
427.3	474.75
427.7	502.6
428	461.64
428.4	490.43
428.8	517.12
429.1	513.84
429.5	547.31
429.9	563.46
430.2	554.33
430.6	601.84
431	573.05
431.3	613.31
431.7	637.18
432.1	631.1
432.4	639.76
432.8	670.89
433.2	689.14
433.5	686.57
433.9	699.68
434.3	712.08
434.6	706.46
435	720.74
435.4	751.4
435.7	748.36
436.1	793.77
436.5	769.89
436.8	772.94
437.2	774.11
437.6	733.85
437.9	701.55
438.3	744.62
438.7	761.47
439	771.06
439.4	748.13
439.8	715.36
440.1	676.27
440.5	688.44
440.9	672.06
441.2	661.29
441.6	633.44
442	620.57
442.3	567.9
442.7	555.27
443.1	536.07
443.4	511.5
443.8	462.81
444.1	438.24
444.5	441.05
444.9	401.49
445.2	368.02
445.6	319.34
446	312.32
446.3	274.87
446.7	271.83
447.1	259.89
447.4	251
447.8	206.76
448.2	222.91
448.5	203.25
448.9	173.99
449.3	197.63
449.6	179.38
450	154.8
450.4	162.99
450.7	145.2
451.1	113.37
451.4	118.29
451.8	130.22
452.2	91.37
452.5	93.24
452.9	103.78
453.3	89.97
453.6	79.67
454	70.07
454.4	63.52
454.7	50.88
455.1	36.14
455.5	82.71
455.8	48.31
456.2	63.99
456.5	34.26
456.9	58.84
457.3	60.94
457.6	76.86
458	70.07
458.4	47.14
458.7	39.18
459.1	40.35
459.5	51.58
459.8	52.52
460.2	52.28
460.5	68.43
460.9	52.99
461.3	55.8
461.6	42.92
462	24.67
462.4	32.39
462.7	48.07
463.1	33.79
463.5	35.2
463.8	14.84
464.2	34.97
464.5	29.11
464.9	29.58
465.3	25.6
465.6	37.31
466	9.92
466.4	49.01
466.7	46.43
467.1	49.94
467.5	22.33
467.8	8.75
468.2	39.41
468.5	12.73
468.9	37.31
469.3	25.6
469.6	17.18
470	6.64
470.4	27.01
470.7	10.86
471.1	22.79
471.4	35.2
471.8	29.82
472.2	30.28
472.5	69.6
472.9	3.84
473.3	19.99
473.6	30.28
474	37.07
474.3	37.31
474.7	16.47
475.1	27.48
475.4	40.11
475.8	12.73
476.2	25.13
476.5	29.82
476.9	44.09
477.2	42.92
477.6	19.05
478	61.41
478.3	42.69
478.7	38.71
479.1	11.33
479.4	31.45
479.8	29.58
480.1	47.6
480.5	31.22
480.9	46.9
481.2	-9.51
481.6	44.09
481.9	49.24
482.3	15.3
482.7	28.41
483	35.2
483.4	41.75
483.8	42.69
484.1	50.18
484.5	15.77
484.8	53.46
485.2	61.88
485.6	54.63
485.9	87.86
486.3	63.05
486.6	60.94
487	70.78
487.4	59.07
487.7	68.9
488.1	74.75
488.5	79.2
488.8	84.58
489.2	107.05
489.5	63.29
489.9	118.52
490.3	102.37
490.6	107.52
491	90.44
491.3	104.24
491.7	65.16
492.1	103.07
492.4	131.63
492.8	129.29
493.1	113.61
493.5	131.63
493.9	132.57
494.2	160.42
494.6	134.2
494.9	148.95
495.3	148.25
495.7	145.91
496	186.63
496.4	155.27
496.7	190.14
497.1	201.14
497.5	217.53
497.8	206.29
498.2	234.38
498.5	224.55
498.9	265.04
499.3	238.36
499.6	243.04
500	288.91
500.3	292.66
500.7	274.4
501.1	295.47
501.4	315.6
501.8	313.25
502.1	345.09
502.5	360.53
502.9	376.68
503.2	371.77
503.6	421.86
503.9	357.49
504.3	441.05
504.7	409.45
505	430.52
505.4	466.33
505.7	495.11
506.1	510.09
506.5	445.26
506.8	515.71
507.2	523.2
507.5	550.82
507.9	570.95
508.2	585.69
508.6	608.86
509	630.63
509.3	625.01
509.7	624.08
510	656.38
510.4	679.55
510.8	693.83
511.1	731.04
511.5	752.57
511.8	784.87
512.2	770.83
512.6	789.09
512.9	787.92
513.3	831.22
513.6	845.49
514	860.47
514.3	896.98
514.7	920.16
515.1	901.43
515.4	920.62
515.8	943.56
516.1	934.9
516.5	979.61
516.9	992.48
517.2	986.86
517.6	1004.65
517.9	1021.27
518.3	1038.12
518.6	1050.99
519	1063.16
519.4	1051.23
519.7	1050.99
520.1	1083.76
520.4	1113.25
520.8	1161.7
521.1	1149.76
521.5	1182.76
521.9	1201.25
522.2	1188.62
522.6	1216.23
522.9	1220.91
523.3	1263.51
523.6	1271.7
524	1252.04
524.4	1291.6
524.7	1338.18
525.1	1346.84
525.4	1366.26
525.8	1370.47
526.2	1363.45
526.5	1393.41
526.9	1406.99
527.2	1451.69
527.6	1433.44
527.9	1436.71
528.3	1421.26
528.6	1472.05
529	1480.48
529.4	1487.27
529.7	1512.55
530.1	1524.25
530.4	1538.29
530.8	1553.04
531.1	1550.23
531.5	1545.31
531.9	1573.4
532.2	1594.23
532.6	1619.98
532.9	1613.66
533.3	1645.96
533.6	1638.93
534	1657.42
534.4	1786.62
534.7	1655.79
535.1	1660.94
535.4	1659.76
535.8	1699.79
536.1	1727.17
536.5	1700.96
536.8	1710.32
537.2	1751.28
537.6	1710.09
537.9	1708.21
538.3	1790.13
538.6	1806.05
539	1768.13
539.3	1828.05
539.7	1764.62
540	1811.2
540.4	1773.75
540.8	1812.13
541.1	1982.06
541.5	1821.03
541.8	1840.69
542.2	1777.03
542.5	1848.18
542.9	1866.9
543.2	1900.84
543.6	1858.48
544	1887.97
544.3	1874.63
544.7	1891.71
545	1883.29
545.4	1894.05
545.7	1885.63
546.1	1902.48
546.4	1906.22
546.8	1924.95
547.2	1953.74
547.5	1870.88
547.9	1926.12
548.2	1952.8
548.6	1924.71
548.9	1952.8
549.3	1935.71
549.6	1933.61
550	1971.99
550.3	1954.91
550.7	1926.35
551.1	1965.91
551.4	1969.42
551.8	1956.78
552.1	1969.65
552.5	1972.46
552.8	1969.89
553.2	1982.76
553.5	1941.1
553.9	1949.29
554.2	1969.18
554.6	1943.2
554.9	1975.74
555.3	1999.84
555.7	1979.95
556	1957.48
556.4	1963.1
556.7	1989.08
557.1	1998.91
557.4	1937.35
557.8	1975.04
558.1	1931.27
558.5	1967.78
558.8	1962.86
559.2	1942.27
559.5	1961.69
559.9	1955.61
560.3	1950.93
560.6	1928.93
561	1970.82
561.3	1905.52
561.7	1941.57
562	1964.5
562.4	1921.9
562.7	1914.42
563.1	1905.29
563.4	1937.12
563.8	1916.52
564.1	1955.14
564.5	1887.97
564.8	1888.2
565.2	1882.58
565.5	1881.41
565.9	1923.54
566.3	1877.43
566.6	1877.2
567	1892.41
567.3	1874.63
567.7	1876.73
568	1915.35
568.4	1854.73
568.7	1870.65
569.1	1850.05
569.4	1836.24
569.8	1828.75
570.1	1891.24
570.5	1814.47
570.8	1840.45
571.2	1833.9
571.5	1840.22
571.9	1814.47
572.2	1817.99
572.6	1816.58
572.9	1827.58
573.3	1833.43
573.6	1798.79
574	1796.22
574.4	1809.09
574.7	1823.6
575.1	1806.05
575.4	1788.49
575.8	1818.92
576.1	1803.71
576.5	1774.69
576.8	1814.01
577.2	1797.39
577.5	1744.96
577.9	1838.58
578.2	1785.69
578.6	1743.32
578.9	1733.26
579.3	1787.32
579.6	1735.83
580	1718.98
580.3	1748.94
580.7	1743.56
581	1706.11
581.4	1727.64
581.7	1689.26
582.1	1726.94
582.4	1727.64
582.8	1685.51
583.1	1668.66
583.5	1685.51
583.8	1684.81
584.2	1665.38
584.5	1686.45
584.9	1665.85
585.2	1667.02
585.6	1661.64
585.9	1653.21
586.3	1653.68
586.6	1644.08
587	1657.89
587.3	1671.23
587.7	1631.68
588	1653.68
588.4	1625.12
588.7	1630.74
589.1	1630.98
589.4	1608.98
589.8	1631.91
590.1	1583.7
590.5	1602.66
590.8	1581.83
591.2	1579.02
591.5	1547.42
591.9	1535.25
592.2	1586.97
592.6	1532.91
592.9	1590.95
593.3	1538.99
593.6	1523.55
594	1587.21
594.3	1555.61
594.7	1541.33
595	1506.23
595.4	1519.1
595.7	1535.01
596.1	1525.65
596.4	1495.93
596.8	1498.97
597.1	1458.71
597.5	1482.12
597.8	1500.37
598.2	1506.93
598.5	1441.16
598.9	1454.73
599.2	1437.18
599.6	1429.22
599.9	1449.35
600.3	1440.92
600.6	1408.63
601	1396.69
601.3	1409.8
601.7	1390.37
602	1407.92
602.4	1409.33
602.7	1369.07
603.1	1369.77
603.4	1363.22
603.8	1330.22
604.1	1378.67
604.5	1349.41
604.8	1343.09
605.1	1352.69
605.5	1354.79
605.8	1338.88
606.2	1309.85
606.5	1330.22
606.9	1329.52
607.2	1265.62
607.6	1294.17
607.9	1288.09
608.3	1298.39
608.6	1279.9
609	1271.7
609.3	1235.43
609.7	1256.96
610	1256.02
610.4	1228.4
610.7	1229.57
611.1	1223.96
611.4	1247.83
611.8	1200.08
612.1	1192.13
612.5	1191.89
612.8	1194
613.1	1169.89
613.5	1190.25
613.8	1173.4
614.2	1173.17
614.5	1200.79
614.9	1135.72
615.2	1158.66
615.6	1144.61
615.9	1129.87
616.3	1123.78
616.6	1077.91
617	1124.48
617.3	1100.84
617.7	1092.42
618	1109.97
618.3	1076.27
618.7	1099.91
619	1095.7
619.4	1076.04
619.7	1047.25
620.1	1064.33
620.4	1073.93
620.8	1058.48
621.1	1053.57
621.5	1006.76
621.8	1033.44
622.2	1050.06
622.5	1001.84
622.8	1019.86
623.2	988.73
623.5	967.67
623.9	995.29
624.2	989.9
624.6	994.35
624.9	942.16
625.3	967.2
625.6	936.54
626	930.92
626.3	926.71
626.7	910.79
627	938.88
627.3	948.48
627.7	909.39
628	930.69
628.4	871.71
628.7	926.71
629.1	868.2
629.4	891.13
629.8	854.15
630.1	892.54
630.5	858.83
630.8	868.2
631.1	868.43
631.5	849.24
631.8	826.3
632.2	841.05
632.5	815.53
632.9	814.36
633.2	799.38
633.6	808.75
633.9	824.19
634.2	801.26
634.6	816.24
634.9	795.87
635.3	819.98
635.6	758.66
636	738.06
636.3	784.17
636.7	762.87
637	789.09
637.3	752.34
637.7	751.17
638	753.04
638.4	761.7
638.7	760.77
639.1	737.59
639.4	749.3
639.8	709.04
640.1	718.17
640.4	765.45
640.8	720.74
641.1	732.44
641.5	704.83
641.8	655.68
642.2	687.74
642.5	697.34
642.8	674.4
643.2	678.85
643.5	652.4
643.9	645.14
644.2	671.59
644.6	643.5
644.9	651.7
645.3	661.76
645.6	651.93
645.9	632.5
646.3	637.89
646.6	616.82
647	624.78
647.3	604.42
647.7	615.18
648	608.4
648.3	587.1
648.7	583.12
649	603.48
649.4	573.76
649.7	600.2
650.1	566.97
650.4	602.54
650.7	565.1
651.1	568.84
651.4	517.58
651.8	549.41
652.1	573.52
652.4	540.05
652.8	548.95
653.1	553.16
653.5	539.12
653.8	544.73
654.2	525.54
654.5	562.29
654.8	489.97
655.2	499.09
655.5	518.75
655.9	512.43
656.2	502.84
656.6	507.52
656.9	525.78
657.2	505.88
657.6	507.52
657.9	481.54
658.3	486.45
658.6	469.6
658.9	508.22
659.3	481.54
659.6	463.75
660	495.58
660.3	468.2
660.7	472.88
661	437.54
661.3	451.35
661.7	463.52
662	456.03
662.4	413.9
662.7	412.26
663	429.11
663.4	432.15
663.7	338.53
664.1	387.45
664.4	397.98
664.7	375.28
665.1	416.71
665.4	387.22
665.8	393.77
666.1	398.22
666.4	372.94
666.8	365.92
667.1	365.45
667.5	383
667.8	379.26
668.1	345.79
668.5	364.04
668.8	348.6
669.2	354.92
669.5	372.94
669.8	363.81
670.2	346.26
670.5	352.34
670.9	336.19
671.2	347.19
671.5	330.34
671.9	292.42
672.2	333.85
672.6	345.32
672.9	328.47
673.2	315.36
673.6	293.59
673.9	309.98
674.3	281.89
674.6	307.64
674.9	312.55
675.3	317
675.6	312.32
676	368.73
676.3	292.19
676.6	276.51
677	282.13
677.3	283.06
677.7	283.76
678	271.83
678.3	287.04
678.7	278.61
679	251.46
679.4	261.06
679.7	259.19
680	268.78
680.4	254.98
680.7	243.97
681	251.23
681.4	230.4
681.7	260.36
682.1	239.76
682.4	249.83
682.7	225.25
683.1	216.82
683.4	271.13
683.8	255.68
684.1	240.93
684.4	238.12
684.8	242.57
685.1	244.21
685.4	246.78
685.8	243.04
686.1	238.59
686.5	265.98
686.8	197.4
687.1	243.04
687.5	209.33
687.8	243.74
688.1	227.36
688.5	204.65
688.8	199.74
689.2	182.89
689.5	206.76
689.8	210.74
690.2	211.21
690.5	167.44
690.8	227.36
691.2	201.85
691.5	183.82
691.9	191.55
692.2	186.87
692.5	193.19
692.9	196.7
693.2	183.82
693.5	176.33
693.9	180.08
694.2	198.57
694.6	179.84
694.9	183.82
695.2	159.25
695.6	170.95
695.9	134.2
696.2	151.29
696.6	148.95
696.9	180.08
697.2	177.04
697.6	196.23
697.9	149.65
698.3	163.23
698.6	146.14
698.9	138.88
699.3	148.72
699.6	136.31
699.9	165.8
700.3	149.18
700.6	144.97
700.9	126.71
701.3	139.35
701.6	107.76
702	130.46
702.3	171.89
702.6	152.23
703	140.76
703.3	111.73
703.6	140.52
704	132.8
704.3	133.74
704.6	106.35
705	125.31
705.3	133.5
705.6	153.63
706	127.88
706.3	115.25
706.6	119.69
707	145.67
707.3	140.06
707.7	98.63
708	148.25
708.3	82.71
708.7	114.54
709	128.59
709.3	111.5
709.7	127.88
710	104.71
710.3	124.61
710.7	129.99
711	107.99
711.3	94.41
711.7	111.27
712	118.52
712.3	78.73
712.7	127.65
713	114.78
713.3	85.29
713.7	113.14
714	122.97
714.3	113.14
714.7	127.42
715	96.76
715.3	84.35
715.7	82.95
716	147.08
716.3	78.73
716.7	100.03
717	90.67
717.3	114.78
717.7	80.84
718	79.67
718.4	111.5
718.7	88.8
719	83.41
719.4	76.16
719.7	82.95
720	78.73
720.4	73.58
720.7	119.22
721	60.71
721.3	80.61
721.7	93.24
722	88.33
722.3	49.94
722.7	79.44
723	81.54
723.3	108.69
723.7	81.78
724	80.37
724.3	96.05
724.7	87.63
725	60.24
725.3	91.84
725.7	93.24
726	89.73
726.3	59.54
726.7	48.31
727	104.01
727.3	62.35
727.7	52.05
728	83.41
728.3	36.84
728.7	94.88
729	78.73
729.3	100.97
729.7	49.71
730	80.37
730.3	69.6
730.7	59.31
731	54.39
731.3	33.56
731.7	40.11
732	80.84
732.3	56.03
732.6	69.84
733	51.82
733.3	67.03
733.6	68.43
734	51.35
734.3	38.71
734.6	41.05
735	58.84
735.3	44.33
735.6	57.2
736	55.09
736.3	44.33
736.6	48.07
737	63.99
737.3	67.73
737.6	55.56
737.9	38.94
738.3	74.05
738.6	34.73
738.9	62.58
739.3	41.28
739.6	62.35
739.9	34.26
740.3	58.6
740.6	26.77
740.9	47.84
741.2	50.65
741.6	48.07
741.9	31.69
742.2	52.28
742.6	49.94
742.9	33.56
743.2	33.56
743.6	17.88
743.9	12.5
744.2	38.71
744.6	56.03
744.9	42.69
745.2	-13.95
745.5	33.09
745.9	18.58
746.2	51.58
746.5	41.99
746.9	40.35
747.2	45.73
747.5	23.26
747.8	48.77
748.2	55.8
748.5	59.77
748.8	47.37
749.2	56.26
749.5	60.71
749.8	67.5
750.1	56.03
750.5	39.65
750.8	36.37
751.1	40.11
751.5	48.07
751.8	16.47
752.1	20.45
752.5	14.37
752.8	28.88
753.1	35.43
753.4	37.31
753.8	14.13
754.1	33.79
754.4	18.35
754.7	19.75
755.1	27.48
755.4	27.94
755.7	19.28
756.1	49.71
756.4	62.12
756.7	19.99
757	39.41
757.4	1.96
757.7	40.11
758	31.22
758.4	40.35
758.7	49.24
759	25.6
759.3	28.41
759.7	45.03
760	40.35
760.3	47.6
760.7	38.94
761	43.86
761.3	24.67
761.6	28.65
762	18.11
762.3	21.39
762.6	30.99
762.9	32.16
763.3	-0.61
763.6	51.11
763.9	23.96
764.2	-5.06
764.6	19.75
764.9	14.37
765.2	15.07
765.6	17.41
765.9	43.39
766.2	-0.14
766.5	48.77
766.9	4.54
767.2	23.96
767.5	11.79
767.8	13.2
768.2	6.41
768.5	40.11
768.8	18.58
769.1	6.88
769.5	8.28
769.8	38.48
770.1	25.37
770.5	54.16
770.8	25.37
771.1	16.94
771.4	36.37
771.8	62.35
772.1	35.9
772.4	45.73
772.7	22.09
773.1	8.75
773.4	34.5
773.7	34.26
774	-6.7
774.4	30.52
774.7	29.11
775	15.3
775.3	11.79
775.7	26.77
776	10.62
776.3	42.92
776.6	23.5
777	-14.89
777.3	-5.99
777.6	10.39
777.9	2.43
778.3	23.96
778.6	40.11
778.9	14.13
779.2	18.35
779.6	12.03
779.9	8.75
780.2	46.9
780.5	1.26
780.9	11.33
781.2	34.97
781.5	10.62
781.8	1.03
782.2	16.94
782.5	0.33
782.8	16.47
783.1	-7.16
783.4	23.96
783.8	20.69
784.1	15.77
784.4	35.67
784.7	0.56
785.1	11.09
785.4	17.88
785.7	8.28
786	23.03
786.4	5.71
786.7	-0.85
787	23.96
787.3	37.77
787.7	3.6
788	10.16
788.3	26.31
788.6	8.52
788.9	16.94
789.3	8.05
789.6	-1.78
789.9	7.81
790.2	13.2
790.6	27.24
790.9	17.41
791.2	6.88
791.5	15.77
791.9	20.45
792.2	27.48
792.5	9.69
792.8	14.37
793.1	23.73
793.5	3.13
793.8	8.28
794.1	6.88
794.4	16.47
794.8	11.09
795.1	35.2
795.4	5.94
795.7	-17.93
796	17.65
796.4	29.58
796.7	15.07
797	32.62
797.3	15.3
797.7	18.82
798	8.05
798.3	-17.7
798.6	8.75
798.9	16.01
799.3	13.43
799.6	21.62
799.9	22.33
800.2	26.54
800.5	6.41
800.9	9.45
801.2	21.39
801.5	21.86
801.8	25.84
802.2	6.64
802.5	7.58
802.8	26.07
803.1	16.94
803.4	45.03
803.8	35.9
804.1	23.5
804.4	16.94
804.7	44.33
805	12.73
805.4	-10.44
805.7	-24.02
806	3.37
806.3	29.58
806.6	-19.8
807	11.33
807.3	-3.19
807.6	36.84
807.9	8.28
808.2	8.75
808.6	17.41
808.9	38.24
809.2	42.45
809.5	-7.87
809.8	-2.72
810.2	23.73
810.5	5.71
810.8	-2.25
811.1	13.2
811.4	19.52
811.8	25.13
812.1	4.77
812.4	-13.72
812.7	16.71
813	-8.33
813.4	17.18
813.7	24.2
814	7.58
814.3	-0.85
814.6	12.96
815	12.03
815.3	12.03
815.6	3.13
815.9	7.58
816.2	3.13
816.5	30.99
816.9	21.39
817.2	19.28
817.5	1.03
817.8	15.77
818.1	5.94
818.5	9.92
818.8	32.62
819.1	13.43
819.4	10.16
819.7	2.9
820.1	3.13
820.4	-3.65
820.7	26.77
821	26.77
821.3	-23.55
821.6	20.45
822	-5.29
822.3	-13.25
822.6	-17.46
822.9	3.13
823.2	-2.95
823.5	8.28
823.9	5.47
824.2	4.07
824.5	6.18
824.8	2.43
825.1	30.99
825.5	31.92
825.8	15.77
826.1	9.22
826.4	5.01
826.7	33.33
827	-4.12
827.4	15.3
827.7	-2.02
828	-17.7
828.3	28.18
828.6	12.73
828.9	-2.25
829.3	-5.06
829.6	2.67
829.9	-7.63
830.2	-6.23
830.5	16.47
830.8	-1.55
831.2	27.71
831.5	15.77
831.8	8.05
832.1	-2.48
832.4	5.94
832.7	-4.59
833.1	-2.25
833.4	17.18
833.7	12.26
834	11.09
834.3	4.54
834.6	22.33
835	33.56
835.3	6.18
835.6	5.01
835.9	24.9
836.2	18.11
836.5	-18.4
836.8	-2.25
837.2	3.13
837.5	-6.7
837.8	-4.36
838.1	8.05
838.4	26.54
838.7	-5.53
839.1	24.2
839.4	7.11
839.7	9.92
840	11.33
840.3	21.39
840.6	-279.13
840.9	-14.89
841.3	-4.59
841.6	-8.8
841.9	2.43
842.2	34.97
842.5	6.41
842.8	-10.44
843.1	12.5
843.5	-35.49
843.8	-15.36
844.1	-19.34
844.4	-6.7
844.7	26.54
845	17.18
845.3	-34.08
845.7	18.11
846	-31.51
846.3	1.5
846.6	15.3
846.9	14.13
847.2	13.2
847.5	4.3
847.9	-5.99
848.2	23.96
848.5	-7.63
848.8	-4.82
849.1	8.75
849.4	10.62
849.7	3.13
850	16.94
850.4	3.13
850.7	-24.95
851	31.45
851.3	-9.51
851.6	17.65
851.9	-4.82
852.2	0.56
852.5	1.5
852.9	15.77
853.2	1.96
853.5	-1.55
853.8	24.2
854.1	-0.14
854.4	17.88
854.7	8.05
855.1	-1.31
855.4	21.16
855.7	1.5
856	11.09
856.3	-0.85
856.6	20.92
856.9	-5.76
857.2	-7.4
857.5	-2.95
857.9	-14.42
858.2	15.07
858.5	-3.89
858.8	-25.65
859.1	-6.7
859.4	16.71
859.7	12.73
860	8.75
860.4	22.79
860.7	9.69
861	16.47
861.3	-4.59
861.6	-3.42
861.9	8.75
862.2	14.13
862.5	-6.7
862.8	2.9
863.2	25.84
863.5	-4.12
863.8	13.43
864.1	0.56
864.4	24.67
864.7	0.56
865	10.62
865.3	8.52
865.6	-0.61
866	7.81
866.3	27.01
866.6	-19.57
866.9	5.01
867.2	1.96
867.5	-7.16
867.8	41.05
868.1	3.6
868.4	-2.48
868.7	-10.44
869.1	-3.65
869.4	17.65
869.7	11.33
870	4.77
870.3	7.11
870.6	13.43
870.9	-23.55
871.2	2.43
871.5	25.37
871.8	-7.63
872.1	-23.08
872.5	22.56
872.8	-4.82
873.1	13.2
873.4	6.64
873.7	-0.85
874	33.79
874.3	-15.59
874.6	27.71
874.9	-1.31
875.2	-1.78
875.6	13.2
875.9	-17.46
876.2	-9.04
876.5	14.13
876.8	10.86
877.1	2.43
877.4	-7.4
877.7	-1.31
878	5.71
878.3	19.28
878.6	5.94
878.9	19.99
879.3	-12.55
879.6	4.07
879.9	18.35
880.2	-9.74
880.5	-7.87
880.8	18.35
881.1	16.01
881.4	-17.93
881.7	3.6
882	14.6
882.3	-7.16
882.6	9.92
882.9	-34.08
883.3	-18.87
883.6	-11.61
883.9	11.33
884.2	-8.57
884.5	11.79
884.8	24.67
885.1	-0.85
885.4	-1.08
885.7	-11.61
886	-11.85
886.3	-36.42
886.6	-12.31
886.9	20.45
887.2	-1.55
887.6	9.45
887.9	-10.44
888.2	-17.7
888.5	-22.61
888.8	25.13
889.1	15.77
889.4	44.8
889.7	-0.85
890	-0.14
890.3	-4.59
890.6	14.6
890.9	21.62
891.2	22.56
891.5	-1.55
891.8	12.03
892.1	1.73
892.5	8.75
892.8	24.2
893.1	-15.36
893.4	-12.31
893.7	10.62
894	24.9
894.3	0.79
894.6	-2.72
894.9	-7.4
895.2	-20.97
895.5	-33.85
895.8	9.45
896.1	22.79
896.4	14.84
896.7	-32.44
897	-30.57
897.3	-8.33
897.6	3.6
897.9	44.09
898.3	1.96
898.6	2.43
898.9	6.41
899.2	38.01
899.5	8.05
899.8	13.2
900.1	12.96
900.4	11.33
900.7	-8.8
901	3.37
901.3	0.79
901.6	11.56
901.9	14.84
902.2	-5.06
902.5	18.35
902.8	0.33
903.1	5.24
903.4	25.13
903.7	-14.65
904	3.84
904.3	-21.68
904.6	3.37
904.9	10.62
905.2	16.94
905.6	-17.7
905.9	-31.27
906.2	-11.38
906.5	-2.25
906.8	9.45
907.1	-10.21
907.4	9.69
907.7	-29.4
908	-15.36
908.3	-18.63
908.6	4.07
908.9	-18.63
909.2	3.37
909.5	5.94
909.8	-5.29
910.1	-16.53
910.4	-27.76
910.7	5.01
911	24.67
911.3	11.33
911.6	-10.68
911.9	6.18
912.2	-34.31
912.5	11.56
912.8	-45.55
913.1	-15.82
913.4	0.56
913.7	2.2
914	10.39
914.3	1.03
914.6	-23.55
914.9	-16.29
915.2	-29.4
915.5	19.28
915.8	16.71
916.1	-16.99
916.4	15.07
916.7	-0.85
917	-16.06
917.3	23.5
917.6	13.67
917.9	16.71
918.2	-15.82
918.5	17.41
918.8	-12.55
919.1	-17.46
919.5	12.03
919.8	24.9
920.1	-6.46
920.4	1.03
920.7	9.45
921	29.11
921.3	-11.61
921.6	0.33
921.9	1.5
922.2	38.24
922.5	34.97
922.8	7.58
923.1	27.24
923.4	-15.59
923.7	12.26
924	-11.85
924.3	-7.16
924.6	9.69
924.9	-13.48
925.2	11.09
925.5	1.5
925.8	-8.1
926.1	-11.14
926.4	3.6
926.7	-10.44
927	-14.89
927.3	26.77
927.6	11.56
927.9	-9.27
928.2	-10.21
928.4	-13.72
928.7	-1.55
929	37.54
929.3	10.62
929.6	42.22
929.9	7.35
930.2	-4.36
930.5	-1.31
930.8	12.03
931.1	-5.06
931.4	-22.61
931.7	-9.97
932	-9.74
932.3	-20.04
932.6	21.39
932.9	27.48
933.2	-2.95
933.5	-1.31
933.8	-0.14
934.1	-9.74
934.4	-15.82
934.7	12.96
935	8.05
935.3	-15.12
935.6	-25.42
935.9	-19.34
936.2	-2.72
936.5	14.13
936.8	-13.25
937.1	19.05
937.4	7.81
937.7	10.39
938	-12.31
938.3	6.41
938.6	-16.06
938.9	-5.53
939.2	27.71
939.5	-21.44
939.8	11.09
940.1	8.75
940.4	-30.34
940.7	-41.34
941	0.79
941.3	10.62
941.6	-23.31
941.9	-1.55
942.2	15.07
942.4	-7.16
942.7	-12.55
943	29.35
943.3	40.82
943.6	11.56
943.9	-18.63
944.2	-24.02
944.5	-15.82
944.8	6.18
945.1	4.77
945.4	4.3
945.7	19.75
946	2.67
946.3	-2.95
946.6	32.62
946.9	2.9
947.2	-2.72
947.5	13.67
947.8	-6.23
948.1	8.75
948.4	-11.85
948.7	-2.72
949	-20.04
949.2	16.47
949.5	4.77
949.8	23.96
950.1	36.14
950.4	13.43
950.7	-8.33
951	-30.8
951.3	-1.31
951.6	1.5
951.9	1.96
952.2	6.18
952.5	9.69
952.8	-19.8
953.1	-2.48
953.4	20.69
953.7	-2.25
954	41.99
954.3	-28.46
954.6	-13.72
954.8	-36.66
955.1	4.54
955.4	-20.97
955.7	18.35
956	-1.31
956.3	12.26
956.6	-14.89
956.9	26.31
957.2	-3.19
957.5	5.24
957.8	6.41
958.1	15.07
958.4	37.31
958.7	-21.21
959	7.35
959.2	20.22
959.5	7.35
959.8	-38.53
960.1	8.52
960.4	-7.16
960.7	4.77
961	13.67
961.3	-4.12
961.6	11.56
961.9	8.05
962.2	58.84
962.5	10.86
962.8	4.54
963.1	4.77
963.3	4.07
963.6	43.39
963.9	-7.63
964.2	-2.95
964.5	5.01
964.8	19.28
965.1	0.09
965.4	25.84
965.7	-2.25
966	1.73
966.3	-5.29
966.6	27.01
966.9	20.92
967.1	-3.65
967.4	8.28
967.7	-5.06
968	23.5
968.3	-2.02
968.6	-1.78
968.9	-6.93
969.2	-24.95
969.5	12.73
969.8	-5.99
970.1	11.56
970.3	-23.31
970.6	-0.38
970.9	16.47
971.2	-3.65
971.5	3.13
971.8	-14.42
972.1	6.41
972.4	8.28
972.7	-7.63
973	4.3
973.3	-4.36
973.5	27.48
973.8	-2.95
974.1	1.73
974.4	-5.99
974.7	1.5
975	1.03
975.3	-23.78
975.6	5.94
975.9	-5.29
976.2	12.73
976.4	-82.3
976.7	-10.91
977	-17.93
977.3	-9.27
977.6	3.13
977.9	-15.36
978.2	-9.27
978.5	-11.38
978.8	9.69
979	-11.38
979.3	11.09
979.6	-5.29
979.9	2.43
980.2	10.16
980.5	29.35
980.8	-10.44
981.1	-5.99
981.4	9.69
981.6	-181.07
981.9	-4.12
982.2	28.41
982.5	5.01
982.8	18.82
983.1	-7.16
983.4	23.73
983.7	-4.12
984	16.71
984.2	-23.55
984.5	-21.44
984.8	-15.12
985.1	8.28
985.4	3.13
985.7	2.67
986	14.37
986.3	-13.95
986.5	3.6
986.8	3.13
987.1	2.2
987.4	4.54
987.7	-2.25
988	-37.36
988.3	-0.14
988.6	14.6
988.8	-35.72
989.1	8.75
989.4	-4.12
989.7	7.81
990	31.92
990.3	18.58
990.6	16.24
990.9	-5.99
991.1	2.67
991.4	2.43
991.7	21.86
992	-17.46
992.3	4.3
992.6	3.13
992.9	-2.48
993.1	-4.12
993.4	3.37
993.7	-9.97
994	-11.85
994.3	0.09
994.6	-5.53
994.9	13.43
995.1	-10.91
995.4	-21.21
995.7	17.18
996	-5.76
996.3	1.73
996.6	-19.57
996.9	-24.25
997.1	2.9
997.4	0.09
997.7	-29.63
998	-30.34
998.3	-16.06
998.6	-6.93
998.9	37.77
999.1	8.52
999.4	-22.85
999.7	-10.21
1000	3.37
1000.3	17.41
1000.6	-8.8
1000.8	-9.74
1001.1	36.6
1001.4	23.96
1001.7	-7.4
1002	6.64
1002.3	-10.21
1002.6	8.05
1002.8	10.16
1003.1	1.96
1003.4	-24.95
1003.7	-11.61
1004	-14.19
1004.3	-3.89
1004.5	-16.53
1004.8	-22.14
1005.1	-5.76
1005.4	-1.31
1005.7	14.13
1006	-16.29
1006.2	0.56
1006.5	3.13
1006.8	-5.76
1007.1	6.41
1007.4	-2.95
1007.7	8.75
1007.9	-14.19
1008.2	14.37
1008.5	-1.78
1008.8	4.07
1009.1	-15.59
1009.4	-23.31
1009.6	-32.68
1009.9	-14.65
1010.2	-4.82
1010.5	-4.82
1010.8	1.26
1011.1	7.81
1011.3	6.18
1011.6	-16.76
1011.9	-2.72
1012.2	15.77
1012.5	10.86
1012.7	9.45
1013	-11.38
1013.3	-12.55
1013.6	-21.68
1013.9	-4.59
1014.2	3.13
1014.4	6.18
1014.7	4.77
1015	-0.61
1015.3	-4.59
1015.6	-1.78
1015.8	8.05
1016.1	-5.06
1016.4	12.26
1016.7	9.22
1017	-1.55
1017.2	-5.29
1017.5	1.73
1017.8	-13.02
1018.1	3.37
1018.4	-10.91
1018.7	6.64
1018.9	-9.51
1019.2	30.75
1019.5	15.07
1019.8	20.69
1020.1	23.96
1020.3	-16.06
1020.6	4.54
1020.9	4.54
1021.2	4.54
