340.2	5.12
340.6	5.12
340.9	5.12
341.3	20.1
341.7	7.7
342.1	8.87
342.4	-28.35
342.8	-14.77
343.2	-4.24
343.6	-10.56
343.9	-10.09
344.3	-19.22
344.7	8.17
345.1	-1.43
345.4	3.25
345.8	19.4
346.2	9.57
346.6	-3.77
346.9	2.55
347.3	6.06
347.7	-0.49
348	-4
348.4	3.72
348.8	3.95
349.2	12.61
349.5	-0.03
349.9	-15.01
350.3	0.91
350.7	4.66
351	3.25
351.4	-37.71
351.8	-47.54
352.2	1.14
352.5	-3.07
352.9	13.08
353.3	-18.98
353.6	-7.98
354	7
354.4	-7.52
354.8	10.97
355.1	6.76
355.5	33.91
355.9	0.91
356.3	0.91
356.6	-38.88
357	-10.79
357.4	11.68
357.8	-8.69
358.1	-0.96
358.5	8.63
358.9	-24.37
359.2	9.1
359.6	-36.07
360	-8.92
360.4	-7.52
360.7	3.02
361.1	-8.22
361.5	-20.39
361.9	1.85
362.2	-8.69
362.6	-10.56
363	8.17
363.3	-36.54
363.7	14.02
364.1	-16.18
364.5	-5.88
364.8	-3.07
365.2	-4.94
365.6	-0.26
366	9.34
366.3	6.76
366.7	-9.39
367.1	-29.28
367.4	10.74
367.8	-20.39
368.2	14.25
368.6	-2.83
368.9	7.93
369.3	-10.79
369.7	-12.43
370	-10.56
370.4	8.63
370.8	2.55
371.2	-7.28
371.5	-11.49
371.9	3.02
372.3	-5.41
372.6	15.66
373	18.46
373.4	25.25
373.8	-5.64
374.1	-11.03
374.5	10.04
374.9	14.25
375.2	-30.92
375.6	-0.03
376	3.02
376.4	-15.47
376.7	-18.52
377.1	-13.6
377.5	4.19
377.8	-7.52
378.2	-13.6
378.6	-11.96
379	14.49
379.3	-5.18
379.7	25.95
380.1	-16.88
380.4	13.08
380.8	-25.07
381.2	8.4
381.6	1.61
381.9	4.42
382.3	21.98
382.7	-1.9
383	-9.86
383.4	-8.22
383.8	4.19
384.2	3.48
384.5	3.25
384.9	0.91
385.3	19.63
385.6	-31.16
386	-7.52
386.4	-0.26
386.7	-0.03
387.1	15.89
387.5	-5.64
387.9	-10.09
388.2	-4.71
388.6	-5.41
389	10.27
389.3	9.8
389.7	-1.2
390.1	-23.2
390.5	17.53
390.8	2.55
391.2	-3.54
391.6	-20.39
391.9	-15.01
392.3	-2.83
392.7	-5.18
393	-22.03
393.4	9.57
393.8	-7.98
394.2	-7.05
394.5	-36.3
394.9	7.93
395.3	-21.09
395.6	18.46
396	10.74
396.4	8.63
396.7	-2.6
397.1	-8.22
397.5	-9.39
397.8	-16.18
398.2	-32.56
398.6	7.23
399	-4.71
399.3	17.29
399.7	-29.98
400.1	13.08
400.4	-9.86
400.8	-2.83
401.2	-3.77
401.5	1.85
401.9	25.49
402.3	7.23
402.7	14.49
403	1.61
403.4	13.55
403.8	2.55
404.1	-1.66
404.5	23.61
404.9	0.44
405.2	-9.62
405.6	0.68
406	-4.24
406.3	25.72
406.7	36.49
407.1	14.95
407.4	16.59
407.8	-4.71
408.2	20.57
408.6	14.95
408.9	23.38
409.3	23.15
409.7	24.55
410	12.85
410.4	44.91
410.8	50.76
411.1	43.27
411.5	40
411.9	177.15
412.2	68.08
412.6	76.28
413	52.87
413.3	56.85
413.7	77.45
414.1	83.06
414.4	63.17
414.8	104.83
415.2	76.98
415.5	102.02
415.9	115.13
416.3	118.41
416.7	120.75
417	151.41
417.4	113.49
417.8	168.26
418.1	167.79
418.5	157.73
418.9	180.43
419.2	231.69
419.6	216.01
420	214.37
420.3	227.94
420.7	257.67
421.1	278.97
421.4	238.71
421.8	267.97
422.2	300.03
422.5	279.2
422.9	308.22
423.3	334.67
423.6	362.52
424	384.76
424.4	355.03
424.7	376.8
425.1	406.53
425.5	409.1
425.8	421.27
426.2	428.29
426.6	440.93
426.9	436.95
427.3	459.19
427.7	466.44
428	491.95
428.4	476.74
428.8	502.25
429.1	509.27
429.5	523.79
429.9	579.49
430.2	547.43
430.6	572.94
431	572.94
431.3	616.24
431.7	646.43
432.1	637.3
432.4	663.05
432.8	680.6
433.2	684.81
433.5	690.2
433.9	681.3
434.3	722.73
434.6	701.67
435	713.37
435.4	719.45
435.7	760.18
436.1	784.05
436.5	755.97
436.8	755.97
437.2	758.31
437.6	741.46
437.9	745.67
438.3	728.35
438.7	758.54
439	751.52
439.4	723.67
439.8	696.52
440.1	676.86
440.5	684.81
440.9	677.79
441.2	654.39
441.6	607.11
442	576.68
442.3	539.47
442.7	536.19
443.1	521.68
443.4	475.8
443.8	438.36
444.1	435.31
444.5	432.27
444.9	368.61
445.2	343.33
445.6	348.25
446	331.63
446.3	263.75
446.7	257.9
447.1	248.54
447.4	244.56
447.8	196.34
448.2	214.13
448.5	188.62
448.9	171.54
449.3	168.02
449.6	151.64
450	133.62
450.4	135.96
450.7	142.75
451.1	101.55
451.4	120.04
451.8	109.51
452.2	91.25
452.5	83.06
452.9	105.53
453.3	62.47
453.6	69.25
454	79.32
454.4	75.11
454.7	53.57
455.1	24.08
455.5	56.38
455.8	45.85
456.2	62
456.5	31.1
456.9	45.15
457.3	49.36
457.6	46.08
458	55.21
458.4	31.81
458.7	36.72
459.1	32.74
459.5	48.66
459.8	59.89
460.2	21.51
460.5	42.34
460.9	35.55
461.3	54.27
461.6	24.55
462	1.61
462.4	31.57
462.7	54.51
463.1	21.51
463.5	42.34
463.8	32.98
464.2	26.42
464.5	18.7
464.9	18.46
465.3	26.19
465.6	15.42
466	9.57
466.4	18.93
466.7	13.55
467.1	19.17
467.5	12.85
467.8	18.93
468.2	17.29
468.5	17.76
468.9	26.42
469.3	34.38
469.6	35.32
470	2.55
470.4	16.36
470.7	10.04
471.1	-7.28
471.4	0.68
471.8	31.57
472.2	37.19
472.5	58.49
472.9	7
473.3	42.1
473.6	2.78
474	32.27
474.3	44.21
474.7	5.59
475.1	18.7
475.4	35.08
475.8	3.25
476.2	-0.03
476.5	41.87
476.9	38.12
477.2	34.38
477.6	19.17
478	47.95
478.3	33.44
478.7	5.36
479.1	18.93
479.4	-8.92
479.8	29
480.1	32.51
480.5	26.66
480.9	34.61
481.2	15.19
481.6	40.7
481.9	52.4
482.3	7.7
482.7	28.06
483	-9.15
483.4	59.42
483.8	62
484.1	20.8
484.5	18.93
484.8	65.51
485.2	36.02
485.6	76.98
485.9	62.47
486.3	61.3
486.6	36.02
487	65.04
487.4	59.42
487.7	58.02
488.1	55.68
488.5	79.08
488.8	82.59
489.2	80.25
489.5	51.23
489.9	84.94
490.3	91.96
490.6	96.87
491	95.94
491.3	124.02
491.7	80.72
492.1	87.28
492.4	142.98
492.8	127.07
493.1	127.07
493.5	117
493.9	110.68
494.2	154.68
494.6	150.7
494.9	130.81
495.3	144.15
495.7	153.28
496	158.66
496.4	186.51
496.7	195.41
497.1	194
497.5	209.22
497.8	203.6
498.2	215.54
498.5	191.9
498.9	230.52
499.3	231.45
499.6	226.54
500	265.62
500.3	297.22
500.7	285.29
501.1	275.22
501.4	305.65
501.8	335.37
502.1	321.56
502.5	350.35
502.9	348.25
503.2	362.52
503.6	398.33
503.9	375.63
504.3	412.14
504.7	413.31
505	431.8
505.4	465.97
505.7	475.57
506.1	531.74
506.5	473.23
506.8	516.3
507.2	521.68
507.5	544.85
507.9	541.57
508.2	581.83
508.6	578.79
509	619.28
509.3	621.62
509.7	650.17
510	672.41
510.4	682.71
510.8	674.28
511.1	748.24
511.5	739.82
511.8	730.69
512.2	753.63
512.6	782.42
512.9	787.33
513.3	812.14
513.6	858.25
514	850.29
514.3	875.57
514.7	896.17
515.1	908.8
515.4	918.63
515.8	912.55
516.1	907.63
516.5	999.15
516.9	964.98
517.2	978.79
517.6	1002.19
517.9	996.34
518.3	1043.38
518.6	1044.56
519	1059.77
519.4	1091.13
519.7	1082.71
520.1	1087.39
520.4	1105.64
520.8	1132.56
521.1	1128.11
521.5	1185.46
521.9	1174.92
522.2	1159.01
522.6	1223.14
522.9	1218.22
523.3	1220.33
523.6	1263.4
524	1246.08
524.4	1275.57
524.7	1316.06
525.1	1335.48
525.4	1315.12
525.8	1363.1
526.2	1370.83
526.5	1392.59
526.9	1405.93
527.2	1412.72
527.6	1434.25
527.9	1375.74
528.3	1466.09
528.6	1446.89
529	1476.38
529.4	1491.13
529.7	1493
530.1	1564.62
530.4	1513.36
530.8	1555.96
531.1	1554.79
531.5	1598.79
531.9	1526.47
532.2	1581.01
532.6	1608.62
532.9	1567.66
533.3	1621.03
533.6	1622.67
534	1636.01
534.4	1824.19
534.7	1671.12
535.1	1682.12
535.4	1666.67
535.8	1676.73
536.1	1673.93
536.5	1683.29
536.8	1782.76
537.2	1747.18
537.6	1708.1
537.9	1704.35
538.3	1737.82
538.6	1770.12
539	1740.63
539.3	1773.16
539.7	1765.91
540	1779.72
540.4	1811.31
540.8	1786.27
541.1	1950.81
541.5	1857.66
541.8	1845.02
542.2	1792.36
542.5	1804.29
542.9	1839.17
543.2	1868.19
543.6	1860.47
544	1860
544.3	1859.76
544.7	1902.83
545	1924.83
545.4	1889.72
545.7	1899.55
546.1	1898.62
546.4	1913.6
546.8	1893.7
547.2	1921.09
547.5	1908.68
547.9	1907.04
548.2	1924.83
548.6	1930.68
548.9	1911.02
549.3	1937.24
549.6	1911.02
550	1955.49
550.3	1965.32
550.7	1915.23
551.1	1948
551.4	1963.92
551.8	1979.83
552.1	1933.26
552.5	1956.43
552.8	1959.24
553.2	1935.83
553.5	1947.07
553.9	1940.51
554.2	1981.71
554.6	1963.45
554.9	2024.54
555.3	1958.3
555.7	1977.26
556	1967.43
556.4	1961.11
556.7	1974.22
557.1	1984.51
557.4	1963.92
557.8	1963.68
558.1	1950.58
558.5	1949.64
558.8	1966.26
559.2	1928.34
559.5	1951.04
559.9	1950.11
560.3	1951.04
560.6	1922.02
561	1951.28
561.3	1925.06
561.7	1947.53
562	1916.64
562.4	1939.81
562.7	1935.13
563.1	1917.11
563.4	1910.09
563.8	1967.9
564.1	1911.96
564.5	1881.76
564.8	1909.15
565.2	1905.17
565.5	1889.96
565.9	1875.91
566.3	1896.74
566.6	1870.53
567	1895.57
567.3	1879.19
567.7	1856.25
568	1887.15
568.4	1837.76
568.7	1834.49
569.1	1801.48
569.4	1826.53
569.8	1830.04
570.1	1839.87
570.5	1823.25
570.8	1837.06
571.2	1825.36
571.5	1841.27
571.9	1792.59
572.2	1813.89
572.6	1859.53
572.9	1849.7
573.3	1843.61
573.6	1782.29
574	1802.42
574.4	1808.27
574.7	1798.44
575.1	1795.87
575.4	1781.82
575.8	1798.68
576.1	1761.7
576.5	1761.23
576.8	1771.53
577.2	1780.89
577.5	1797.04
577.9	1839.64
578.2	1765.44
578.6	1739.69
578.9	1753.97
579.3	1783.23
579.6	1756.31
580	1747.65
580.3	1721.44
580.7	1710.91
581	1705.99
581.4	1701.31
581.7	1697.1
582.1	1680.95
582.4	1728.69
582.8	1669.71
583.1	1680.48
583.5	1703.18
583.8	1645.37
584.2	1683.05
584.5	1705.29
584.9	1692.88
585.2	1676.5
585.6	1702.95
585.9	1691.48
586.3	1646.77
586.6	1645.6
587	1635.54
587.3	1602.07
587.7	1654.5
588	1653.33
588.4	1604.41
588.7	1653.09
589.1	1634.14
589.4	1598.56
589.8	1598.56
590.1	1595.05
590.5	1588.03
590.8	1566.49
591.2	1601.84
591.5	1548.71
591.9	1559.24
592.2	1592.71
592.6	1565.09
592.9	1539.34
593.3	1512.43
593.6	1559
594	1581.71
594.3	1527.41
594.7	1508.92
595	1475.92
595.4	1466.32
595.7	1482.7
596.1	1484.58
596.4	1510.56
596.8	1495.11
597.1	1451.11
597.5	1492.07
597.8	1488.09
598.2	1493.24
598.5	1453.45
598.9	1436.83
599.2	1420.45
599.6	1453.21
599.9	1415.76
600.3	1416.93
600.6	1427.7
601	1409.44
601.3	1411.08
601.7	1402.19
602	1377.15
602.4	1397.27
602.7	1375.27
603.1	1396.81
603.4	1397.04
603.8	1298.97
604.1	1333.38
604.5	1352.34
604.8	1367.78
605.1	1346.25
605.5	1364.27
605.8	1329.87
606.2	1332.68
606.5	1270.88
606.9	1334.78
607.2	1299.91
607.6	1281.65
607.9	1309.97
608.3	1287.74
608.6	1278.84
609	1264.1
609.3	1241.63
609.7	1234.84
610	1226.18
610.4	1236.71
610.7	1221.5
611.1	1226.18
611.4	1243.97
611.8	1216.58
612.1	1192.71
612.5	1180.07
612.8	1187.09
613.1	1153.39
613.5	1198.33
613.8	1147.54
614.2	1146.13
614.5	1186.16
614.9	1138.88
615.2	1126.47
615.6	1112.66
615.9	1141.45
616.3	1125.07
616.6	1089.26
617	1090.9
617.3	1100.03
617.7	1083.88
618	1102.13
618.3	1128.11
618.7	1084.81
619	1067.96
619.4	1059.3
619.7	1054.62
620.1	1047.6
620.4	1042.68
620.8	1052.28
621.1	1040.81
621.5	999.38
621.8	1002.66
622.2	1040.34
622.5	1037.77
622.8	997.28
623.2	993.3
623.5	947.89
623.9	979.25
624.2	982.76
624.6	969.66
624.9	966.85
625.3	953.04
625.6	916.29
626	917
626.3	910.91
626.7	913.25
627	933.15
627.3	912.55
627.7	909.97
628	913.25
628.4	875.8
628.7	915.83
629.1	861.53
629.4	840.46
629.8	876.97
630.1	898.04
630.5	871.12
630.8	813.08
631.1	885.16
631.5	858.25
631.8	812.14
632.2	837.89
632.5	821.27
632.9	809.1
633.2	803.95
633.6	833.91
633.9	826.18
634.2	797.39
634.6	791.78
634.9	789.67
635.3	783.35
635.6	766.03
636	759.01
636.3	739.35
636.7	760.41
637	731.63
637.3	755.5
637.7	715.24
638	738.65
638.4	747.54
638.7	746.14
639.1	713.14
639.4	738.65
639.8	731.86
640.1	736.31
640.4	740.99
640.8	708.22
641.1	715.24
641.5	702.84
641.8	675.45
642.2	703.54
642.5	669.13
642.8	690.2
643.2	698.86
643.5	647.83
643.9	630.98
644.2	630.05
644.6	636.6
644.9	633.79
645.3	667.96
645.6	656.96
645.9	621.39
646.3	615.53
646.6	630.05
647	599.85
647.3	593.3
647.7	589.32
648	588.38
648.3	598.92
648.7	561.94
649	582.53
649.4	600.32
649.7	576.21
650.1	577.62
650.4	577.85
650.7	565.92
651.1	552.11
651.4	522.15
651.8	539.7
652.1	575.98
652.4	517.7
652.8	516.53
653.1	519.34
653.5	533.15
653.8	555.38
654.2	529.64
654.5	517.93
654.8	486.34
655.2	482.12
655.5	524.49
655.9	503.42
656.2	494.76
656.6	473
656.9	532.45
657.2	516.76
657.6	483.29
657.9	481.42
658.3	478.85
658.6	472.06
658.9	453.57
659.3	469.02
659.6	442.1
660	484.7
660.3	456.85
660.7	453.34
661	417.53
661.3	441.87
661.7	438.36
662	443.51
662.4	417.99
662.7	417.99
663	415.89
663.4	401.14
663.7	312.2
664.1	371.42
664.4	394.59
664.7	403.01
665.1	425.95
665.4	383.35
665.8	395.52
666.1	402.55
666.4	381.72
666.8	379.37
667.1	381.25
667.5	374.93
667.8	370.95
668.1	360.18
668.5	333.03
668.8	344.73
669.2	339.82
669.5	367.67
669.8	337.48
670.2	350.82
670.5	331.16
670.9	318.29
671.2	348.01
671.5	341.69
671.9	308.22
672.2	347.08
672.6	349.65
672.9	313.14
673.2	340.29
673.6	290.43
673.9	313.37
674.3	296.29
674.6	310.09
674.9	312.2
675.3	288.56
675.6	336.07
676	388.5
676.3	278.73
676.6	274.05
677	289.73
677.3	256.03
677.7	259.07
678	264.22
678.3	276.39
678.7	264.22
679	276.63
679.4	247.84
679.7	286.92
680	262.58
680.4	241.05
680.7	260.01
681	267.5
681.4	237.77
681.7	237.3
682.1	244.79
682.4	241.99
682.7	223.03
683.1	221.62
683.4	262.58
683.8	255.79
684.1	240.58
684.4	222.79
684.8	230.28
685.1	203.37
685.4	207.35
685.8	234.26
686.1	209.69
686.5	233.79
686.8	198.22
687.1	219.75
687.5	216.24
687.8	202.2
688.1	217.18
688.5	211.79
688.8	198.45
689.2	177.39
689.5	192.6
689.8	200.56
690.2	194.47
690.5	179.26
690.8	216.47
691.2	196.11
691.5	184.41
691.9	165.92
692.2	172.94
692.5	192.13
692.9	162.64
693.2	137.6
693.5	184.88
693.9	175.75
694.2	176.22
694.6	181.83
694.9	180.2
695.2	135.73
695.6	167.09
695.9	135.49
696.2	148.83
696.6	154.92
696.9	170.13
697.2	166.85
697.6	211.09
697.9	150.94
698.3	126.6
698.6	179.02
698.9	173.64
699.3	156.56
699.6	131.28
699.9	140.64
700.3	128.7
700.6	145.09
700.9	119.81
701.3	141.58
701.6	125.19
702	124.02
702.3	154.92
702.6	126.13
703	128.47
703.3	102.49
703.6	130.81
704	131.75
704.3	152.34
704.6	93.13
705	109.98
705.3	104.6
705.6	125.66
706	118.17
706.3	84
706.6	91.02
707	100.38
707.3	127.77
707.7	99.68
708	111.85
708.3	102.02
708.7	115.6
709	131.75
709.3	109.98
709.7	109.04
710	104.83
710.3	112.79
710.7	85.4
711	120.28
711.3	98.28
711.7	123.79
712	127.77
712.3	92.89
712.7	111.15
713	118.64
713.3	91.25
713.7	98.51
714	127.77
714.3	88.45
714.7	98.74
715	84.47
715.3	72.06
715.7	86.34
716	114.66
716.3	84.47
716.7	73
717	80.72
717.3	98.51
717.7	82.36
718	75.57
718.4	109.51
718.7	97.57
719	64.81
719.4	84.47
719.7	79.08
720	85.4
720.4	70.19
720.7	87.04
721	59.19
721.3	54.27
721.7	85.64
722	77.68
722.3	60.13
722.7	61.3
723	74.87
723.3	72.76
723.7	67.85
724	106.7
724.3	66.68
724.7	69.72
725	72.06
725.3	66.45
725.7	93.6
726	78.62
726.3	72.53
726.7	63.64
727	72.76
727.3	64.34
727.7	32.27
728	99.45
728.3	31.81
728.7	90.08
729	64.81
729.3	78.38
729.7	73.93
730	80.72
730.3	55.91
730.7	60.13
731	42.81
731.3	67.62
731.7	50.06
732	65.27
732.3	63.4
732.6	58.02
733	77.45
733.3	55.21
733.6	62.7
734	44.68
734.3	40.7
734.6	68.55
735	86.81
735.3	42.1
735.6	48.66
736	52.4
736.3	57.55
736.6	40.23
737	65.51
737.3	46.78
737.6	79.08
737.9	28.29
738.3	61.53
738.6	8.4
738.9	46.08
739.3	41.87
739.6	53.1
739.9	51.93
740.3	63.4
740.6	54.74
740.9	56.85
741.2	40.93
741.6	40.93
741.9	60.13
742.2	23.61
742.6	40.93
742.9	42.57
743.2	50.53
743.6	9.1
743.9	25.02
744.2	31.81
744.6	66.45
744.9	45.15
745.2	1.61
745.5	18.7
745.9	49.36
746.2	31.81
746.5	41.4
746.9	32.51
747.2	0.21
747.5	29.23
747.8	25.25
748.2	70.89
748.5	45.38
748.8	29.93
749.2	33.21
749.5	66.45
749.8	54.27
750.1	22.21
750.5	37.66
750.8	26.66
751.1	23.85
751.5	28.53
751.8	16.59
752.1	15.19
752.5	25.72
752.8	39.06
753.1	11.68
753.4	28.29
753.8	13.08
754.1	4.42
754.4	-6.58
754.7	20.34
755.1	14.25
755.4	2.31
755.7	25.02
756.1	51
756.4	43.51
756.7	11.44
757	25.02
757.4	29.46
757.7	30.87
758	29.93
758.4	34.61
758.7	38.83
759	30.64
759.3	6.06
759.7	40
760	41.87
760.3	30.17
760.7	31.34
761	44.68
761.3	9.34
761.6	29.23
762	15.66
762.3	16.36
762.6	22.44
762.9	32.74
763.3	-5.88
763.6	30.17
763.9	24.78
764.2	23.38
764.6	17.29
764.9	2.31
765.2	15.66
765.6	12.14
765.9	18
766.2	12.61
766.5	49.83
766.9	8.4
767.2	3.02
767.5	0.44
767.8	3.95
768.2	1.61
768.5	5.36
768.8	16.59
769.1	26.66
769.5	26.89
769.8	35.08
770.1	17.53
770.5	34.38
770.8	5.83
771.1	31.81
771.4	8.17
771.8	27.36
772.1	6.76
772.4	15.66
772.7	7.23
773.1	-5.64
773.4	53.1
773.7	21.27
774	-7.28
774.4	-4.71
774.7	20.57
775	-0.96
775.3	-7.98
775.7	30.87
776	2.31
776.3	34.38
776.6	27.83
777	-16.64
777.3	-13.37
777.6	10.97
777.9	14.25
778.3	9.8
778.6	39.06
778.9	21.98
779.2	20.57
779.6	17.06
779.9	22.21
780.2	31.57
780.5	4.89
780.9	-21.32
781.2	18.23
781.5	20.34
781.8	-14.54
782.2	11.68
782.5	19.17
782.8	18.46
783.1	-0.26
783.4	-0.73
783.8	20.1
784.1	29
784.4	47.72
784.7	5.36
785.1	25.02
785.4	-5.88
785.7	-8.22
786	13.32
786.4	-28.81
786.7	-3.07
787	-12.2
787.3	-16.41
787.7	7.23
788	20.1
788.3	26.66
788.6	5.36
788.9	13.78
789.3	16.12
789.6	17.76
789.9	3.72
790.2	3.72
790.6	12.61
790.9	8.4
791.2	-7.05
791.5	16.36
791.9	6.29
792.2	21.98
792.5	18
792.8	6.06
793.1	1.14
793.5	-14.77
793.8	-11.26
794.1	6.53
794.4	-3.07
794.8	0.44
795.1	30.17
795.4	-18.05
795.7	-25.77
796	14.02
796.4	-0.49
796.7	32.74
797	13.55
797.3	11.91
797.7	-1.43
798	-6.81
798.3	-8.45
798.6	-13.6
798.9	3.02
799.3	22.44
799.6	-16.64
799.9	12.85
800.2	33.91
800.5	1.38
800.9	10.74
801.2	6.76
801.5	13.32
801.8	3.02
802.2	20.8
802.5	-10.09
802.8	26.19
803.1	-3.3
803.4	35.32
803.8	3.48
804.1	3.02
804.4	3.48
804.7	13.78
805	-8.92
805.4	-0.26
805.7	9.34
806	1.85
806.3	12.85
806.6	5.12
807	37.42
807.3	23.85
807.6	24.78
807.9	-19.45
808.2	9.34
808.6	14.49
808.9	24.08
809.2	8.63
809.5	-29.98
809.8	-13.6
810.2	1.38
810.5	4.66
810.8	-1.9
811.1	-6.35
811.4	26.66
811.8	10.04
812.1	-12.66
812.4	2.08
812.7	7.23
813	-9.86
813.4	17.76
813.7	-5.18
814	-28.58
814.3	-13.6
814.6	3.48
815	12.38
815.3	-14.54
815.6	-12.9
815.9	14.02
816.2	-7.05
816.5	18.46
816.9	-0.49
817.2	11.44
817.5	-10.09
817.8	-5.88
818.1	5.83
818.5	-20.39
818.8	21.04
819.1	-0.03
819.4	-1.66
819.7	-6.58
820.1	-29.52
820.4	-4.47
820.7	18.7
821	2.31
821.3	-15.47
821.6	-19.69
822	-29.75
822.3	-22.73
822.6	-20.86
822.9	-3.3
823.2	1.85
823.5	-11.49
823.9	14.02
824.2	-12.9
824.5	-0.03
824.8	10.04
825.1	28.53
825.5	21.27
825.8	-10.09
826.1	15.66
826.4	23.85
826.7	29.7
827	6.06
827.4	14.72
827.7	-5.18
828	-20.86
828.3	14.95
828.6	-7.28
828.9	-7.75
829.3	-2.83
829.6	-8.69
829.9	-24.6
830.2	-4.94
830.5	-19.69
830.8	-0.49
831.2	-9.86
831.5	-1.66
831.8	16.59
832.1	-5.41
832.4	-10.32
832.7	-18.05
833.1	-12.9
833.4	15.19
833.7	-4
834	14.95
834.3	19.17
834.6	20.1
835	19.17
835.3	5.83
835.6	10.27
835.9	-18.05
836.2	6.76
836.5	-19.22
836.8	6.76
837.2	9.1
837.5	-4.47
837.8	7
838.1	-25.77
838.4	26.42
838.7	-14.3
839.1	10.51
839.4	17.53
839.7	7.23
840	11.21
840.3	4.89
840.6	-298.21
840.9	-34.9
841.3	-17.81
841.6	-0.26
841.9	1.61
842.2	21.04
842.5	-15.47
842.8	-2.13
843.1	5.83
843.5	-15.01
843.8	-20.39
844.1	-9.62
844.4	-5.88
844.7	23.15
845	3.72
845.3	-24.84
845.7	1.85
846	-25.77
846.3	-10.09
846.6	-0.26
846.9	-13.37
847.2	15.89
847.5	-4
847.9	5.83
848.2	24.08
848.5	-9.86
848.8	-9.62
849.1	4.66
849.4	21.74
849.7	22.68
850	-13.84
850.4	2.31
850.7	-8.22
851	23.85
851.3	-2.13
851.6	20.57
851.9	0.68
852.2	-7.98
852.5	-1.2
852.9	0.21
853.2	2.55
853.5	-31.62
853.8	47.95
854.1	2.08
854.4	-0.73
854.7	18.46
855.1	14.49
855.4	8.17
855.7	-11.73
856	-3.3
856.3	7.23
856.6	-0.03
856.9	-9.39
857.2	-10.32
857.5	-5.88
857.9	-14.3
858.2	-13.6
858.5	-26.01
858.8	-11.96
859.1	-14.54
859.4	7.7
859.7	3.48
860	-8.22
860.4	27.83
860.7	6.53
861	-3.77
861.3	-22.73
861.6	-6.58
861.9	-14.07
862.2	5.36
862.5	-15.71
862.8	7.23
863.2	-2.13
863.5	-1.43
863.8	-4.24
864.1	-2.6
864.4	6.53
864.7	-29.28
865	6.29
865.3	-9.86
865.6	-4.47
866	-7.98
866.3	46.55
866.6	-6.11
866.9	24.08
867.2	-10.79
867.5	-21.79
867.8	25.72
868.1	-12.66
868.4	-11.73
868.7	1.61
869.1	-19.22
869.4	3.02
869.7	14.02
870	-15.94
870.3	0.44
870.6	11.91
870.9	-4.24
871.2	-10.79
871.5	13.32
871.8	-10.09
872.1	-2.13
872.5	18
872.8	2.31
873.1	-3.3
873.4	-24.37
873.7	-14.77
874	21.98
874.3	-2.13
874.6	25.02
874.9	5.12
875.2	2.08
875.6	-6.35
875.9	-14.3
876.2	-12.2
876.5	-0.03
876.8	-8.22
877.1	-10.56
877.4	-3.07
877.7	0.44
878	5.36
878.3	20.1
878.6	0.21
878.9	17.29
879.3	-28.58
879.6	-10.09
879.9	14.02
880.2	-12.2
880.5	-18.52
880.8	8.63
881.1	0.91
881.4	-6.11
881.7	-15.71
882	2.31
882.3	-18.05
882.6	7.7
882.9	-29.28
883.3	-11.26
883.6	-11.03
883.9	-0.96
884.2	21.04
884.5	24.08
884.8	6.53
885.1	-20.39
885.4	-23.43
885.7	-18.75
886	-24.84
886.3	-33.26
886.6	-16.88
886.9	2.78
887.2	-5.18
887.6	3.25
887.9	18.93
888.2	-28.35
888.5	-1.43
888.8	2.78
889.1	20.1
889.4	32.51
889.7	-20.15
890	-6.11
890.3	-2.6
890.6	2.31
890.9	12.85
891.2	-4
891.5	-1.9
891.8	0.44
892.1	-3.3
892.5	-3.3
892.8	9.8
893.1	-44.26
893.4	-19.69
893.7	11.44
894	3.48
894.3	-4.71
894.6	-5.64
894.9	-16.18
895.2	-17.81
895.5	0.21
895.8	-5.41
896.1	-4.24
896.4	0.91
896.7	-11.03
897	-26.24
897.3	-23.2
897.6	-7.75
897.9	27.12
898.3	-20.86
898.6	21.04
898.9	-6.58
899.2	7
899.5	4.66
899.8	0.91
900.1	-28.81
900.4	2.31
900.7	-6.35
901	-1.2
901.3	-26.94
901.6	-19.69
901.9	6.76
902.2	-4.24
902.5	-6.11
902.8	-4
903.1	0.21
903.4	-18.52
903.7	-14.54
904	13.78
904.3	11.68
904.6	-5.41
904.9	-9.15
905.2	30.17
905.6	-15.71
905.9	-15.47
906.2	-16.18
906.5	26.66
906.8	-14.77
907.1	-43.33
907.4	-13.84
907.7	-2.83
908	-14.07
908.3	-7.75
908.6	-5.18
908.9	6.29
909.2	3.25
909.5	16.12
909.8	-7.75
910.1	-10.56
910.4	-15.94
910.7	1.14
911	5.59
911.3	-4.47
911.6	-15.47
911.9	18.93
912.2	-24.84
912.5	-28.58
912.8	-37.94
913.1	-18.28
913.4	-3.3
913.7	5.36
914	16.12
914.3	18.23
914.6	3.95
914.9	-23.67
915.2	-7.52
915.5	-6.35
915.8	-7.05
916.1	-9.62
916.4	-18.05
916.7	-21.09
917	-9.39
917.3	6.76
917.6	16.59
917.9	-8.69
918.2	-23.67
918.5	19.17
918.8	-31.16
919.1	-43.33
919.5	-12.66
919.8	-14.54
920.1	-10.32
920.4	-9.62
920.7	-13.6
921	-6.11
921.3	11.68
921.6	-13.84
921.9	-11.73
922.2	13.78
922.5	18.93
922.8	-20.15
923.1	24.08
923.4	-25.54
923.7	0.68
924	13.08
924.3	-10.56
924.6	-4
924.9	21.51
925.2	-15.01
925.5	-11.03
925.8	-35.84
926.1	-42.62
926.4	1.38
926.7	0.91
927	-5.41
927.3	5.83
927.6	-13.37
927.9	-9.39
928.2	0.44
928.4	-39.58
928.7	-17.35
929	16.83
929.3	2.55
929.6	-8.22
929.9	-9.86
930.2	-3.77
930.5	-11.26
930.8	18.46
931.1	-7.05
931.4	-19.92
931.7	-7.52
932	-24.37
932.3	-14.77
932.6	-4.71
932.9	16.36
933.2	-4
933.5	1.38
933.8	1.85
934.1	-9.62
934.4	-4.47
934.7	-2.13
935	10.74
935.3	-1.66
935.6	-16.18
935.9	30.17
936.2	13.78
936.5	-8.45
936.8	-12.43
937.1	-15.71
937.4	-12.43
937.7	-4.24
938	-22.26
938.3	-0.96
938.6	-2.13
938.9	-19.92
939.2	23.38
939.5	-10.09
939.8	-7.28
940.1	-0.96
940.4	-21.32
940.7	-36.3
941	-9.15
941.3	-14.07
941.6	18.7
941.9	-9.39
942.2	-6.11
942.4	-14.77
942.7	-5.41
943	13.08
943.3	15.89
943.6	3.25
943.9	-10.09
944.2	9.34
944.5	17.29
944.8	-41.69
945.1	-1.2
945.4	-0.73
945.7	4.19
946	-15.01
946.3	12.38
946.6	9.8
946.9	-22.03
947.2	19.4
947.5	-18.05
947.8	-7.05
948.1	1.38
948.4	-31.39
948.7	-46.6
949	-23.43
949.2	-0.96
949.5	-9.39
949.8	19.17
950.1	24.08
950.4	2.31
950.7	-8.45
951	-30.45
951.3	0.68
951.6	-23.67
951.9	-27.64
952.2	-11.96
952.5	-17.81
952.8	-12.9
953.1	-9.15
953.4	7.46
953.7	0.44
954	10.51
954.3	-34.9
954.6	-21.56
954.8	-35.37
955.1	3.72
955.4	-24.84
955.7	19.87
956	-16.41
956.3	4.42
956.6	-20.39
956.9	24.78
957.2	-9.15
957.5	0.44
957.8	-24.13
958.1	-30.45
958.4	0.21
958.7	-27.18
959	-5.88
959.2	10.04
959.5	5.36
959.8	-32.09
960.1	-32.33
960.4	-12.43
960.7	-7.52
961	-9.62
961.3	-27.18
961.6	3.72
961.9	-4.47
962.2	27.83
962.5	-3.77
962.8	-24.84
963.1	-10.56
963.3	6.76
963.6	23.61
963.9	-6.11
964.2	-11.73
964.5	8.17
964.8	-2.37
965.1	-15.01
965.4	-11.96
965.7	-17.11
966	-1.43
966.3	17.53
966.6	4.19
966.9	14.25
967.1	8.63
967.4	-15.01
967.7	-13.37
968	-5.88
968.3	-12.43
968.6	10.27
968.9	18.46
969.2	-21.79
969.5	0.68
969.8	5.59
970.1	-17.35
970.3	-31.16
970.6	2.31
970.9	16.36
971.2	-26.01
971.5	6.06
971.8	-9.15
972.1	-3.77
972.4	7
972.7	3.48
973	-8.45
973.3	3.95
973.5	2.78
973.8	3.95
974.1	3.25
974.4	18
974.7	-1.2
975	7.93
975.3	-10.56
975.6	-6.35
975.9	10.04
976.2	25.49
976.4	-83.12
976.7	-14.77
977	-16.18
977.3	-19.22
977.6	-4
977.9	3.25
978.2	12.38
978.5	-2.13
978.8	15.89
979	-10.32
979.3	-16.41
979.6	3.48
979.9	23.15
980.2	-6.81
980.5	1.38
980.8	-2.37
981.1	-19.45
981.4	9.57
981.6	-176.97
981.9	-13.84
982.2	19.17
982.5	14.95
982.8	-6.35
983.1	-20.15
983.4	3.48
983.7	4.89
984	2.08
984.2	-15.71
984.5	-17.58
984.8	-3.54
985.1	-18.05
985.4	-2.13
985.7	4.19
986	-17.81
986.3	-3.07
986.5	24.32
986.8	-14.54
987.1	-4.24
987.4	3.25
987.7	-13.84
988	-36.77
988.3	-4.47
988.6	7
988.8	-26.94
989.1	-5.18
989.4	-3.3
989.7	3.48
990	14.95
990.3	5.12
990.6	18.23
990.9	-39.82
991.1	-15.24
991.4	-12.9
991.7	4.89
992	3.02
992.3	2.31
992.6	14.95
992.9	-1.66
993.1	-15.24
993.4	-18.52
993.7	-5.88
994	-27.41
994.3	-31.86
994.6	-0.26
994.9	-24.84
995.1	-0.26
995.4	-3.3
995.7	42.1
996	-20.62
996.3	-17.81
996.6	-23.9
996.9	-7.05
997.1	-18.28
997.4	6.29
997.7	-27.41
998	-8.69
998.3	-3.07
998.6	-1.9
998.9	24.55
999.1	-22.73
999.4	-22.96
999.7	-16.64
1000	-8.69
1000.3	-17.35
1000.6	2.55
1000.8	-34.67
1001.1	27.59
1001.4	16.36
1001.7	12.38
1002	-4.71
1002.3	-0.96
1002.6	-0.03
1002.8	-26.71
1003.1	-3.77
1003.4	-7.05
1003.7	-27.88
1004	3.02
1004.3	-13.84
1004.5	-16.41
1004.8	-24.37
1005.1	-0.49
1005.4	-9.15
1005.7	1.85
1006	-26.71
1006.2	-0.73
1006.5	5.12
1006.8	-10.79
1007.1	-17.35
1007.4	-4.71
1007.7	-21.32
1007.9	-14.3
1008.2	-12.9
1008.5	-24.37
1008.8	3.25
1009.1	-30.22
1009.4	-10.79
1009.6	-43.33
1009.9	-33.26
1010.2	6.06
1010.5	7
1010.8	-17.11
1011.1	-29.05
1011.3	-16.41
1011.6	-23.2
1011.9	-26.94
1012.2	3.02
1012.5	3.25
1012.7	-0.26
1013	-10.56
1013.3	-20.39
1013.6	-13.37
1013.9	-21.09
1014.2	-35.6
1014.4	4.42
1014.7	2.31
1015	-11.49
1015.3	-7.98
1015.6	7
1015.8	-0.96
1016.1	0.91
1016.4	-12.2
1016.7	6.76
1017	-15.47
1017.2	-35.13
1017.5	-22.26
1017.8	-15.94
1018.1	6.76
1018.4	-10.09
1018.7	1.38
1018.9	-37.47
1019.2	1.14
1019.5	7.7
1019.8	13.32
1020.1	0.91
1020.3	-13.37
1020.6	-29.98
1020.9	-29.98
1021.2	-29.98
