340.19	-9.82
340.564	-9.82
340.939	-9.82
341.313	21.78
341.687	-1.16
342.061	23.18
342.436	3.76
342.81	-19.88
343.184	18.74
343.558	6.57
343.932	-10.52
344.306	13.59
344.68	-3.73
345.054	0.01
345.428	-10.99
345.802	3.29
346.176	-0.92
346.55	-14.26
346.924	-21.29
347.298	6.33
347.672	-3.26
348.046	-22.69
348.419	-37.44
348.793	4.46
349.167	-13.56
349.54	12.42
349.914	7.97
350.288	3.76
350.661	-10.52
351.035	-16.6
351.408	-26.9
351.782	-21.52
352.155	6.33
352.528	-17.54
352.902	-10.75
353.275	10.55
353.648	-1.63
354.022	4.93
354.395	1.18
354.768	-1.86
355.141	-10.52
355.515	-4.67
355.888	3.29
356.261	-23.16
356.634	-19.65
357.007	-3.26
357.38	-32.52
357.753	-7.94
358.126	0.72
358.499	13.59
358.872	-3.5
359.245	25.52
359.617	-2.33
359.99	-22.69
360.363	-6.77
360.736	4.46
361.108	8.91
361.481	-22.22
361.854	-29.24
362.226	29.97
362.599	-28.54
362.971	0.25
363.344	35.36
363.716	-4.2
364.089	-14.03
364.461	0.48
364.834	7.27
365.206	-11.92
365.578	-3.03
365.951	-21.75
366.323	2.59
366.695	-11.46
367.067	-8.65
367.439	1.89
367.812	-9.82
368.184	-10.99
368.556	9.38
368.928	-11.46
369.3	1.89
369.672	-22.46
370.044	-12.63
370.416	7.27
370.788	2.12
371.159	12.65
371.531	-24.09
371.903	-3.26
372.275	-15.67
372.646	-21.75
373.018	-21.52
373.39	8.67
373.761	9.84
374.133	19.44
374.505	-7.71
374.876	-10.29
375.248	-21.29
375.619	-20.58
375.991	12.65
376.362	-14.73
376.733	4.23
377.105	9.61
377.476	2.59
377.847	-32.05
378.219	-6.07
378.59	8.2
378.961	42.14
379.332	-5.6
379.703	-14.26
380.074	26.46
380.445	11.72
380.816	-15.2
381.187	6.57
381.558	-2.33
381.929	-2.09
382.3	-4.43
382.671	-21.05
383.042	-26.2
383.413	-15.43
383.784	-19.41
384.154	4.93
384.525	-7.94
384.896	-1.39
385.266	22.01
385.637	-7.01
386.008	-29.01
386.378	2.35
386.749	-12.63
387.119	-13.33
387.49	2.82
387.86	-1.86
388.23	-15.2
388.601	12.18
388.971	-0.46
389.341	-12.39
389.712	7.5
390.082	4.46
390.452	-8.41
390.822	-18.01
391.192	2.59
391.562	-5.14
391.933	10.31
392.303	11.72
392.673	14.06
393.043	24.35
393.412	15.23
393.782	-23.63
394.152	-25.97
394.522	-13.09
394.892	1.42
395.262	7.27
395.631	-14.5
396.001	-9.35
396.371	-19.18
396.74	-2.56
397.11	-2.8
397.48	3.06
397.849	21.78
398.219	7.27
398.588	10.08
398.958	-4.67
399.327	23.42
399.696	-17.54
400.066	2.12
400.435	-3.03
400.804	-24.33
401.174	10.08
401.543	-8.88
401.912	-23.39
402.281	6.1
402.65	-21.52
403.019	1.18
403.389	0.25
403.758	-27.14
404.127	13.12
404.496	10.55
404.864	6.1
405.233	-7.24
405.602	-17.78
405.971	17.1
406.34	-8.18
406.709	-48.2
407.077	-3.97
407.446	-29.01
407.815	-8.41
408.183	-11.69
408.552	14.52
408.92	-28.07
409.289	-15.43
409.657	-8.41
410.026	-7.01
410.394	26.23
410.763	-14.73
411.131	-2.09
411.499	-8.18
411.868	1.65
412.236	20.14
412.604	9.14
412.972	-23.39
413.341	2.12
413.709	-1.16
414.077	-36.97
414.445	-4.9
414.813	-7.01
415.181	-9.35
415.549	1.18
415.917	11.95
416.285	-32.29
416.653	-25.5
417.02	21.08
417.388	-8.18
417.756	-12.16
418.124	2.59
418.491	-14.73
418.859	-3.26
419.227	-9.35
419.594	-16.14
419.962	2.35
420.329	-14.73
420.697	-5.37
421.064	3.52
421.432	-14.5
421.799	7.97
422.167	4.93
422.534	-39.54
422.901	-13.8
423.269	10.31
423.636	-25.73
424.003	9.61
424.37	18.5
424.737	-35.56
425.104	-4.9
425.471	-35.33
425.838	-8.18
426.205	16.4
426.572	-0.46
426.939	-9.82
427.306	17.8
427.673	-10.29
428.04	-25.26
428.407	-24.33
428.773	-9.12
429.14	20.61
429.507	-12.63
429.874	-12.63
430.24	-25.5
430.607	8.91
430.973	-11.22
431.34	12.65
431.706	36.99
432.073	0.95
432.439	18.97
432.806	-14.97
433.172	-17.54
433.538	-23.86
433.904	-4.43
434.271	-5.14
434.637	9.61
435.003	0.48
435.369	-8.18
435.735	-24.33
436.101	4.23
436.467	-0.69
436.834	-16.14
437.199	7.27
437.565	-25.5
437.931	-7.24
438.297	0.95
438.663	-3.26
439.029	32.08
439.395	44.25
439.76	17.1
440.126	3.76
440.492	3.52
440.857	6.57
441.223	-32.29
441.588	6.33
441.954	-15.67
442.32	-13.56
442.685	-27.14
443.05	2.82
443.416	22.25
443.781	24.82
444.146	13.82
444.512	7.97
444.877	-6.77
445.242	5.63
445.607	1.65
445.973	10.55
446.338	-28.07
446.703	15.93
447.068	23.89
447.433	-25.26
447.798	32.31
448.163	3.76
448.528	10.08
448.892	-3.73
449.257	7.03
449.622	23.18
449.987	-8.88
450.352	-3.73
450.716	-10.29
451.081	-23.16
451.446	6.8
451.81	22.01
452.175	-14.73
452.539	-22.22
452.904	21.08
453.268	-25.5
453.633	38.16
453.997	1.18
454.361	-11.22
454.726	-0.22
455.09	26.7
455.454	11.72
455.818	4.93
456.183	23.65
456.547	16.63
456.911	16.4
457.275	13.59
457.639	25.99
458.003	35.12
458.367	24.35
458.731	41.67
459.095	5.4
459.459	15.69
459.822	29.04
460.186	54.08
460.55	17.33
460.914	38.63
461.277	37.7
461.641	51.97
462.005	41.91
462.368	13.35
462.732	52.21
463.095	49.4
463.459	61.1
463.822	80.53
464.185	54.08
464.549	64.38
464.912	88.49
465.275	79.12
465.639	69.06
466.002	87.08
466.365	72.57
466.728	93.17
467.091	97.15
467.454	105.34
467.818	94.34
468.181	99.02
468.543	92.93
468.906	99.49
469.269	109.08
469.632	125
469.995	113.06
470.358	127.34
470.721	150.28
471.083	138.81
471.446	176.49
471.809	205.98
472.171	204.11
472.534	195.68
472.896	190.06
473.259	235.24
473.621	216.75
473.984	269.17
474.346	257.47
474.709	259.11
475.071	262.86
475.433	287.66
475.795	297.73
476.158	349.69
476.52	389.71
476.882	392.52
477.244	418.27
477.606	450.1
477.968	466.25
478.33	492.23
478.692	499.25
479.054	533.42
479.416	568.06
479.778	599.89
480.14	632.43
480.502	717.86
480.863	719.26
481.225	736.81
481.587	793.22
481.948	833.95
482.31	869.99
482.671	872.33
483.033	928.04
483.395	1025.87
483.756	1062.15
484.117	1125.34
484.479	1149.45
484.84	1207.96
485.201	1297.14
485.563	1318.44
485.924	1359.86
486.285	1420.95
486.646	1439.68
487.008	1536.81
487.369	1581.75
487.73	1603.75
488.091	1678.41
488.452	1720.54
488.813	1729.9
489.174	1809.25
489.534	1851.14
489.895	1917.15
490.256	1943.13
490.617	1913.64
490.978	2029.49
491.338	2068.58
491.699	2066.71
492.06	2075.13
492.42	2073.03
492.781	2114.69
493.141	2101.58
493.502	2082.86
493.862	2144.88
494.223	2078.41
494.583	2079.11
494.943	2029.49
495.304	2020.83
495.664	2005.85
496.024	1979.4
496.384	1960.21
496.744	1874.31
497.105	1865.42
497.465	1816.97
497.825	1775.08
498.185	1703.45
498.545	1650.79
498.905	1628.79
499.264	1573.32
499.624	1519.25
499.984	1475.49
500.344	1395.44
500.704	1332.95
501.063	1309.54
501.423	1226.45
501.783	1232.77
502.142	1178.71
502.502	1133.3
502.861	1097.72
503.221	1068.23
503.58	1048.1
503.94	1007.85
504.299	992.17
504.658	907.67
505.018	895.5
505.377	869.99
505.736	852.44
506.095	836.05
506.455	817.33
506.814	780.58
507.173	765.84
507.532	766.77
507.891	707.56
508.25	671.04
508.609	643.43
508.968	596.62
509.326	583.74
509.685	553.55
510.044	492.46
510.403	459.23
510.761	407.27
511.12	358.35
511.479	340.8
511.837	252.32
512.196	222.36
512.554	210.43
512.913	175.09
513.271	136.47
513.63	103.23
513.988	85.44
514.346	84.51
514.705	44.25
515.063	47.29
515.421	69.53
515.779	29.27
516.138	40.97
516.496	68.59
516.854	47.06
517.212	38.63
517.57	47.29
517.928	40.97
518.286	18.27
518.643	38.16
519.001	63.21
519.359	23.18
519.717	28.8
520.075	12.89
520.432	-9.82
520.79	14.76
521.148	41.91
521.505	34.18
521.863	31.61
522.22	30.44
522.578	-1.16
522.935	33.95
523.292	19.67
523.65	18.97
524.007	2.59
524.364	17.57
524.722	18.27
525.079	7.97
525.436	24.82
525.793	5.4
526.15	6.33
526.507	10.55
526.864	23.18
527.221	8.91
527.578	-29.01
527.935	-1.39
528.292	27.63
528.649	15.46
529.005	4.23
529.362	24.82
529.719	12.42
530.076	25.52
530.432	-3.5
530.789	-3.03
531.145	-7.71
531.502	24.59
531.858	8.44
532.215	-14.97
532.571	-19.65
532.928	2.35
533.284	0.01
533.64	-22.92
533.996	-1.86
534.353	5.63
534.709	-6.77
535.065	-10.29
535.421	-1.39
535.777	-8.41
536.133	7.03
536.489	-16.37
536.845	9.38
537.201	0.25
537.557	23.42
537.912	-7.71
538.268	17.1
538.624	21.78
538.98	21.78
539.335	9.61
539.691	-0.69
540.047	14.76
540.402	14.52
540.758	-8.88
541.113	194.75
541.469	-16.6
541.824	30.21
542.179	-3.97
542.535	17.57
542.89	4.46
543.245	23.42
543.6	11.72
543.955	3.06
544.311	-12.86
544.666	-27.14
545.021	13.59
545.376	-3.5
545.731	-31.58
546.086	-10.05
546.44	-3.73
546.795	-13.8
547.15	11.25
547.505	-4.67
547.86	-21.29
548.214	18.04
548.569	-5.37
548.924	-15.67
549.278	6.8
549.633	-8.41
549.987	22.01
550.342	17.1
550.696	15.23
551.05	-12.86
551.405	3.29
551.759	-14.03
552.113	-0.92
552.468	4.23
552.822	7.74
553.176	-15.9
553.53	2.59
553.884	16.16
554.238	33.95
554.592	16.63
554.946	3.06
555.3	-25.26
555.654	-3.03
556.008	36.99
556.361	-5.37
556.715	-23.63
557.069	7.03
557.423	-12.16
557.776	5.63
558.13	-16.14
558.483	26.46
558.837	1.89
559.19	8.2
559.544	-27.61
559.897	-2.56
560.251	-27.84
560.604	0.25
560.957	2.59
561.31	14.29
561.664	-13.33
562.017	-0.92
562.37	9.14
562.723	4.23
563.076	7.97
563.429	34.89
563.782	-7.71
564.135	17.8
564.488	16.16
564.841	4.93
565.193	25.99
565.546	-36.03
565.899	-7.24
566.252	15.93
566.604	-12.63
566.957	-16.14
567.309	-11.92
567.662	-7.94
568.014	25.52
568.367	32.55
568.719	-18.01
569.072	-15.67
569.424	23.65
569.776	-16.14
570.129	-7.71
570.481	0.48
570.833	-7.71
571.185	-35.8
571.537	0.01
571.889	-22.22
572.241	1.65
572.593	-11.69
572.945	-36.03
573.297	-1.63
573.649	10.78
574.001	19.21
574.352	-1.86
574.704	39.8
575.056	9.61
575.407	-17.78
575.759	4.23
576.111	0.72
576.462	-13.56
576.814	15.69
577.165	0.72
577.516	13.12
577.868	-14.97
578.219	21.78
578.57	1.89
578.922	8.91
579.273	6.1
579.624	1.65
579.975	22.01
580.326	22.48
580.677	16.63
581.028	-13.33
581.379	8.2
581.73	21.31
582.081	7.5
582.432	7.97
582.783	20.14
583.133	8.44
583.484	-14.03
583.835	11.95
584.185	-6.77
584.536	-21.52
584.886	10.31
585.237	7.74
585.587	-14.26
585.938	5.4
586.288	-2.8
586.639	-11.22
586.989	1.65
587.339	0.48
587.689	6.1
588.04	-3.5
588.39	-27.37
588.74	-9.58
589.09	-0.22
589.44	-10.99
589.79	-5.84
590.14	1.18
590.49	-7.94
590.84	-10.99
591.189	-10.05
591.539	-12.39
591.889	-34.16
592.239	-0.69
592.588	4.69
592.938	8.44
593.287	9.14
593.637	16.63
593.987	15.23
594.336	11.01
594.685	-20.58
595.035	-8.88
595.384	31.84
595.733	14.29
596.083	14.99
596.432	-1.63
596.781	-15.67
597.13	1.42
597.479	-14.97
597.828	5.4
598.177	-18.48
598.526	-3.03
598.875	17.33
599.224	-26.44
599.573	2.59
599.922	5.63
600.27	-3.5
600.619	-19.18
600.968	5.86
601.316	-2.56
601.665	14.52
602.013	-17.54
602.362	-7.48
602.71	-18.71
603.059	-10.99
603.407	-1.39
603.756	28.33
604.104	-0.92
604.452	-7.94
604.8	12.65
605.148	22.72
605.497	-12.16
605.845	-36.03
606.193	-18.71
606.541	5.63
606.889	5.16
607.237	-17.31
607.584	-0.22
607.932	0.25
608.28	18.27
608.628	1.18
608.976	34.65
609.323	-23.39
609.671	-9.58
610.018	2.59
610.366	-32.29
610.713	6.33
611.061	7.03
611.408	-10.29
611.756	7.74
612.103	-12.63
612.45	2.35
612.798	7.97
613.145	-27.84
613.492	-5.14
613.839	-21.05
614.186	-10.52
614.533	20.38
614.88	15.69
615.227	-3.03
615.574	-8.88
615.921	4.69
616.268	12.89
616.615	5.63
616.961	-17.78
617.308	-1.86
617.655	4.46
618.001	0.95
618.348	27.16
618.695	-13.33
619.041	-1.39
619.387	6.1
619.734	-33.46
620.08	-20.58
620.427	-13.56
620.773	-3.5
621.119	7.5
621.465	-7.24
621.811	7.74
622.158	-8.41
622.504	3.76
622.85	20.14
623.196	0.95
623.542	-1.63
623.888	1.65
624.233	-40.71
624.579	-49.61
624.925	-27.14
625.271	-26.44
625.616	-0.92
625.962	15.93
626.308	29.27
626.653	13.12
626.999	-0.92
627.344	-13.09
627.69	21.31
628.035	27.63
628.38	0.48
628.726	-2.56
629.071	-6.77
629.416	-2.8
629.761	6.33
630.107	-4.43
630.452	7.5
630.797	16.16
631.142	1.18
631.487	28.1
631.832	-4.67
632.176	-6.31
632.521	-24.8
632.866	-21.05
633.211	-19.18
633.556	0.25
633.9	22.48
634.245	16.4
634.589	-11.92
634.934	13.59
635.278	-7.24
635.623	-19.65
635.967	9.38
636.312	27.63
636.656	-20.58
637	17.8
637.345	9.61
637.689	12.18
638.033	-7.48
638.377	5.86
638.721	-24.8
639.065	-23.63
639.409	-7.48
639.753	-9.35
640.097	10.31
640.441	-8.88
640.785	8.44
641.128	7.74
641.472	-27.14
641.816	-13.09
642.159	-2.33
642.503	11.01
642.847	-0.46
643.19	-9.12
643.534	-18.24
643.877	-44.22
644.22	-5.37
644.564	-2.56
644.907	-2.09
645.25	-6.54
645.593	-11.22
645.937	-1.86
646.28	9.38
646.623	-7.01
646.966	-10.29
647.309	2.35
647.652	-6.77
647.995	-3.97
648.337	11.72
648.68	2.82
649.023	30.67
649.366	-8.41
649.708	19.21
650.051	-1.16
650.394	2.82
650.736	-3.73
651.079	-28.78
651.421	7.5
651.764	3.52
652.106	10.31
652.448	0.72
652.791	23.65
653.133	-5.6
653.475	-22.46
653.817	6.57
654.159	-12.63
654.501	-18.48
654.843	-9.82
655.185	3.76
655.527	-1.86
655.869	6.57
656.211	4.69
656.553	-13.33
656.895	24.59
657.236	-10.29
657.578	-34.86
657.92	-6.07
658.261	25.99
658.603	-1.16
658.944	29.97
659.286	-17.31
659.627	11.95
659.969	-14.26
660.31	-6.54
660.651	-11.69
660.993	-7.94
661.334	-12.16
661.675	15.69
662.016	-20.12
662.357	8.67
662.698	2.35
663.039	11.48
663.38	-18.24
663.721	-17.07
664.062	-15.67
664.402	0.48
664.743	-22.69
665.084	8.67
665.425	3.99
665.765	-20.82
666.106	12.89
666.446	-17.31
666.787	15.93
667.127	-0.46
667.468	20.14
667.808	-18.48
668.148	13.59
668.489	6.33
668.829	-6.31
669.169	6.1
669.509	-34.39
669.849	24.59
670.189	-11.69
670.529	-10.05
670.869	18.5
671.209	35.36
671.549	-13.8
671.889	-11.69
672.229	-8.65
672.568	-30.18
672.908	-5.37
673.248	7.74
673.587	-1.86
673.927	5.63
674.266	-1.16
674.606	43.31
674.945	27.4
675.285	-5.6
675.624	7.74
675.963	-9.35
676.302	37.46
676.642	3.06
676.981	22.95
677.32	-0.22
677.659	-12.39
677.998	15.69
678.337	-11.69
678.676	-11.69
679.015	-13.8
679.354	-7.01
679.692	24.12
680.031	5.4
680.37	-39.31
680.708	20.14
681.047	-10.99
681.386	-12.63
681.724	-27.14
682.063	-9.35
682.401	20.84
682.739	4.93
683.078	-6.31
683.416	-11.46
683.754	-15.67
684.093	-12.63
684.431	21.78
684.769	19.21
685.107	-20.82
685.445	-7.01
685.783	-27.61
686.121	-13.56
686.459	-16.6
686.797	8.44
687.134	-10.75
687.472	-0.46
687.81	-24.09
688.148	26.23
688.485	8.91
688.823	-2.8
689.16	-15.9
689.498	11.72
689.835	-24.8
690.173	29.04
690.51	-1.86
690.847	5.63
691.185	-33.22
691.522	0.72
691.859	28.57
692.196	-4.67
692.533	-14.97
692.87	-2.8
693.207	6.1
693.544	-20.58
693.881	-25.97
694.218	25.06
694.555	8.2
694.891	-11.69
695.228	-13.8
695.565	-27.61
695.901	11.01
696.238	-10.52
696.574	-12.86
696.911	38.16
697.247	19.21
697.584	14.29
697.92	3.76
698.256	-6.77
698.593	11.25
698.929	8.2
699.265	-4.2
699.601	4.93
699.937	-8.88
700.273	3.06
700.609	-9.58
700.945	-2.09
701.281	-20.35
701.617	-30.88
701.953	11.95
702.288	-20.58
702.624	14.76
702.96	-19.65
703.295	-5.6
703.631	18.97
703.966	-1.86
704.302	28.8
704.637	-9.12
704.973	15.93
705.308	5.4
705.643	-10.99
705.979	11.72
706.314	18.74
706.649	1.42
706.984	-2.8
707.319	7.03
707.654	-41.65
707.989	-23.86
708.324	-12.63
708.659	-27.84
708.994	30.21
709.329	-35.56
709.663	-3.5
709.998	-27.61
710.333	-0.69
710.667	-1.63
711.002	-23.86
711.336	-1.63
711.671	3.52
712.005	17.8
712.34	4.93
712.674	16.63
713.008	3.76
713.342	-13.56
713.677	11.95
714.011	2.35
714.345	6.33
714.679	17.1
715.013	23.65
715.347	-19.65
715.681	7.27
716.014	-30.65
716.348	-5.6
716.682	11.72
717.016	-13.56
717.349	5.86
717.683	5.16
718.017	-15.2
718.35	-21.75
718.684	22.48
719.017	9.61
719.35	-0.22
719.684	16.16
720.017	1.18
720.35	0.48
720.684	-19.41
721.017	-15.9
721.35	-5.84
721.683	-7.71
722.016	7.27
722.349	-43.76
722.682	-21.99
723.015	-4.9
723.347	-12.86
723.68	-35.8
724.013	11.95
724.346	13.82
724.678	-10.75
725.011	-32.29
725.343	-15.2
725.676	-5.37
726.008	-16.37
726.341	-15.9
726.673	-6.31
727.005	-7.01
727.338	-17.54
727.67	-11.22
728.002	-31.12
728.334	22.95
728.666	-24.8
728.998	-12.16
729.33	16.63
729.662	-16.37
729.994	-7.94
730.326	-9.12
730.658	-12.63
730.989	-19.41
731.321	13.82
731.653	15.93
731.984	1.65
732.316	-16.6
732.647	1.18
732.979	-35.8
733.31	2.12
733.642	9.14
733.973	-26.44
734.304	-25.5
734.636	-36.73
734.967	-2.33
735.298	-3.73
735.629	-3.73
735.96	-0.46
736.291	-19.41
736.622	-7.01
736.953	-33.22
737.284	16.16
737.614	6.8
737.945	8.67
738.276	-23.39
738.606	4.23
738.937	-17.07
739.268	13.59
739.598	0.01
739.929	-45.63
740.259	-7.48
740.589	0.25
740.92	6.57
741.25	-15.67
741.58	-14.26
741.91	-7.24
742.24	1.65
742.571	17.33
742.901	15.69
743.231	3.29
743.561	5.63
743.89	21.08
744.22	-4.43
744.55	-21.05
744.88	1.18
745.209	-2.8
745.539	-4.9
745.869	13.59
746.198	-29.71
746.528	14.76
746.857	3.52
747.187	-36.27
747.516	-19.65
747.845	7.97
748.175	-14.97
748.504	-4.43
748.833	-32.75
749.162	-16.37
749.491	21.08
749.82	5.63
750.149	4.23
750.478	-12.63
750.807	-9.12
751.136	0.25
751.465	-20.35
751.793	-2.33
752.122	11.25
752.451	2.82
752.779	9.38
753.108	-17.31
753.436	7.74
753.765	4.93
754.093	12.18
754.421	-3.26
754.75	9.61
755.078	-1.39
755.406	7.03
755.734	-23.63
756.062	-0.69
756.391	-9.82
756.719	-19.18
757.046	-2.09
757.374	-3.73
757.702	-5.84
758.03	-34.86
758.358	-13.8
758.686	-14.73
759.013	-9.35
759.341	11.95
759.668	13.12
759.996	-1.63
760.323	-2.33
760.651	-5.84
760.978	-8.18
761.306	-1.86
761.633	9.38
761.96	-9.58
762.287	5.86
762.614	-19.41
762.941	7.27
763.268	-21.99
763.595	0.01
763.922	-21.99
764.249	-16.6
764.576	9.38
764.903	2.59
765.23	-4.2
765.556	1.18
765.883	-23.63
766.21	-20.58
766.536	11.01
766.863	-9.82
767.189	22.72
767.516	-15.9
767.842	-19.41
768.168	14.06
768.494	19.44
768.821	1.42
769.147	-8.41
769.473	-3.97
769.799	12.89
770.125	-4.9
770.451	-22.92
770.777	1.42
771.103	-17.78
771.429	-1.39
771.754	-2.33
772.08	-0.92
772.406	-13.56
772.731	11.95
773.057	2.82
773.382	15.69
773.708	-19.41
774.033	12.65
774.359	-22.46
774.684	-1.63
775.009	-9.82
775.334	-0.69
775.66	2.82
775.985	0.25
776.31	-17.78
776.635	-5.6
776.96	-22.46
777.285	2.82
777.61	-29.95
777.934	3.99
778.259	-4.43
778.584	-23.63
778.909	5.86
779.233	7.27
779.558	-0.46
779.882	-38.84
780.207	-7.24
780.531	25.99
780.856	5.16
781.18	-10.29
781.504	4.46
781.828	-2.8
782.153	-21.29
782.477	-2.56
782.801	-16.6
783.125	2.82
783.449	-41.18
783.773	3.52
784.097	5.4
784.42	-8.65
784.744	8.91
785.068	9.61
785.392	-3.73
785.715	-16.14
786.039	-10.52
786.362	4.23
786.686	-18.95
787.009	3.29
787.333	-9.35
787.656	0.95
787.979	-20.12
788.303	17.1
788.626	3.99
788.949	-3.97
789.272	0.95
789.595	-17.07
789.918	-3.5
790.241	-4.2
790.564	14.29
790.887	0.48
791.209	-6.54
791.532	-8.65
791.855	-3.26
792.178	13.82
792.5	4.93
792.823	18.04
793.145	16.86
793.468	-19.18
793.79	-8.88
794.112	3.99
794.435	-12.16
794.757	-11.69
795.079	-12.63
795.401	-18.95
795.723	0.25
796.045	-11.46
796.367	-15.9
796.689	-10.75
797.011	14.99
797.333	-36.73
797.655	9.14
797.976	-0.22
798.298	3.52
798.62	-21.05
798.941	-1.39
799.263	-33.22
799.584	-12.86
799.906	-38.14
800.227	-5.84
800.548	-16.14
800.87	-12.16
801.191	11.95
801.512	-9.35
801.833	7.27
802.154	-5.84
802.475	11.01
802.796	-21.05
803.117	-17.31
803.438	-17.54
803.759	-9.12
804.08	-25.26
804.4	-18.24
804.721	1.89
805.042	-25.5
805.362	-14.03
805.683	-42.58
806.003	-4.2
806.323	-4.9
806.644	-1.86
806.964	-10.99
807.284	20.61
807.605	7.27
807.925	-12.39
808.245	41.44
808.565	-29.71
808.885	3.76
809.205	28.1
809.525	-0.22
809.845	4.46
810.164	4.23
810.484	16.4
810.804	13.59
811.124	-12.39
811.443	-11.69
811.763	7.03
812.082	0.25
812.402	21.78
812.721	-9.35
813.04	-5.84
813.36	-18.01
813.679	-3.5
813.998	-10.52
814.317	9.61
814.636	-0.69
814.955	-5.84
815.274	-10.29
815.593	4.46
815.912	-5.6
816.231	5.63
816.55	-10.99
816.868	2.35
817.187	-7.94
817.506	-35.8
817.824	11.95
818.143	-9.58
818.461	-18.71
818.78	-4.43
819.098	12.89
819.416	-1.16
819.735	10.78
820.053	26.23
820.371	-9.35
820.689	-4.2
821.007	33.95
821.325	16.4
821.643	-2.8
821.961	-15.2
822.279	-3.73
822.597	-26.9
822.914	2.35
823.232	16.4
823.55	7.5
823.867	-9.12
824.185	-39.78
824.502	-0.92
824.82	-7.24
825.137	-22.46
825.454	-9.58
825.772	31.38
826.089	5.4
826.406	19.67
826.723	-18.01
827.04	-10.75
827.357	23.42
827.674	-26.2
827.991	1.18
828.308	-0.69
828.625	-4.2
828.942	-20.82
829.258	11.25
829.575	-24.8
829.892	-10.75
830.208	-25.26
830.525	20.14
830.841	-15.2
831.158	5.4
831.474	-8.88
831.79	-18.71
832.106	-6.77
832.423	-35.33
832.739	-20.12
833.055	-15.2
833.371	-1.39
833.687	7.03
834.003	1.42
834.319	-1.16
834.635	-17.78
834.95	-24.09
835.266	-29.71
835.582	11.48
835.897	11.01
836.213	-0.69
836.528	0.95
836.844	3.52
837.159	-17.54
837.475	-33.22
837.79	-3.26
838.105	23.89
838.42	-1.39
838.735	8.67
839.051	-55.46
839.366	14.29
839.681	-7.24
839.996	15.93
840.31	11.95
840.625	-12.39
840.94	24.12
841.255	-2.8
841.569	27.16
841.884	-5.37
842.199	-0.46
842.513	13.59
842.828	-32.05
843.142	-6.77
843.456	24.12
843.771	11.95
844.085	-32.29
844.399	-14.97
844.713	-0.92
845.027	-19.18
845.341	-13.09
845.655	17.57
845.969	25.52
846.283	11.95
846.597	11.48
846.911	10.78
847.224	4.46
847.538	-23.16
847.852	30.44
848.165	-31.12
848.479	17.8
848.792	-9.35
849.106	2.35
849.419	-11.69
849.732	10.55
850.046	-6.31
850.359	21.08
850.672	-12.63
850.985	-2.09
851.298	-5.37
851.611	-12.16
851.924	-30.18
852.237	-13.8
852.55	10.55
852.862	-0.46
853.175	-19.18
853.488	-16.37
853.8	26.93
854.113	-11.22
854.425	-4.2
854.738	11.72
855.05	5.63
855.363	-25.5
855.675	-18.95
855.987	-7.94
856.299	-20.35
856.612	25.52
856.924	11.48
857.236	-17.78
857.548	-8.65
857.859	-3.03
858.171	-2.8
858.483	-6.54
858.795	-8.18
859.107	-6.31
859.418	20.38
859.73	-5.14
860.041	-1.86
860.353	-0.69
860.664	-4.9
860.976	15.69
861.287	10.78
861.598	5.86
861.91	-13.09
862.221	-7.01
862.532	-6.31
862.843	0.48
863.154	-38.84
863.465	-1.63
863.776	-42.35
864.087	-3.97
864.397	-32.52
864.708	8.44
865.019	-17.54
865.329	-4.67
865.64	-16.6
865.951	-24.09
866.261	11.01
866.571	25.29
866.882	0.48
867.192	1.65
867.502	6.1
867.813	-21.29
868.123	0.95
868.433	-8.41
868.743	-17.07
869.053	5.4
869.363	-5.6
869.673	13.82
869.982	-4.43
870.292	-18.95
870.602	9.84
870.912	25.29
871.221	-11.22
871.531	25.76
871.84	-9.82
872.15	7.74
872.459	18.5
872.768	19.44
873.078	7.97
873.387	-10.52
873.696	-30.65
874.005	19.67
874.314	-15.43
874.623	-32.05
874.932	29.97
875.241	-5.14
875.55	14.52
875.859	-3.73
876.168	-14.03
876.476	-18.48
876.785	-9.82
877.093	-1.63
877.402	27.63
877.71	3.52
878.019	9.84
878.327	-4.43
878.636	-35.8
878.944	-27.14
879.252	-9.82
879.56	20.61
879.868	0.95
880.176	16.63
880.484	13.59
880.792	5.63
881.1	-13.8
881.408	10.78
881.716	5.4
882.023	-16.14
882.331	-15.67
882.639	7.97
882.946	-0.46
883.254	15.23
883.561	4.23
883.868	0.95
884.176	1.18
884.483	-6.54
884.79	3.99
885.097	4.23
885.404	-13.33
885.712	-0.69
886.019	4.93
886.325	11.95
886.632	7.74
886.939	-37.67
887.246	-2.8
887.553	25.99
887.859	-15.43
888.166	10.78
888.472	0.25
888.779	-16.84
889.085	5.16
889.392	-32.52
889.698	-34.39
890.004	5.63
890.311	7.27
890.617	-3.97
890.923	20.84
891.229	2.59
891.535	0.01
891.841	-37.44
892.147	-31.12
892.453	-11.46
892.759	-18.48
893.064	-10.99
893.37	-5.37
893.676	-10.05
893.981	10.78
894.287	-17.07
894.592	-15.9
894.897	1.65
895.203	0.95
895.508	-21.99
895.813	6.1
896.119	-16.84
896.424	4.93
896.729	-4.2
897.034	39.57
897.339	7.74
897.644	31.84
897.948	-18.24
898.253	-10.52
898.558	7.74
898.863	8.67
899.167	-18.71
899.472	7.97
899.776	-2.33
900.081	-9.35
900.385	2.12
900.69	-15.9
900.994	-33.46
901.298	4.46
901.602	7.97
901.906	-4.43
902.21	21.78
902.514	12.65
902.818	0.95
903.122	20.61
903.426	13.82
903.73	7.97
904.034	-2.09
904.337	-6.07
904.641	13.82
904.945	8.91
905.248	-3.03
905.552	-0.22
905.855	2.12
906.158	1.89
906.462	1.65
906.765	-12.63
907.068	0.25
907.371	15.69
907.674	-6.07
907.977	-10.99
908.28	-2.33
908.583	-3.03
908.886	-12.39
909.189	-3.73
909.491	-23.16
909.794	0.25
910.097	1.65
910.399	20.14
910.702	6.33
911.004	-8.18
911.307	-25.03
911.609	-2.56
911.911	6.1
912.213	-0.92
912.516	7.27
912.818	17.1
913.12	14.99
913.422	-9.12
913.724	-18.24
914.026	-2.33
914.327	-1.39
914.629	-7.94
914.931	8.44
915.233	12.65
915.534	17.33
915.836	13.35
916.137	-18.48
916.439	-3.5
916.74	-15.9
917.041	-35.33
917.343	-23.39
917.644	-24.33
917.945	-6.54
918.246	-29.71
918.547	-51.95
918.848	-25.03
919.149	3.76
919.45	-9.58
919.751	-5.6
920.052	-12.86
920.352	10.08
920.653	-2.8
920.954	3.99
921.254	7.5
921.555	-13.09
921.855	-25.5
922.155	25.52
922.456	3.52
922.756	-24.8
923.056	-21.75
923.356	-27.84
923.656	-0.22
923.956	-10.52
924.256	-9.82
924.556	-11.22
924.856	-1.16
925.156	3.99
925.456	-1.86
925.755	22.25
926.055	-6.31
926.355	-8.18
926.654	-16.14
926.953	-2.56
927.253	-15.67
927.552	6.1
927.852	0.25
928.151	-26.44
928.45	-1.16
928.749	-12.86
929.048	1.65
929.347	-7.48
929.646	11.95
929.945	-5.84
930.244	-12.86
930.543	-25.73
930.841	-7.48
931.14	-8.41
931.439	-14.26
931.737	11.95
932.036	-14.5
932.334	-0.69
932.632	-8.41
932.931	-29.71
933.229	-19.88
933.527	24.35
933.825	7.27
934.123	-14.03
934.421	-6.77
934.719	-14.73
935.017	21.31
935.315	-12.63
935.613	-2.56
935.911	-3.97
936.208	-3.97
936.506	6.33
936.804	2.82
937.101	-11.92
937.399	-20.82
937.696	-9.58
937.993	-20.35
938.291	-6.07
938.588	-9.35
938.885	17.8
939.182	-20.35
939.479	-0.92
939.776	-11.22
940.073	-10.75
940.37	-36.03
940.667	-12.86
940.964	-14.03
941.26	-3.5
941.557	-1.86
941.854	-6.54
942.15	10.78
942.447	11.72
942.743	-6.54
943.039	-15.43
943.336	-12.63
943.632	15.69
943.928	-3.26
944.224	6.8
944.52	8.91
944.816	10.78
945.112	17.8
945.408	8.44
945.704	-1.63
946	0.25
946.295	-1.86
946.591	-20.35
946.887	-0.46
947.182	-16.84
947.478	12.42
947.773	-21.52
948.069	24.12
948.364	0.01
948.659	16.86
948.954	-12.39
949.25	14.76
949.545	-3.73
949.84	8.44
950.135	13.59
950.43	3.52
950.724	-25.97
951.019	-9.58
951.314	-16.14
951.609	-8.41
951.903	2.35
952.198	4.93
952.492	-22.22
952.787	-4.2
953.081	-7.24
953.376	2.59
953.67	1.42
953.964	10.78
954.258	8.2
954.552	10.31
954.846	1.89
955.14	-15.67
955.434	-11.69
955.728	-12.39
956.022	-7.94
956.316	-1.39
956.609	-0.22
956.903	-6.07
957.197	-21.99
957.49	-17.31
957.784	-6.54
958.077	-6.54
958.37	12.89
958.664	-24.8
958.957	4.69
959.25	-2.33
959.543	1.89
959.836	-16.14
960.129	-35.33
960.422	-20.12
960.715	25.76
961.008	7.03
961.3	21.08
961.593	12.89
961.886	-3.26
962.178	-5.6
962.471	28.8
962.763	-12.16
963.056	15.23
963.348	0.01
963.64	-14.5
963.933	-3.26
964.225	-18.95
964.517	-0.69
964.809	7.97
965.101	-14.26
965.393	1.18
965.685	17.8
965.977	5.63
966.268	-10.52
966.56	-11.92
966.852	-13.8
967.143	-10.52
967.435	-19.18
967.726	-17.31
968.018	0.95
968.309	0.95
968.6	5.4
968.891	-9.58
969.183	-12.63
969.474	-13.09
969.765	15.93
970.056	16.86
970.347	-6.07
970.638	5.16
970.928	6.1
971.219	-18.95
971.51	-13.33
971.8	-5.6
972.091	21.08
972.382	7.27
972.672	-26.67
972.962	-4.43
973.253	-6.07
973.543	-9.58
973.833	-1.16
974.123	-7.48
974.413	9.38
974.704	-6.77
974.994	0.01
975.283	-22.22
975.573	-9.35
975.863	-12.63
976.153	-24.09
976.443	1.18
976.732	-9.58
977.022	13.82
977.311	17.57
977.601	0.95
977.89	2.35
978.179	5.63
978.469	-1.86
978.758	7.5
979.047	10.31
979.336	2.59
979.625	31.61
979.914	-24.09
980.203	-17.31
980.492	-4.67
980.781	-0.92
981.069	-34.86
981.358	-33.46
981.647	-3.26
981.935	-0.69
982.224	-7.94
982.512	-7.48
982.8	-20.58
983.089	0.72
983.377	-3.03
983.665	-12.63
983.953	3.29
984.241	9.38
984.529	5.63
984.817	27.4
985.105	1.42
985.393	10.78
985.681	18.5
985.969	5.4
986.256	-7.71
986.544	4.93
986.831	-34.86
987.119	-23.16
987.406	-21.99
987.694	-14.03
987.981	-10.52
988.268	18.04
988.555	2.12
988.842	-17.54
989.129	-14.5
989.416	13.82
989.703	-21.29
989.99	9.61
990.277	2.35
990.564	-6.54
990.85	-28.07
991.137	15.69
991.424	3.29
991.71	-5.37
991.997	-14.97
992.283	-1.63
992.569	-0.69
992.856	-18.48
993.142	-4.43
993.428	-23.39
993.714	-1.39
994	-36.97
994.286	-23.63
994.572	-26.67
994.858	18.27
995.144	-5.6
995.429	-7.48
995.715	23.42
996.001	8.91
996.286	-22.22
996.572	-12.39
996.857	-10.52
997.142	11.48
997.428	11.01
997.713	-12.39
997.998	9.14
998.283	-0.69
998.568	-16.37
998.853	33.48
999.138	1.89
999.423	-10.05
999.708	14.52
999.993	14.76
1000.277	-4.9
1000.562	11.01
1000.847	15.93
1001.131	-5.37
1001.415	-14.26
1001.7	-4.43
1001.984	19.91
1002.268	-14.73
1002.553	16.16
1002.837	2.35
1003.121	14.99
1003.405	10.78
1003.689	-2.8
1003.973	-40.24
1004.257	-10.75
1004.54	-15.9
1004.824	4.69
1005.108	-13.8
1005.391	-27.37
1005.675	21.08
1005.958	-19.18
1006.242	-5.6
1006.525	14.76
1006.808	-30.41
1007.092	-9.58
1007.375	-14.73
1007.658	11.48
1007.941	-3.26
1008.224	-17.31
1008.507	-9.58
1008.79	3.29
1009.073	3.76
1009.355	-12.39
1009.638	4.69
1009.921	-23.39
1010.203	6.1
1010.486	7.5
1010.768	17.33
1011.05	-44.93
1011.333	4.93
1011.615	3.29
1011.897	-7.71
1012.179	-10.29
1012.461	-14.03
1012.743	-3.03
1013.025	3.99
1013.307	-13.09
1013.589	-21.99
1013.871	-17.54
1014.152	0.25
1014.434	-17.54
1014.716	20.38
1014.997	-32.75
1015.279	-9.82
1015.56	-16.84
1015.841	-8.65
1016.123	3.52
1016.404	-10.29
1016.685	-12.63
1016.966	-9.35
1017.247	-20.82
1017.528	-0.22
1017.809	-10.29
1018.09	9.14
1018.371	10.08
1018.651	6.57
1018.932	-7.01
1019.212	1.65
1019.493	20.14
1019.773	-2.56
1020.054	7.97
1020.334	-3.26
1020.614	-12.16
1020.895	-12.16
1021.175	-12.16
