340.2	-18.02
340.6	-18.02
340.9	-18.02
341.3	13.58
341.7	16.38
342.1	13.11
342.4	-2.81
342.8	-1.17
343.2	-26.45
343.6	-0.23
343.9	-26.21
344.3	-14.51
344.7	36.28
345.1	-6.32
345.4	-18.26
345.8	44
346.2	5.38
346.6	21.3
346.9	14.75
347.3	8.66
347.7	-15.21
348	-6.55
348.4	11
348.8	-14.04
349.2	-29.96
349.5	-16.62
349.9	6.09
350.3	-5.62
350.7	8.66
351	16.38
351.4	32.77
351.8	10.77
352.2	18.26
352.5	-27.15
352.9	3.04
353.3	14.04
353.6	-7.96
354	4.45
354.4	-32.07
354.8	2.11
355.1	11.47
355.5	-10.06
355.9	-5.62
356.3	3.28
356.6	-17.09
357	-42.83
357.4	-17.09
357.8	10.53
358.1	-9.13
358.5	-9.36
358.9	18.72
359.2	1.4
359.6	-4.68
360	2.81
360.4	0.23
360.7	-3.28
361.1	36.04
361.5	11.94
361.9	7.96
362.2	8.43
362.6	17.09
363	-0
363.3	-14.98
363.7	7.02
364.1	-28.79
364.5	0.23
364.8	4.21
365.2	5.15
365.6	-5.62
366	17.09
366.3	-6.55
366.7	-14.98
367.1	6.79
367.4	19.19
367.8	19.66
368.2	-15.92
368.6	7.02
368.9	19.66
369.3	-12.87
369.7	-9.36
370	-12.4
370.4	11.94
370.8	0.23
371.2	8.89
371.5	13.58
371.9	20.13
372.3	5.15
372.6	0.47
373	2.57
373.4	10.06
373.8	14.04
374.1	11.47
374.5	-4.21
374.9	8.66
375.2	48.22
375.6	-4.92
376	-8.19
376.4	-22.94
376.7	-30.43
377.1	-3.51
377.5	10.77
377.8	11.47
378.2	18.72
378.6	-45.64
379	-40.96
379.3	3.04
379.7	14.28
380.1	-21.06
380.4	-3.28
380.8	-5.15
381.2	-17.09
381.6	19.43
381.9	-21.77
382.3	17.79
382.7	-7.02
383	5.62
383.4	-13.34
383.8	-9.6
384.2	-5.38
384.5	19.89
384.9	-2.57
385.3	-11.23
385.6	-3.28
386	30.43
386.4	-0.47
386.7	-19.19
387.1	-11.23
387.5	9.36
387.9	-8.43
388.2	12.64
388.6	29.49
389	9.13
389.3	-0.7
389.7	12.87
390.1	29.96
390.5	-6.09
390.8	-11.47
391.2	-29.02
391.6	-22.7
391.9	-19.89
392.3	17.09
392.7	16.62
393	4.92
393.4	0.7
393.8	2.57
394.2	-5.15
394.5	41.66
394.9	-4.92
395.3	1.87
395.6	-0.94
396	6.32
396.4	19.43
396.7	-15.21
397.1	-2.57
397.5	10.53
397.8	-10.77
398.2	17.32
398.6	2.11
399	13.58
399.3	-18.26
399.7	11
400.1	-18.96
400.4	-12.87
400.8	-6.32
401.2	-14.75
401.5	-27.62
401.9	-21.53
402.3	-14.04
402.7	-8.66
403	3.98
403.4	-20.83
403.8	13.11
404.1	26.92
404.5	-16.38
404.9	6.32
405.2	-15.92
405.6	-5.62
406	-0.94
406.3	14.04
406.7	-3.04
407.1	6.79
407.4	3.51
407.8	-4.92
408.2	5.85
408.6	-9.6
408.9	-26.45
409.3	-17.79
409.7	-16.38
410	-2.34
410.4	6.55
410.8	0.7
411.1	21.53
411.5	25.51
411.9	-138.56
412.2	-4.21
412.6	0.7
413	-5.85
413.3	-22.7
413.7	-0.7
414.1	9.36
414.4	10.53
414.8	14.98
415.2	8.43
415.5	-22.47
415.9	8.43
416.3	12.17
416.7	-24.11
417	-21.3
417.4	8.89
417.8	-23.64
418.1	-10.06
418.5	-2.11
418.9	1.64
419.2	-30.19
419.6	-9.6
420	33.94
420.3	8.43
420.7	0.7
421.1	-7.96
421.4	20.13
421.8	-27.38
422.2	-12.64
422.5	6.09
422.9	-14.28
423.3	-0.7
423.6	-27.15
424	95.03
424.4	73.02
424.7	-21.53
425.1	-2.11
425.5	-13.58
425.8	24.81
426.2	1.87
426.6	4.45
426.9	-0.7
427.3	11
427.7	2.11
428	-32.3
428.4	20.6
428.8	10.77
429.1	16.38
429.5	18.96
429.9	-13.11
430.2	-9.36
430.6	26.92
431	-12.87
431.3	2.34
431.7	23.41
432.1	11.7
432.4	-0.7
432.8	4.45
433.2	-6.55
433.5	24.58
433.9	5.15
434.3	-17.79
434.6	14.51
435	-13.11
435.4	19.66
435.7	22.94
436.1	8.66
436.5	-23.41
436.8	-6.09
437.2	-16.62
437.6	13.11
437.9	201.99
438.3	22.7
438.7	16.38
439	0.23
439.4	22.94
439.8	-17.32
440.1	-9.36
440.5	22
440.9	-26.45
441.2	-13.58
441.6	16.85
442	5.85
442.3	3.04
442.7	7.02
443.1	40.73
443.4	-23.17
443.8	6.79
444.1	18.49
444.5	18.96
444.9	-8.43
445.2	14.98
445.6	11
446	28.55
446.3	22.47
446.7	16.38
447.1	-1.17
447.4	11.94
447.8	0.7
448.2	18.49
448.5	0.7
448.9	12.64
449.3	18.02
449.6	3.51
450	-25.28
450.4	17.55
450.7	6.55
451.1	4.21
451.4	12.87
451.8	-2.57
452.2	20.6
452.5	-27.38
452.9	13.81
453.3	-0.23
453.6	7.02
454	4.68
454.4	-5.85
454.7	11.94
455.1	14.28
455.5	6.32
455.8	-25.28
456.2	11.94
456.5	7.72
456.9	4.21
457.3	-5.85
457.6	1.4
458	-4.45
458.4	20.13
458.7	-4.21
459.1	-7.72
459.5	8.89
459.8	-7.72
460.2	7.72
460.5	28.79
460.9	-5.85
461.3	-2.34
461.6	-18.96
462	-1.17
462.4	-10.77
462.7	-6.09
463.1	-13.81
463.5	-6.32
463.8	-6.79
464.2	15.68
464.5	2.81
464.9	6.55
465.3	-17.09
465.6	-2.57
466	8.43
466.4	-1.4
466.7	15.45
467.1	18.96
467.5	0.47
467.8	1.64
468.2	-16.15
468.5	-2.11
468.9	9.36
469.3	-17.79
469.6	22.94
470	-9.83
470.4	-7.49
470.7	17.09
471.1	-12.87
471.4	13.58
471.8	24.34
472.2	-0.94
472.5	5.62
472.9	-13.34
473.3	5.38
473.6	-40.02
474	8.19
474.3	28.32
474.7	23.41
475.1	23.87
475.4	-3.74
475.8	-18.96
476.2	46.81
476.5	-3.28
476.9	-2.57
477.2	15.21
477.6	9.36
478	4.21
478.3	-0.47
478.7	12.4
479.1	8.43
479.4	-15.68
479.8	35.81
480.1	18.02
480.5	-21.53
480.9	-12.64
481.2	1.4
481.6	-4.68
481.9	-3.51
482.3	17.09
482.7	-101.11
483	-4.92
483.4	18.02
483.8	-14.98
484.1	-3.98
484.5	-9.13
484.8	-0.7
485.2	-18.49
485.6	13.34
485.9	2.81
486.3	-3.51
486.6	33
487	-1.4
487.4	7.49
487.7	-4.92
488.1	0.94
488.5	37.92
488.8	32.07
489.2	21.3
489.5	23.41
489.9	-1.87
490.3	-19.43
490.6	7.96
491	14.75
491.3	23.64
491.7	-8.43
492.1	-1.17
492.4	25.75
492.8	-0.47
493.1	-18.49
493.5	16.85
493.9	32.07
494.2	-0.23
494.6	-23.87
494.9	-11.23
495.3	7.72
495.7	-4.45
496	10.06
496.4	24.81
496.7	4.21
497.1	26.92
497.5	-29.96
497.8	27.15
498.2	24.58
498.5	-6.32
498.9	7.96
499.3	-11.94
499.6	-9.83
500	25.98
500.3	7.49
500.7	-22.7
501.1	12.4
501.4	14.98
501.8	-14.04
502.1	33.94
502.5	17.09
502.9	23.17
503.2	19.89
503.6	26.92
503.9	-19.43
504.3	22.7
504.7	-6.09
505	0.94
505.4	-3.28
505.7	-16.85
506.1	9.83
506.5	-25.28
506.8	-24.11
507.2	-9.13
507.5	-7.72
507.9	-22.94
508.2	-4.45
508.6	12.64
509	-11.23
509.3	6.55
509.7	-8.43
510	-19.19
510.4	-9.83
510.8	-21.77
511.1	23.41
511.5	-6.55
511.8	32.53
512.2	-6.32
512.6	20.13
512.9	17.32
513.3	29.26
513.6	-17.55
514	-0.7
514.3	-11.94
514.7	-17.09
515.1	-7.26
515.4	-6.55
515.8	-2.34
516.1	25.75
516.5	-11.7
516.9	-10.06
517.2	32.53
517.6	14.51
517.9	-2.11
518.3	-20.36
518.6	0.23
519	1.87
519.4	8.66
519.7	7.49
520.1	7.26
520.4	26.45
520.8	26.21
521.1	-29.02
521.5	4.92
521.9	24.58
522.2	52.19
522.6	15.92
522.9	-6.79
523.3	41.43
523.6	9.6
524	-16.15
524.4	-14.51
524.7	11.7
525.1	3.74
525.4	12.87
525.8	5.85
526.2	5.38
526.5	0.47
526.9	-11.47
527.2	9.13
527.6	20.6
527.9	0.23
528.3	-4.21
528.6	0.23
529	-14.04
529.4	-20.83
529.7	2.11
530.1	-7.26
530.4	-5.85
530.8	13.34
531.1	-16.38
531.5	-1.17
531.9	-18.72
532.2	9.13
532.6	-8.89
532.9	4.92
533.3	-16.85
533.6	-32.3
534	-20.36
534.4	-1.64
534.7	20.13
535.1	20.13
535.4	25.51
535.8	-7.26
536.1	3.98
536.5	-10.3
536.8	17.32
537.2	-0.23
537.6	6.32
537.9	21.77
538.3	-1.87
538.6	5.15
539	9.13
539.3	-0
539.7	-5.15
540	-16.62
540.4	1.87
540.8	-18.02
541.1	219.78
541.5	6.55
541.8	1.87
542.2	23.41
542.5	18.26
542.9	7.72
543.2	19.66
543.6	18.96
544	26.68
544.3	2.11
544.7	7.49
545	18.26
545.4	16.62
545.7	11.23
546.1	-12.87
546.4	5.15
546.8	-2.11
547.2	-2.57
547.5	-1.4
547.9	29.72
548.2	-25.51
548.6	-3.28
548.9	-2.34
549.3	-13.11
549.6	21.3
550	4.45
550.3	-1.64
550.7	35.34
551.1	9.36
551.4	21.3
551.8	-4.92
552.1	13.81
552.5	-6.32
552.8	-8.89
553.2	25.28
553.5	10.3
553.9	-0.47
554.2	-18.49
554.6	-4.21
554.9	-10.53
555.3	-6.09
555.7	-3.74
556	10.77
556.4	15.21
556.7	-0.23
557.1	3.98
557.4	-32.53
557.8	42.83
558.1	5.15
558.5	-1.4
558.8	6.09
559.2	-0.7
559.5	-10.3
559.9	4.45
560.3	5.38
560.6	21.53
561	-7.26
561.3	6.09
561.7	-2.34
562	-2.34
562.4	19.19
562.7	-7.49
563.1	14.98
563.4	-5.62
563.8	14.28
564.1	0.23
564.5	15.92
564.8	9.83
565.2	10.77
565.5	4.21
565.9	16.15
566.3	28.09
566.6	32.3
567	35.11
567.3	23.64
567.7	3.51
568	3.98
568.4	8.66
568.7	-3.51
569.1	7.02
569.4	5.62
569.8	12.87
570.1	18.96
570.5	20.13
570.8	15.21
571.2	-0.47
571.5	19.43
571.9	-7.72
572.2	19.89
572.6	56.17
572.9	11
573.3	39.32
573.6	-9.36
574	35.11
574.4	19.66
574.7	40.96
575.1	50.56
575.4	14.51
575.8	4.45
576.1	44.94
576.5	56.88
576.8	7.26
577.2	27.15
577.5	39.09
577.9	-9.36
578.2	30.66
578.6	9.6
578.9	26.68
579.3	69.51
579.6	30.19
580	26.45
580.3	16.85
580.7	58.28
581	66.94
581.4	31.6
581.7	44
582.1	70.45
582.4	68.11
582.8	46.11
583.1	55
583.5	47.28
583.8	77.94
584.2	80.98
584.5	55.94
584.9	68.34
585.2	77.71
585.6	82.39
585.9	83.09
586.3	79.34
586.6	83.09
587	59.92
587.3	113.05
587.7	82.85
588	97.13
588.4	95.96
588.7	117.03
589.1	140.9
589.4	129.67
589.8	126.62
590.1	135.28
590.5	138.79
590.8	164.31
591.2	133.64
591.5	147.69
591.9	158.92
592.2	156.11
592.6	171.56
592.9	170.16
593.3	168.75
593.6	183.73
594	182.56
594.3	217.44
594.7	193.33
595	207.61
595.4	238.5
595.7	253.25
596.1	250.91
596.4	267.06
596.8	245.76
597.1	258.4
597.5	292.33
597.8	263.31
598.2	316.67
598.5	284.38
598.9	348.27
599.2	352.72
599.6	392.27
599.9	381.74
600.3	381.27
600.6	383.85
601	430.19
601.3	429.02
601.7	457.81
602	471.62
602.4	458.75
602.7	483.55
603.1	541.13
603.4	566.88
603.8	555.41
604.1	575.77
604.5	629.37
604.8	630.77
605.1	671.73
605.5	688.35
605.8	726.97
606.2	755.52
606.5	765.59
606.9	786.89
607.2	857.1
607.6	848.91
607.9	880.74
608.3	951.9
608.6	990.98
609	1007.83
609.3	1046.92
609.7	1062.37
610	1116.67
610.4	1181.03
610.7	1210.29
611.1	1263.42
611.4	1342.53
611.8	1394.96
612.1	1404.56
612.5	1446.92
612.8	1526.26
613.1	1598.59
613.5	1665.76
613.8	1729.89
614.2	1818.36
614.5	1869.85
614.9	1957.16
615.2	2004.9
615.6	2138.08
615.9	2176.93
616.3	2248.79
616.6	2344.75
617	2454.52
617.3	2530.82
617.7	2609
618	2774.47
618.3	2865.52
618.7	2978.57
619	3034.74
619.4	3208.17
619.7	3333.39
620.1	3470.08
620.4	3551.76
620.8	3704.37
621.1	3850.18
621.5	3973.29
621.8	4136.66
622.2	4262.12
622.5	4462
622.8	4604.54
623.2	4744.27
623.5	4888.44
623.9	5128.82
624.2	5277.44
624.6	5414.13
624.9	5676.03
625.3	5854.85
625.6	6074.86
626	6223.72
626.3	6455.67
626.7	6703.53
627	6912.54
627.3	7217.74
627.7	7350.22
628	7624.3
628.4	7870.52
628.7	8025.23
629.1	8257.88
629.4	8450.97
629.8	8656
630.1	8784.26
630.5	8982.74
630.8	9104.22
631.1	9195.03
631.5	9341.78
631.8	9323.99
632.2	9340.14
632.5	9312.52
632.9	9255.65
633.2	9150.56
633.6	9022.3
633.9	8829.91
634.2	8558.87
634.6	8389.18
634.9	8105.98
635.3	7874.03
635.6	7450.63
636	7156.19
636.3	6794.11
636.7	6368.13
637	6078.61
637.3	5730.57
637.7	5402.66
638	5107.52
638.4	4684.35
638.7	4433.91
639.1	4128.24
639.4	3842.22
639.8	3603.02
640.1	3399.39
640.4	3188.75
640.8	2947.67
641.1	2754.81
641.5	2563.35
641.8	2375.41
642.2	2242.47
642.5	2106.72
642.8	1944.75
643.2	1874.54
643.5	1737.85
643.9	1596.25
644.2	1549.43
644.6	1424.92
644.9	1334.11
645.3	1261.08
645.6	1194.38
645.9	1062.37
646.3	1009.24
646.6	967.81
647	924.98
647.3	847.27
647.7	830.19
648	751.55
648.3	712.93
648.7	636.39
649	655.82
649.4	594.26
649.7	601.28
650.1	528.02
650.4	518.43
650.7	489.41
651.1	464.36
651.4	436.74
651.8	396.95
652.1	320.89
652.4	390.87
652.8	326.97
653.1	314.57
653.5	279.93
653.8	302.16
654.2	247.86
654.5	280.86
654.8	249.74
655.2	256.76
655.5	223.29
655.9	212.29
656.2	201.99
656.6	224.22
656.9	162.43
657.2	169.45
657.6	158.92
657.9	171.56
658.3	127.79
658.6	143.94
658.9	143.47
659.3	123.11
659.6	143.47
660	117.26
660.3	100.17
660.7	115.15
661	100.88
661.3	128.5
661.7	87.54
662	69.05
662.4	92.45
662.7	90.81
663	57.81
663.4	47.04
663.7	101.58
664.1	45.17
664.4	86.13
664.7	70.68
665.1	59.92
665.4	50.32
665.8	57.11
666.1	31.83
666.4	46.58
666.8	24.34
667.1	38.62
667.5	46.81
667.8	38.15
668.1	26.21
668.5	18.49
668.8	52.43
669.2	36.28
669.5	17.09
669.8	5.85
670.2	9.83
670.5	41.66
670.9	39.56
671.2	31.13
671.5	16.38
671.9	12.4
672.2	6.55
672.6	7.49
672.9	24.34
673.2	21.06
673.6	-1.17
673.9	41.43
674.3	21.77
674.6	29.96
674.9	38.62
675.3	10.3
675.6	43.3
676	-35.58
676.3	-7.49
676.6	-18.49
677	11.47
677.3	-3.74
677.7	-11.7
678	5.15
678.3	-8.43
678.7	10.3
679	-1.17
679.4	10.53
679.7	22
680	-0.47
680.4	19.66
680.7	9.13
681	13.58
681.4	-0.94
681.7	10.77
682.1	9.36
682.4	19.19
682.7	-11.23
683.1	-2.11
683.4	-3.74
683.8	-10.53
684.1	-5.62
684.4	33.7
684.8	10.06
685.1	12.17
685.4	-3.04
685.8	-2.34
686.1	120.3
686.5	17.32
686.8	15.68
687.1	16.15
687.5	-8.89
687.8	17.32
688.1	-19.66
688.5	-7.72
688.8	29.26
689.2	-0.47
689.5	11
689.8	18.02
690.2	18.49
690.5	4.45
690.8	-9.6
691.2	16.38
691.5	19.66
691.9	4.92
692.2	-1.64
692.5	16.38
692.9	7.72
693.2	-11.94
693.5	20.13
693.9	8.43
694.2	13.58
694.6	24.11
694.9	16.85
695.2	10.77
695.6	11.7
695.9	21.53
696.2	-25.75
696.6	23.64
696.9	29.72
697.2	-3.98
697.6	-11.7
697.9	22.47
698.3	19.43
698.6	9.6
698.9	-15.45
699.3	14.75
699.6	-17.32
699.9	22.7
700.3	18.49
700.6	6.09
700.9	-11
701.3	-18.02
701.6	3.74
702	24.58
702.3	6.09
702.6	27.62
703	-15.45
703.3	-17.09
703.6	22.24
704	-14.51
704.3	-8.43
704.6	3.51
705	-4.68
705.3	11
705.6	-6.55
706	20.83
706.3	10.06
706.6	10.3
707	20.36
707.3	-11.23
707.7	6.32
708	9.6
708.3	8.66
708.7	24.58
709	-1.87
709.3	10.3
709.7	8.19
710	-14.28
710.3	10.53
710.7	3.51
711	-9.36
711.3	10.53
711.7	5.15
712	1.4
712.3	-12.4
712.7	-20.13
713	-3.51
713.3	1.4
713.7	-13.58
714	-15.68
714.3	8.19
714.7	-11.47
715	34.64
715.3	20.13
715.7	-1.87
716	6.32
716.3	-12.64
716.7	-7.02
717	22.94
717.3	-12.17
717.7	9.6
718	-11.7
718.4	-3.28
718.7	3.74
719	15.45
719.4	13.81
719.7	7.96
720	2.11
720.4	6.79
720.7	0.47
721	6.55
721.3	14.04
721.7	-16.85
722	23.87
722.3	13.58
722.7	4.21
723	-17.55
723.3	-16.38
723.7	-12.4
724	7.72
724.3	20.6
724.7	5.15
725	15.68
725.3	-4.45
725.7	-1.87
726	-6.55
726.3	5.38
726.7	-9.13
727	-3.04
727.3	-5.38
727.7	-31.36
728	18.49
728.3	18.72
728.7	-2.81
729	-7.26
729.3	17.79
729.7	-10.06
730	-1.4
730.3	-9.6
730.7	5.38
731	-0.47
731.3	-7.72
731.7	-5.15
732	2.11
732.3	0.47
732.6	15.68
733	29.02
733.3	-25.28
733.6	-0.7
734	7.96
734.3	13.58
734.6	-6.79
735	-12.4
735.3	0.23
735.6	12.4
736	26.45
736.3	-25.51
736.6	-1.64
737	13.34
737.3	9.13
737.6	-0.47
737.9	-3.04
738.3	3.74
738.6	7.49
738.9	-20.36
739.3	6.09
739.6	-8.89
739.9	25.51
740.3	11.7
740.6	25.51
740.9	4.45
741.2	-11.47
741.6	-1.87
741.9	4.92
742.2	17.79
742.6	10.06
742.9	-8.43
743.2	-4.92
743.6	-8.19
743.9	-6.09
744.2	-16.62
744.6	-10.06
744.9	4.92
745.2	-5.62
745.5	-12.64
745.9	27.15
746.2	-9.36
746.5	1.87
746.9	-10.06
747.2	9.6
747.5	2.34
747.8	25.04
748.2	29.49
748.5	-0.47
748.8	-19.66
749.2	-20.36
749.5	-15.45
749.8	7.72
750.1	-21.53
750.5	-8.66
750.8	7.26
751.1	-9.6
751.5	15.68
751.8	-0.7
752.1	7.26
752.5	1.64
752.8	22.7
753.1	-3.98
753.4	26.92
753.8	2.57
754.1	11.47
754.4	-17.79
754.7	-11.94
755.1	1.17
755.4	-23.87
755.7	15.21
756.1	-0.94
756.4	-1.64
756.7	-19.89
757	-4.21
757.4	-3.74
757.7	5.85
758	10.06
758.4	-9.13
758.7	21.77
759	-14.51
759.3	22.47
759.7	24.34
760	7.26
760.3	13.34
760.7	13.81
761	17.32
761.3	-1.4
761.6	-3.98
762	7.49
762.3	-2.81
762.6	-18.02
762.9	-25.51
763.3	-2.34
763.6	7.26
763.9	6.09
764.2	-2.34
764.6	5.38
764.9	8.19
765.2	20.36
765.6	-6.55
765.9	6.79
766.2	-5.15
766.5	-23.87
766.9	-24.81
767.2	2.57
767.5	16.38
767.8	9.13
768.2	1.87
768.5	-9.6
768.8	-1.87
769.1	-26.68
769.5	-4.45
769.8	12.87
770.1	11.7
770.5	3.04
770.8	-11.23
771.1	-10.3
771.4	11.23
771.8	18.26
772.1	-9.6
772.4	5.62
772.7	11.47
773.1	-7.26
773.4	3.74
773.7	10.77
774	18.96
774.4	0.47
774.7	25.28
775	-3.51
775.3	8.43
775.7	25.51
776	-29.26
776.3	-11.23
776.6	-5.15
777	5.85
777.3	1.17
777.6	-7.72
777.9	-1.17
778.3	18.72
778.6	8.19
778.9	18.26
779.2	17.55
779.6	-17.09
779.9	1.64
780.2	5.15
780.5	42.36
780.9	1.17
781.2	23.64
781.5	5.85
781.8	-5.85
782.2	7.72
782.5	17.09
782.8	-8.66
783.1	-14.98
783.4	20.13
783.8	-11
784.1	1.4
784.4	-13.81
784.7	-13.34
785.1	-19.43
785.4	-1.87
785.7	-3.51
786	11.7
786.4	10.3
786.7	-9.83
787	11.47
787.3	17.79
787.7	13.58
788	21.53
788.3	6.55
788.6	2.11
788.9	-15.21
789.3	7.49
789.6	21.06
789.9	-17.79
790.2	20.83
790.6	4.45
790.9	-5.85
791.2	-15.45
791.5	-12.4
791.9	-7.26
792.2	-8.66
792.5	7.26
792.8	-3.28
793.1	-20.83
793.5	7.26
793.8	7.26
794.1	-10.3
794.4	4.92
794.8	-10.3
795.1	-20.13
795.4	22.24
795.7	17.32
796	-21.53
796.4	-7.26
796.7	4.68
797	-27.62
797.3	-16.15
797.7	16.15
798	-15.68
798.3	29.02
798.6	14.04
798.9	-8.89
799.3	13.34
799.6	-2.57
799.9	14.98
800.2	-15.21
800.5	11
800.9	16.15
801.2	-9.36
801.5	4.92
801.8	-17.32
802.2	-29.02
802.5	-9.83
802.8	25.51
803.1	7.96
803.4	-10.06
803.8	19.19
804.1	-36.98
804.4	15.21
804.7	4.45
805	-27.85
805.4	9.13
805.7	3.28
806	-0.7
806.3	5.62
806.6	-5.85
807	3.04
807.3	16.38
807.6	-8.66
807.9	-0.7
808.2	-3.04
808.6	-4.68
808.9	-23.64
809.2	26.92
809.5	3.51
809.8	-2.57
810.2	26.92
810.5	-18.72
810.8	24.11
811.1	-7.96
811.4	-9.83
811.8	-24.11
812.1	4.92
812.4	-15.92
812.7	-18.49
813	7.96
813.4	-26.68
813.7	-13.34
814	17.79
814.3	-5.85
814.6	-2.11
815	-18.72
815.3	-2.34
815.6	-10.06
815.9	10.06
816.2	-6.09
816.5	-30.43
816.9	10.53
817.2	-4.21
817.5	25.51
817.8	16.62
818.1	-10.3
818.5	1.87
818.8	5.62
819.1	-6.32
819.4	-20.6
819.7	11.7
820.1	-3.28
820.4	7.96
820.7	21.77
821	15.92
821.3	4.45
821.6	25.98
822	-15.68
822.3	14.75
822.6	-6.09
822.9	28.09
823.2	4.92
823.5	-35.34
823.9	-25.28
824.2	26.92
824.5	19.19
824.8	9.6
825.1	6.09
825.5	-14.75
825.8	5.85
826.1	32.07
826.4	11.7
826.7	1.4
827	-2.11
827.4	23.87
827.7	4.45
828	13.81
828.3	-8.89
828.6	0.23
828.9	-20.36
829.3	-20.6
829.6	-3.98
829.9	32.53
830.2	-11.94
830.5	-10.77
830.8	-21.77
831.2	-2.81
831.5	-5.85
831.8	-9.83
832.1	-5.85
832.4	-13.34
832.7	4.68
833.1	10.77
833.4	6.55
833.7	-26.68
834	25.51
834.3	-8.66
834.6	36.51
835	10.3
835.3	25.75
835.6	14.51
835.9	6.79
836.2	0.7
836.5	0.7
836.8	5.38
837.2	26.68
837.5	8.43
837.8	11.7
838.1	15.92
838.4	11
838.7	43.3
839.1	3.74
839.4	16.38
839.7	-17.55
840	32.77
840.3	18.49
840.6	22.7
840.9	-7.26
841.3	12.17
841.6	25.98
841.9	7.02
842.2	8.19
842.5	2.11
842.8	-2.11
843.1	7.49
843.5	0.23
843.8	-11.47
844.1	-14.28
844.4	28.32
844.7	-6.79
845	22.47
845.3	-1.64
845.7	16.38
846	3.28
846.3	-32.3
846.6	-12.64
846.9	-36.51
847.2	21.06
847.5	-13.81
847.9	-0
848.2	16.38
848.5	1.17
848.8	18.96
849.1	15.21
849.4	15.68
849.7	5.15
850	16.15
850.4	12.4
850.7	-32.3
851	-10.77
851.3	10.53
851.6	11.23
851.9	14.98
852.2	-7.72
852.5	-19.19
852.9	-9.36
853.2	-5.38
853.5	32.77
853.8	-2.11
854.1	-25.51
854.4	-15.45
854.7	5.85
855.1	11
855.4	24.11
855.7	-21.53
856	8.66
856.3	6.09
856.6	5.62
856.9	-9.36
857.2	14.04
857.5	-26.68
857.9	22.7
858.2	-1.17
858.5	9.83
858.8	-24.58
859.1	5.15
859.4	21.77
859.7	-3.04
860	10.06
860.4	-0.7
860.7	6.09
861	6.79
861.3	-27.15
861.6	-2.11
861.9	-12.87
862.2	9.6
862.5	-5.85
862.8	-4.21
863.2	-6.32
863.5	25.28
863.8	15.21
864.1	-12.4
864.4	1.4
864.7	-3.74
865	-18.96
865.3	29.26
865.6	4.45
866	-18.96
866.3	-10.53
866.6	-5.15
866.9	1.87
867.2	-8.19
867.5	-7.72
867.8	-5.85
868.1	-36.75
868.4	14.98
868.7	-17.09
869.1	-19.89
869.4	11
869.7	8.19
870	-23.17
870.3	-1.87
870.6	-49.85
870.9	-20.36
871.2	-10.77
871.5	-1.17
871.8	4.21
872.1	-0.23
872.5	11.7
872.8	-28.55
873.1	-1.4
873.4	24.34
873.7	18.26
874	12.17
874.3	9.36
874.6	17.09
874.9	-8.43
875.2	-30.66
875.6	-6.55
875.9	18.49
876.2	1.87
876.5	19.89
876.8	-8.89
877.1	6.55
877.4	5.62
877.7	-6.32
878	11.47
878.3	22.7
878.6	16.62
878.9	-9.83
879.3	-3.98
879.6	19.19
879.9	-22.24
880.2	22.24
880.5	18.72
880.8	23.87
881.1	-1.87
881.4	-11.7
881.7	29.02
882	23.17
882.3	-11.23
882.6	-3.74
882.9	-4.92
883.3	19.89
883.6	-3.28
883.9	-14.28
884.2	2.57
884.5	-11.23
884.8	-14.51
885.1	13.81
885.4	-24.58
885.7	-3.04
886	7.02
886.3	12.17
886.6	-1.87
886.9	19.66
887.2	-3.04
887.6	-14.75
887.9	10.3
888.2	28.32
888.5	-21.53
888.8	31.83
889.1	-1.87
889.4	-6.79
889.7	-14.28
890	11.7
890.3	-21.77
890.6	26.92
890.9	3.04
891.2	-2.11
891.5	9.36
891.8	17.09
892.1	-4.68
892.5	-36.98
892.8	-12.17
893.1	12.64
893.4	-38.38
893.7	9.83
894	-18.96
894.3	19.43
894.6	-30.43
894.9	0.47
895.2	-22.7
895.5	8.89
895.8	9.36
896.1	-13.58
896.4	0.94
896.7	11.7
897	5.15
897.3	-1.4
897.6	11.23
897.9	15.45
898.3	-1.87
898.6	18.26
898.9	3.98
899.2	-6.32
899.5	-13.81
899.8	-12.87
900.1	17.79
900.4	7.26
900.7	-6.55
901	6.32
901.3	-2.57
901.6	-2.34
901.9	4.68
902.2	-20.13
902.5	5.62
902.8	25.51
903.1	2.81
903.4	9.6
903.7	-11.7
904	-3.74
904.3	-1.87
904.6	0.94
904.9	7.49
905.2	-7.49
905.6	0.23
905.9	-18.26
906.2	-7.26
906.5	19.89
906.8	24.81
907.1	35.34
907.4	-28.55
907.7	2.11
908	24.58
908.3	3.74
908.6	-16.38
908.9	-14.04
909.2	8.19
909.5	-16.62
909.8	-6.55
910.1	-4.92
910.4	-45.64
910.7	7.02
911	-0.23
911.3	14.75
911.6	2.57
911.9	-22.24
912.2	8.66
912.5	-9.6
912.8	-2.11
913.1	5.15
913.4	4.21
913.7	8.66
914	15.45
914.3	-15.68
914.6	-17.55
914.9	-34.87
915.2	-2.34
915.5	-18.26
915.8	-4.92
916.1	4.21
916.4	0.7
916.7	-19.89
917	27.38
917.3	12.64
917.6	-25.04
917.9	-6.79
918.2	-17.79
918.5	3.04
918.8	22.24
919.1	-0.7
919.5	3.28
919.8	19.19
920.1	25.98
920.4	18.02
920.7	-15.21
921	11.7
921.3	18.49
921.6	18.72
921.9	-11.94
922.2	-11.94
922.5	-6.09
922.8	49.15
923.1	4.68
923.4	-2.81
923.7	14.51
924	-1.17
924.3	14.28
924.6	-2.34
924.9	-12.4
925.2	12.17
925.5	-15.21
925.8	-3.74
926.1	7.49
926.4	-10.3
926.7	14.51
927	-1.64
927.3	-2.34
927.6	9.13
927.9	0.47
928.2	-4.68
928.4	11.47
928.7	-16.85
929	30.66
929.3	-7.26
929.6	-9.13
929.9	10.77
930.2	-2.34
930.5	-15.21
930.8	27.15
931.1	3.51
931.4	3.74
931.7	12.4
932	8.66
932.3	-5.85
932.6	-23.87
932.9	-11.23
933.2	-14.51
933.5	15.68
933.8	-3.98
934.1	-12.87
934.4	-0.47
934.7	14.75
935	3.28
935.3	17.09
935.6	13.34
935.9	-8.43
936.2	6.79
936.5	-2.11
936.8	-5.15
937.1	20.13
937.4	-27.38
937.7	-29.02
938	-11.47
938.3	-26.45
938.6	-23.87
938.9	15.92
939.2	3.74
939.5	0.47
939.8	11.94
940.1	-0.23
940.4	-14.51
940.7	0
941	-14.98
941.3	16.15
941.6	8.89
941.9	-4.45
942.2	33.24
942.4	-20.6
942.7	-12.17
943	5.38
943.3	16.15
943.6	-22
943.9	-14.98
944.2	-6.32
944.5	-27.38
944.8	-16.85
945.1	-13.11
945.4	-39.32
945.7	-22.7
946	-32.77
946.3	12.17
946.6	-13.11
946.9	4.45
947.2	-12.64
947.5	13.81
947.8	-27.62
948.1	31.36
948.4	13.11
948.7	-28.09
949	16.85
949.2	0.94
949.5	-20.13
949.8	-1.4
950.1	0
950.4	13.34
950.7	11.94
951	-11
951.3	24.58
951.6	-5.38
951.9	0.23
952.2	-21.06
952.5	3.04
952.8	22.24
953.1	-31.36
953.4	10.77
953.7	-13.34
954	25.98
954.3	-7.96
954.6	30.19
954.8	-8.66
955.1	-20.36
955.4	22.7
955.7	7.26
956	-28.32
956.3	10.06
956.6	-4.21
956.9	13.34
957.2	13.81
957.5	20.6
957.8	-26.92
958.1	4.45
958.4	-7.26
958.7	15.92
959	21.53
959.2	-20.6
959.5	2.81
959.8	14.04
960.1	10.53
960.4	18.26
960.7	-4.21
961	0.7
961.3	1.87
961.6	1.87
961.9	12.4
962.2	3.28
962.5	-4.21
962.8	16.38
963.1	14.98
963.3	13.34
963.6	18.49
963.9	-1.4
964.2	3.04
964.5	-8.19
964.8	14.04
965.1	11.94
965.4	3.74
965.7	-30.66
966	32.53
966.3	-24.58
966.6	25.75
966.9	6.09
967.1	20.83
967.4	4.92
967.7	6.79
968	-1.87
968.3	55.94
968.6	22.47
968.9	1.87
969.2	-16.62
969.5	35.58
969.8	-10.77
970.1	-34.64
970.3	2.11
970.6	-23.64
970.9	20.83
971.2	-14.28
971.5	7.72
971.8	-27.38
972.1	21.06
972.4	-1.64
972.7	-4.21
973	14.75
973.3	-16.62
973.5	-13.81
973.8	-4.21
974.1	12.17
974.4	-1.17
974.7	33.24
975	27.62
975.3	-22.47
975.6	22.7
975.9	27.62
976.2	-8.19
976.4	-0.7
976.7	-14.51
977	-7.49
977.3	3.98
977.6	30.19
977.9	9.6
978.2	-0.94
978.5	-21.53
978.8	45.17
979	29.72
979.3	-0.47
979.6	28.32
979.9	11.94
980.2	6.55
980.5	-5.62
980.8	-7.26
981.1	-1.17
981.4	4.21
981.6	-6.79
981.9	30.66
982.2	9.83
982.5	-3.98
982.8	14.75
983.1	-17.55
983.4	-5.62
983.7	-18.72
984	-18.96
984.2	-1.17
984.5	-2.81
984.8	31.36
985.1	-8.19
985.4	11.23
985.7	-1.64
986	37.45
986.3	3.28
986.5	29.72
986.8	11.94
987.1	23.41
987.4	38.38
987.7	-16.62
988	-1.17
988.3	-13.58
988.6	5.85
988.8	15.68
989.1	14.28
989.4	5.38
989.7	-23.17
990	3.51
990.3	-26.92
990.6	10.77
990.9	14.04
991.1	2.57
991.4	21.77
991.7	26.45
992	13.11
992.3	22.24
992.6	8.19
992.9	-11.7
993.1	20.36
993.4	-16.85
993.7	6.09
994	6.09
994.3	-7.96
994.6	-16.15
994.9	8.43
995.1	-2.57
995.4	-12.17
995.7	3.51
996	-36.28
996.3	-4.45
996.6	-0.7
996.9	-12.87
997.1	4.92
997.4	20.83
997.7	14.51
998	-0
998.3	26.68
998.6	-1.87
998.9	31.13
999.1	22
999.4	-1.87
999.7	-12.87
1000	17.09
1000.3	14.28
1000.6	10.53
1000.8	15.68
1001.1	23.64
1001.4	11.94
1001.7	-34.87
1002	-14.28
1002.3	-12.64
1002.6	6.32
1002.8	-8.89
1003.1	-3.28
1003.4	12.87
1003.7	4.92
1004	3.74
1004.3	2.34
1004.5	-20.13
1004.8	-15.68
1005.1	5.85
1005.4	-11.47
1005.7	-18.02
1006	7.96
1006.2	-23.87
1006.5	-6.32
1006.8	-35.11
1007.1	20.36
1007.4	34.64
1007.7	-1.17
1007.9	-0.23
1008.2	36.04
1008.5	-18.49
1008.8	10.53
1009.1	12.4
1009.4	9.83
1009.6	-3.98
1009.9	-16.15
1010.2	18.02
1010.5	-19.89
1010.8	-14.04
1011.1	2.11
1011.3	0.23
1011.6	26.68
1011.9	-9.36
1012.2	12.64
1012.5	-9.6
1012.7	-5.15
1013	22.47
1013.3	-5.62
1013.6	5.15
1013.9	-12.4
1014.2	12.17
1014.4	19.19
1014.7	10.53
1015	-14.51
1015.3	-10.3
1015.6	-22.24
1015.8	-11.7
1016.1	7.49
1016.4	-24.81
1016.7	12.17
1017	-0.23
1017.2	27.38
1017.5	-18.49
1017.8	-4.92
1018.1	-15.21
1018.4	10.53
1018.7	13.58
1018.9	-19.66
1019.2	-10.77
1019.5	-20.13
1019.8	-14.04
1020.1	1.17
1020.3	9.6
1020.6	15.21
1020.9	15.21
1021.2	15.21
