340.19	14.84
340.564	14.84
340.939	14.84
341.313	21.62
341.687	4.77
342.061	-6.46
342.436	-0.61
342.81	-1.08
343.184	-23.78
343.558	-10.91
343.932	-10.21
344.306	12.96
344.68	-7.4
345.054	9.69
345.428	-15.12
345.802	-14.65
346.176	10.39
346.55	-13.72
346.924	11.09
347.298	0.79
347.672	5.71
348.046	6.88
348.419	27.48
348.793	-4.59
349.167	22.09
349.54	15.77
349.914	0.09
350.288	-1.55
350.661	7.58
351.035	17.41
351.408	8.99
351.782	-17.93
352.155	-20.51
352.528	31.22
352.902	-24.02
353.275	8.75
353.648	-10.21
354.022	-0.14
354.395	-5.53
354.768	8.28
355.141	26.07
355.515	9.69
355.888	-7.63
356.261	2.67
356.634	-4.59
357.007	19.75
357.38	5.71
357.753	-8.1
358.126	13.43
358.499	17.88
358.872	26.54
359.245	-33.61
359.617	0.09
359.99	-23.78
360.363	4.77
360.736	-24.48
361.108	28.18
361.481	40.58
361.854	-4.12
362.226	9.45
362.599	-15.82
362.971	21.16
363.344	-8.8
363.716	25.84
364.089	5.71
364.461	42.69
364.834	19.99
365.206	10.86
365.578	29.58
365.951	6.41
366.323	1.26
366.695	21.39
367.067	18.11
367.439	24.67
367.812	3.84
368.184	23.5
368.556	5.24
368.928	59.31
369.3	34.26
369.672	54.63
370.044	55.09
370.416	48.31
370.788	58.37
371.159	41.75
371.531	82.95
371.903	113.37
372.275	83.41
372.646	107.99
373.018	134.44
373.39	165.33
373.761	206.99
374.133	208.87
374.505	221.74
374.876	258.95
375.248	283.53
375.619	364.04
375.991	374.58
376.362	443.62
376.733	457.2
377.105	555.03
377.476	641.16
377.847	680.25
378.219	786.75
378.59	853.22
378.961	951.99
379.332	1032.5
379.703	1166.85
380.074	1273.58
380.445	1395.99
380.816	1531.97
381.187	1731.85
381.558	1864.56
381.929	1997.27
382.3	2205.81
382.671	2363.33
383.042	2481.29
383.413	2688.2
383.784	2812.48
384.154	2962.98
384.525	3065.72
384.896	3181.58
385.266	3259.05
385.637	3314.06
386.008	3329.5
386.378	3344.25
386.749	3329.5
387.119	3275.2
387.49	3224.41
387.86	3130.79
388.23	3015.64
388.601	2929.27
388.971	2819.97
389.341	2660.81
389.712	2526.23
390.082	2345.07
390.452	2220.32
390.822	2117.34
391.192	2004.53
391.562	1901.07
391.933	1737
392.303	1704
392.673	1592.83
393.043	1472.29
393.412	1408.86
393.782	1262.58
394.152	1209.21
394.522	1121.68
394.892	1051.93
395.262	1021.97
395.631	935.6
396.001	892.54
396.371	813.9
396.74	786.75
397.11	712.78
397.48	674.63
397.849	627.12
398.219	579.14
398.588	541.69
398.958	535.84
399.327	506.11
399.696	486.69
400.066	444.56
400.435	394
400.804	403.83
401.174	363.11
401.543	333.85
401.912	323.08
402.281	307.4
402.65	288.21
403.019	258.95
403.389	257.78
403.758	247.25
404.127	234.85
404.496	234.38
404.864	231.57
405.233	230.17
405.602	184.99
405.971	192.25
406.34	163.23
406.709	206.06
407.077	137.95
407.446	134.2
407.815	152.46
408.183	137.48
408.552	116.88
408.92	124.84
409.289	95.35
409.657	100.73
410.026	132.33
410.394	97.46
410.763	101.67
411.131	87.39
411.499	77.56
411.868	87.39
412.236	93.71
412.604	72.41
412.972	90.67
413.341	80.61
413.709	64.92
414.077	44.8
414.445	28.88
414.813	46.2
415.181	61.18
415.549	11.09
415.917	47.84
416.285	19.99
416.653	43.16
417.02	40.11
417.388	36.6
417.756	61.88
418.124	25.6
418.491	37.07
418.859	18.35
419.227	57.43
419.594	42.45
419.962	34.73
420.329	4.54
420.697	38.24
421.064	10.16
421.432	42.45
421.799	21.16
422.167	43.39
422.534	15.07
422.901	5.24
423.269	8.28
423.636	16.71
424.003	-37.36
424.37	-22.61
424.737	-32.21
425.104	-24.02
425.471	16.47
425.838	2.43
426.205	12.26
426.572	38.24
426.939	11.79
427.306	9.45
427.673	10.39
428.04	12.5
428.407	-7.16
428.773	-12.08
429.14	3.37
429.507	16.01
429.874	-20.27
430.24	-0.38
430.607	10.16
430.973	6.18
431.34	4.77
431.706	7.11
432.073	11.33
432.439	11.79
432.806	12.03
433.172	-7.63
433.538	31.22
433.904	6.18
434.271	-10.68
434.637	26.77
435.003	-1.78
435.369	6.88
435.735	-7.87
436.101	-16.53
436.467	20.92
436.834	18.82
437.199	43.39
437.565	-35.49
437.931	37.31
438.297	-11.85
438.663	13.9
439.029	-4.82
439.395	2.67
439.76	3.37
440.126	0.56
440.492	-20.04
440.857	9.45
441.223	-24.95
441.588	0.09
441.954	6.64
442.32	12.96
442.685	17.41
443.05	30.05
443.416	-19.57
443.781	-2.95
444.146	7.35
444.512	4.3
444.877	-4.82
445.242	12.5
445.607	1.73
445.973	6.18
446.338	-2.02
446.703	23.03
447.068	13.43
447.433	-5.29
447.798	3.84
448.163	27.94
448.528	13.9
448.892	34.73
449.257	35.43
449.622	1.03
449.987	13.67
450.352	1.96
450.716	-4.59
451.081	19.75
451.446	-21.44
451.81	0.09
452.175	5.71
452.539	0.33
452.904	-9.27
453.268	-20.74
453.633	-6.93
453.997	-17.23
454.361	3.13
454.726	10.16
455.09	26.77
455.454	9.45
455.818	11.79
456.183	-0.61
456.547	7.11
456.911	-7.16
457.275	-9.04
457.639	-8.57
458.003	13.67
458.367	6.41
458.731	7.81
459.095	1.03
459.459	16.01
459.822	3.37
460.186	23.26
460.55	-19.34
460.914	1.96
461.277	8.75
461.641	-3.19
462.005	12.5
462.368	12.5
462.732	20.92
463.095	23.26
463.459	-3.19
463.822	4.3
464.185	-16.06
464.549	19.99
464.912	17.41
465.275	-5.99
465.639	39.41
466.002	-11.85
466.365	-0.14
466.728	9.92
467.091	24.67
467.454	1.03
467.818	24.2
468.181	2.43
468.543	14.13
468.906	-15.12
469.269	-16.29
469.632	0.33
469.995	5.94
470.358	-12.78
470.721	-30.1
471.083	-7.87
471.446	-10.68
471.809	7.81
472.171	-10.44
472.534	-4.12
472.896	-30.8
473.259	6.41
473.621	0.56
473.984	-9.74
474.346	4.77
474.709	5.24
475.071	36.6
475.433	24.67
475.795	11.33
476.158	13.9
476.52	8.99
476.882	17.65
477.244	11.09
477.606	16.94
477.968	-12.31
478.33	-1.31
478.692	-7.4
479.054	-15.12
479.416	5.71
479.778	-1.08
480.14	-15.82
480.502	21.86
480.863	6.64
481.225	3.13
481.587	-3.42
481.948	14.13
482.31	1.96
482.671	-7.16
483.033	8.05
483.395	-5.06
483.756	-7.4
484.117	28.18
484.479	-12.78
484.84	-1.55
485.201	11.56
485.563	13.67
485.924	9.69
486.285	9.92
486.646	0.56
487.008	-5.53
487.369	15.54
487.73	10.39
488.091	11.33
488.452	12.03
488.813	5.24
489.174	20.92
489.534	-5.29
489.895	-24.25
490.256	-5.76
490.617	-1.55
490.978	8.05
491.338	-21.68
491.699	4.3
492.06	25.13
492.42	-27.76
492.781	-8.33
493.141	-0.61
493.502	20.92
493.862	-16.06
494.223	-18.63
494.583	33.56
494.943	-16.99
495.304	9.69
495.664	15.54
496.024	-0.85
496.384	-22.85
496.744	-2.48
497.105	-4.12
497.465	-1.08
497.825	-0.85
498.185	6.41
498.545	-2.02
498.905	-18.4
499.264	-10.68
499.624	5.01
499.984	1.96
500.344	11.56
500.704	7.11
501.063	-0.61
501.423	-13.02
501.783	2.9
502.142	-12.31
502.502	-8.1
502.861	-12.55
503.221	3.6
503.58	-6.23
503.94	35.43
504.299	15.07
504.658	6.18
505.018	11.79
505.377	-6.46
505.736	-29.17
506.095	-9.97
506.455	38.24
506.814	-11.85
507.173	18.82
507.532	-4.59
507.891	34.5
508.25	-32.68
508.609	17.41
508.968	9.45
509.326	34.03
509.685	12.73
510.044	-30.57
510.403	19.99
510.761	29.35
511.12	-9.97
511.479	-7.87
511.837	12.96
512.196	-4.82
512.554	33.33
512.913	10.39
513.271	21.62
513.63	10.86
513.988	4.07
514.346	1.96
514.705	12.96
515.063	-6.46
515.421	11.09
515.779	18.35
516.138	8.05
516.496	4.3
516.854	-0.38
517.212	22.79
517.57	-5.53
517.928	-0.14
518.286	15.3
518.643	8.05
519.001	29.35
519.359	8.28
519.717	-3.42
520.075	11.09
520.432	-13.02
520.79	20.92
521.148	6.64
521.505	2.67
521.863	20.92
522.22	13.43
522.578	-19.8
522.935	-14.89
523.292	-0.38
523.65	-47.89
524.007	9.69
524.364	-9.04
524.722	6.41
525.079	-0.61
525.436	19.99
525.793	18.58
526.15	-9.04
526.507	13.9
526.864	40.35
527.221	-7.16
527.578	-6.46
527.935	0.33
528.292	17.41
528.649	-10.44
529.005	21.16
529.362	23.26
529.719	10.62
530.076	18.35
530.432	-6.93
530.789	0.79
531.145	-5.29
531.502	4.54
531.858	-2.02
532.215	10.39
532.571	-4.12
532.928	26.54
533.284	1.26
533.64	5.94
533.996	4.3
534.353	7.11
534.709	-13.95
535.065	1.03
535.421	19.05
535.777	3.84
536.133	-20.51
536.489	-11.14
536.845	34.03
537.201	24.2
537.557	11.09
537.912	36.37
538.268	4.54
538.624	1.5
538.98	19.99
539.335	35.67
539.691	-8.33
540.047	-12.55
540.402	-28.23
540.758	-2.02
541.113	170.95
541.469	18.11
541.824	-28
542.179	19.28
542.535	-7.87
542.89	22.33
543.245	-7.63
543.6	33.33
543.955	-3.65
544.311	16.47
544.666	-0.61
545.021	20.69
545.376	23.5
545.731	-9.51
546.086	-9.04
546.44	-9.74
546.795	-26.12
547.15	21.39
547.505	27.71
547.86	5.24
548.214	3.13
548.569	15.07
548.924	23.5
549.278	11.33
549.633	-25.65
549.987	-11.61
550.342	8.05
550.696	-6.46
551.05	18.35
551.405	11.56
551.759	49.71
552.113	-10.21
552.468	11.33
552.822	-11.61
553.176	0.56
553.53	12.5
553.884	7.81
554.238	7.58
554.592	19.99
554.946	-10.91
555.3	-8.8
555.654	13.2
556.008	-14.42
556.361	-16.99
556.715	41.28
557.069	14.37
557.423	-13.25
557.776	-2.72
558.13	9.69
558.483	-29.63
558.837	15.54
559.19	34.5
559.544	34.73
559.897	-5.76
560.251	28.65
560.604	18.11
560.957	-16.76
561.31	30.28
561.664	14.6
562.017	7.58
562.37	1.03
562.723	12.96
563.076	19.05
563.429	-18.87
563.782	19.28
564.135	34.26
564.488	11.09
564.841	15.3
565.193	-19.1
565.546	5.01
565.899	15.3
566.252	29.35
566.604	-15.12
566.957	-16.06
567.309	5.47
567.662	-10.21
568.014	8.52
568.367	-0.14
568.719	7.35
569.072	1.03
569.424	0.79
569.776	-12.31
570.129	34.73
570.481	-12.08
570.833	-31.74
571.185	6.18
571.537	21.16
571.889	8.99
572.241	32.16
572.593	6.41
572.945	-11.61
573.297	-8.57
573.649	-0.61
574.001	-6.93
574.352	39.18
574.704	8.99
575.056	-30.1
575.407	-9.74
575.759	-19.8
576.111	4.77
576.462	6.64
576.814	8.99
577.165	-9.97
577.516	-2.72
577.868	0.09
578.219	7.81
578.57	17.88
578.922	26.77
579.273	12.26
579.624	-24.95
579.975	13.67
580.326	2.43
580.677	29.11
581.028	18.35
581.379	0.33
581.73	9.45
582.081	-0.38
582.432	8.75
582.783	1.03
583.133	-9.97
583.484	29.35
583.835	9.22
584.185	-15.36
584.536	1.03
584.886	8.52
585.237	3.13
585.587	-2.02
585.938	-28
586.288	1.5
586.639	16.71
586.989	0.09
587.339	5.24
587.689	10.62
588.04	7.58
588.39	13.67
588.74	10.16
589.09	-7.16
589.44	1.96
589.79	20.69
590.14	17.88
590.49	10.62
590.84	32.86
591.189	-7.63
591.539	6.88
591.889	1.5
592.239	-24.72
592.588	15.3
592.938	14.84
593.287	-2.72
593.637	-3.89
593.987	-28.46
594.336	19.52
594.685	10.86
595.035	19.52
595.384	16.01
595.733	8.05
596.083	1.5
596.432	20.45
596.781	15.07
597.13	5.47
597.479	-33.61
597.828	5.24
598.177	20.92
598.526	1.73
598.875	4.77
599.224	-16.53
599.573	-4.82
599.922	14.13
600.27	16.01
600.619	10.16
600.968	-17.93
601.316	9.22
601.665	15.77
602.013	-4.59
602.362	27.48
602.71	1.73
603.059	-12.78
603.407	-0.38
603.756	12.26
604.104	-18.4
604.452	-10.68
604.8	34.97
605.148	-6.7
605.497	19.28
605.845	32.39
606.193	4.77
606.541	17.41
606.889	12.73
607.237	31.69
607.584	-8.1
607.932	19.99
608.28	5.94
608.628	-9.51
608.976	10.86
609.323	30.99
609.671	-0.61
610.018	7.11
610.366	-1.55
610.713	26.54
611.061	1.96
611.408	-14.42
611.756	16.47
612.103	38.24
612.45	-12.55
612.798	22.56
613.145	3.13
613.492	1.96
613.839	11.33
614.186	11.56
614.533	7.35
614.88	8.05
615.227	-7.87
615.574	8.05
615.921	9.69
616.268	-4.12
616.615	21.86
616.961	12.96
617.308	-2.02
617.655	12.03
618.001	9.22
618.348	5.24
618.695	-17.93
619.041	1.5
619.387	3.6
619.734	24.43
620.08	15.54
620.427	-13.72
620.773	-1.55
621.119	3.13
621.465	-1.55
621.811	4.54
622.158	-4.12
622.504	-10.91
622.85	10.39
623.196	-14.19
623.542	21.16
623.888	-5.06
624.233	9.69
624.579	23.96
624.925	27.94
625.271	30.28
625.616	-1.31
625.962	7.58
626.308	13.2
626.653	8.52
626.999	-2.95
627.344	16.71
627.69	12.03
628.035	-5.29
628.38	5.47
628.726	-28.23
629.071	15.3
629.416	-8.8
629.761	16.71
630.107	3.84
630.452	-25.19
630.797	51.35
631.142	20.69
631.487	5.94
631.832	4.77
632.176	0.09
632.521	12.26
632.866	0.79
633.211	4.07
633.556	-6.7
633.9	12.96
634.245	-6.46
634.589	6.41
634.934	23.96
635.278	6.41
635.623	-1.08
635.967	-15.59
636.312	8.28
636.656	18.82
637	0.33
637.345	16.47
637.689	9.69
638.033	21.39
638.377	16.47
638.721	6.88
639.065	9.92
639.409	9.69
639.753	14.6
640.097	13.2
640.441	15.77
640.785	24.67
641.128	25.37
641.472	7.11
641.816	15.07
642.159	6.18
642.503	13.67
642.847	-0.61
643.19	-6.23
643.534	-17.93
643.877	5.94
644.22	-2.25
644.564	28.41
644.907	1.73
645.25	-13.95
645.593	29.11
645.937	15.3
646.28	23.03
646.623	13.67
646.966	16.71
647.309	20.69
647.652	-3.19
647.995	-6.46
648.337	-9.51
648.68	8.75
649.023	-32.21
649.366	-18.63
649.708	-23.55
650.051	-26.12
650.394	-20.51
650.736	23.26
651.079	-13.25
651.421	-11.85
651.764	-5.99
652.106	-27.29
652.448	4.77
652.791	24.67
653.133	5.24
653.475	-9.74
653.817	-7.63
654.159	-5.53
654.501	6.88
654.843	3.37
655.185	9.45
655.527	8.28
655.869	5.01
656.211	-11.85
656.553	-10.44
656.895	19.52
657.236	11.79
657.578	16.01
657.92	5.24
658.261	-1.08
658.603	13.43
658.944	25.6
659.286	-22.14
659.627	30.75
659.969	3.6
660.31	-18.87
660.651	3.84
660.993	10.16
661.334	10.86
661.675	-9.74
662.016	11.56
662.357	-1.31
662.698	16.71
663.039	9.45
663.38	5.01
663.721	7.58
664.062	12.03
664.402	-4.59
664.743	7.58
665.084	-16.76
665.425	-12.55
665.765	30.05
666.106	6.41
666.446	1.96
666.787	-14.89
667.127	2.43
667.468	7.81
667.808	-32.68
668.148	2.9
668.489	6.88
668.829	9.45
669.169	8.75
669.509	8.52
669.849	-17.7
670.189	6.41
670.529	19.05
670.869	-8.33
671.209	8.52
671.549	-11.38
671.889	10.39
672.229	-4.82
672.568	4.3
672.908	2.2
673.248	-4.82
673.587	-53.04
673.927	-5.06
674.266	16.47
674.606	-15.59
674.945	4.77
675.285	14.6
675.624	19.05
675.963	-11.61
676.302	21.62
676.642	-17.93
676.981	27.71
677.32	4.3
677.659	7.11
677.998	-5.99
678.337	20.69
678.676	8.05
679.015	-5.53
679.354	-6.93
679.692	-26.59
680.031	13.67
680.37	-19.8
680.708	23.03
681.047	18.35
681.386	6.18
681.724	1.5
682.063	1.73
682.401	-5.76
682.739	1.5
683.078	16.24
683.416	-6.23
683.754	-0.14
684.093	22.33
684.431	18.11
684.769	12.03
685.107	12.26
685.445	-5.99
685.783	2.67
686.121	-11.85
686.459	-0.14
686.797	1.26
687.134	-2.48
687.472	8.52
687.81	3.84
688.148	-2.25
688.485	16.47
688.823	13.9
689.16	29.82
689.498	12.96
689.835	9.92
690.173	6.64
690.51	7.11
690.847	0.09
691.185	6.18
691.522	-30.1
691.859	-0.61
692.196	16.47
692.533	10.16
692.87	12.96
693.207	-9.97
693.544	10.86
693.881	-14.89
694.218	13.43
694.555	22.56
694.891	11.56
695.228	15.07
695.565	11.56
695.901	4.54
696.238	-4.12
696.574	26.54
696.911	-4.12
697.247	32.16
697.584	-13.02
697.92	8.52
698.256	5.71
698.593	1.73
698.929	-5.99
699.265	-12.55
699.601	0.79
699.937	-11.38
700.273	-2.48
700.609	-0.85
700.945	10.62
701.281	6.64
701.617	-9.97
701.953	23.26
702.288	19.52
702.624	-9.04
702.96	16.94
703.295	-28.7
703.631	2.67
703.966	0.56
704.302	-13.25
704.637	-4.59
704.973	1.26
705.308	0.56
705.643	7.11
705.979	-4.36
706.314	5.71
706.649	30.28
706.984	2.67
707.319	-15.59
707.654	-7.87
707.989	12.26
708.324	-22.14
708.659	7.11
708.994	23.73
709.329	12.73
709.663	-8.1
709.998	-5.06
710.333	14.37
710.667	-20.27
711.002	-5.76
711.336	-3.65
711.671	-9.74
712.005	6.41
712.34	-10.68
712.674	5.71
713.008	-5.53
713.342	21.62
713.677	30.05
714.011	-17.7
714.345	7.35
714.679	8.75
715.013	-18.4
715.347	-9.74
715.681	10.62
716.014	16.71
716.348	-13.72
716.682	-14.89
717.016	-33.38
717.349	-16.76
717.683	-44.85
718.017	-35.49
718.35	10.62
718.684	-2.95
719.017	-30.34
719.35	17.88
719.684	25.13
720.017	5.24
720.35	-23.78
720.684	17.65
721.017	-37.36
721.35	26.07
721.683	8.99
722.016	-11.85
722.349	8.75
722.682	0.09
723.015	22.56
723.347	-0.85
723.68	1.03
724.013	-28.23
724.346	20.92
724.678	15.3
725.011	6.18
725.343	5.71
725.676	4.3
726.008	-13.72
726.341	11.79
726.673	-19.57
727.005	9.92
727.338	-5.29
727.67	39.88
728.002	42.22
728.334	-4.59
728.666	-7.16
728.998	-31.27
729.33	13.2
729.662	2.43
729.994	2.9
730.326	-2.72
730.658	12.26
730.989	-4.12
731.321	-9.74
731.653	21.86
731.984	-20.27
732.316	7.35
732.647	8.75
732.979	4.3
733.31	-7.16
733.642	34.73
733.973	-18.17
734.304	-23.31
734.636	-17.93
734.967	3.6
735.298	-3.89
735.629	20.92
735.96	-7.16
736.291	32.16
736.622	-1.08
736.953	-24.25
737.284	-31.74
737.614	-5.76
737.945	10.62
738.276	23.96
738.606	17.88
738.937	18.82
739.268	3.13
739.598	8.28
739.929	-16.99
740.259	-11.38
740.589	16.94
740.92	17.88
741.25	13.2
741.58	2.9
741.91	24.43
742.24	28.88
742.571	-19.8
742.901	13.67
743.231	-27.76
743.561	-11.85
743.89	-4.59
744.22	-5.53
744.55	-15.82
744.88	26.54
745.209	15.77
745.539	-3.89
745.869	-5.06
746.198	-5.76
746.528	11.56
746.857	19.28
747.187	-9.97
747.516	24.67
747.845	-0.61
748.175	12.5
748.504	7.58
748.833	-18.17
749.162	-12.08
749.491	-28.46
749.82	20.45
750.149	4.07
750.478	6.18
750.807	13.43
751.136	-1.31
751.465	30.28
751.793	5.47
752.122	17.88
752.451	23.96
752.779	-22.85
753.108	-12.31
753.436	16.47
753.765	-3.89
754.093	-15.82
754.421	3.6
754.75	-6.46
755.078	1.96
755.406	5.94
755.734	26.54
756.062	-9.27
756.391	11.09
756.719	2.9
757.046	47.6
757.374	22.56
757.702	-16.06
758.03	16.94
758.358	-11.14
758.686	-9.97
759.013	-5.99
759.341	-12.55
759.668	-4.12
759.996	26.07
760.323	24.43
760.651	-26.36
760.978	-17.23
761.306	4.54
761.633	-5.99
761.96	22.79
762.287	10.86
762.614	22.79
762.941	1.26
763.268	1.03
763.595	-12.31
763.922	-7.87
764.249	-1.55
764.576	-17.46
764.903	16.24
765.23	9.45
765.556	18.35
765.883	6.88
766.21	6.64
766.536	-3.65
766.863	21.86
767.189	-5.99
767.516	-5.06
767.842	-27.29
768.168	0.33
768.494	21.86
768.821	23.5
769.147	-2.25
769.473	2.2
769.799	32.39
770.125	-4.82
770.451	-12.78
770.777	12.03
771.103	15.54
771.429	14.37
771.754	-28
772.08	-10.91
772.406	0.33
772.731	-0.61
773.057	7.35
773.382	13.43
773.708	-25.65
774.033	25.84
774.359	-3.19
774.684	7.58
775.009	-5.53
775.334	8.52
775.66	23.03
775.985	25.37
776.31	-2.02
776.635	24.43
776.96	-9.97
777.285	-7.63
777.61	9.92
777.934	-10.21
778.259	12.73
778.584	-1.55
778.909	-16.53
779.233	10.86
779.558	-23.08
779.882	3.6
780.207	12.03
780.531	14.13
780.856	-15.12
781.18	-13.02
781.504	4.77
781.828	-9.27
782.153	4.3
782.477	12.73
782.801	13.67
783.125	-17.46
783.449	16.71
783.773	-16.06
784.097	-6.46
784.42	-26.59
784.744	-6.23
785.068	-21.21
785.392	14.84
785.715	-4.59
786.039	-12.55
786.362	8.28
786.686	-0.85
787.009	21.86
787.333	-3.89
787.656	-12.08
787.979	23.5
788.303	4.3
788.626	18.58
788.949	-6.23
789.272	15.77
789.595	-6.46
789.918	-9.27
790.241	-15.59
790.564	-26.12
790.887	-6.7
791.209	-4.36
791.532	-2.72
791.855	-5.06
792.178	-4.36
792.5	-0.14
792.823	-5.76
793.145	27.24
793.468	8.75
793.79	-1.78
794.112	-33.85
794.435	-3.42
794.757	0.09
795.079	38.48
795.401	-12.78
795.723	-30.1
796.045	-13.02
796.367	-17.7
796.689	8.05
797.011	11.56
797.333	5.71
797.655	9.69
797.976	-18.17
798.298	-6.7
798.62	14.13
798.941	15.07
799.263	9.45
799.584	11.79
799.906	19.99
800.227	6.88
800.548	5.71
800.87	25.6
801.191	1.96
801.512	34.03
801.833	4.07
802.154	13.67
802.475	-12.55
802.796	37.54
803.117	14.13
803.438	1.26
803.759	-14.42
804.08	0.09
804.4	1.73
804.721	-14.65
805.042	12.03
805.362	13.2
805.683	-2.48
806.003	0.33
806.323	23.26
806.644	22.56
806.964	-0.14
807.284	-1.78
807.605	-0.85
807.925	-5.76
808.245	7.35
808.565	5.71
808.885	-25.19
809.205	10.62
809.525	26.77
809.845	13.67
810.164	17.18
810.484	8.75
810.804	-25.65
811.124	2.2
811.443	16.47
811.763	-10.68
812.082	10.16
812.402	7.35
812.721	2.9
813.04	15.77
813.36	-4.12
813.679	7.58
813.998	-6.23
814.317	16.71
814.636	-17.7
814.955	-24.95
815.274	-9.97
815.593	3.37
815.912	-6.46
816.231	-7.87
816.55	-5.06
816.868	14.37
817.187	2.43
817.506	-28.46
817.824	-23.31
818.143	3.37
818.461	5.24
818.78	27.71
819.098	26.07
819.416	17.65
819.735	12.26
820.053	-5.99
820.371	14.37
820.689	7.58
821.007	4.54
821.325	3.84
821.643	-0.85
821.961	6.18
822.279	-32.68
822.597	-6.23
822.914	13.67
823.232	22.09
823.55	-5.76
823.867	-27.76
824.185	-9.27
824.502	27.24
824.82	3.37
825.137	3.84
825.454	-11.14
825.772	4.3
826.089	-13.25
826.406	-16.53
826.723	33.33
827.04	4.54
827.357	-1.55
827.674	0.33
827.991	-1.55
828.308	-12.08
828.625	-7.16
828.942	11.33
829.258	16.47
829.575	-7.4
829.892	-0.14
830.208	11.33
830.525	6.64
830.841	-16.53
831.158	-20.51
831.474	-9.51
831.79	22.79
832.106	-14.89
832.423	-33.14
832.739	-13.48
833.055	-0.14
833.371	20.92
833.687	12.03
834.003	0.79
834.319	20.45
834.635	-1.55
834.95	-5.76
835.266	-11.61
835.582	23.26
835.897	-11.85
836.213	-17.46
836.528	-5.76
836.844	-3.89
837.159	-14.19
837.475	21.16
837.79	31.92
838.105	-4.12
838.42	-2.25
838.735	-6.46
839.051	13.9
839.366	23.73
839.681	16.94
839.996	22.56
840.31	-0.14
840.625	164.63
840.94	-11.85
841.255	21.62
841.569	1.03
841.884	-13.72
842.199	16.71
842.513	11.09
842.828	-6.93
843.142	1.26
843.456	26.31
843.771	-2.72
844.085	-7.4
844.399	40.35
844.713	-5.99
845.027	6.88
845.341	16.94
845.655	2.43
845.969	-20.27
846.283	-10.91
846.597	4.54
846.911	6.64
847.224	6.41
847.538	-13.72
847.852	-6.46
848.165	-1.55
848.479	24.2
848.792	-6.46
849.106	19.75
849.419	17.65
849.732	-30.1
850.046	4.77
850.359	22.56
850.672	-4.36
850.985	0.56
851.298	-27.76
851.611	2.67
851.924	31.45
852.237	-16.99
852.55	22.09
852.862	23.5
853.175	11.79
853.488	44.8
853.8	19.28
854.113	9.69
854.425	7.58
854.738	-18.4
855.05	37.07
855.363	0.56
855.675	25.13
855.987	-6.46
856.299	16.94
856.612	13.2
856.924	11.09
857.236	28.41
857.548	-38.29
857.859	-1.31
858.171	-13.95
858.483	44.8
858.795	9.92
859.107	-5.99
859.418	45.97
859.73	-5.53
860.041	-16.06
860.353	-0.61
860.664	16.24
860.976	7.11
861.287	-25.19
861.598	-3.42
861.91	3.84
862.221	0.33
862.532	19.05
862.843	10.62
863.154	21.16
863.465	-4.59
863.776	20.69
864.087	7.11
864.397	14.13
864.708	-19.8
865.019	7.35
865.329	-1.78
865.64	15.3
865.951	12.73
866.261	23.26
866.571	-13.95
866.882	-5.99
867.192	-9.51
867.502	-27.29
867.813	-7.63
868.123	0.79
868.433	5.47
868.743	-29.63
869.053	1.96
869.363	12.26
869.673	9.92
869.982	1.73
870.292	-17.93
870.602	-3.19
870.912	16.71
871.221	2.43
871.531	1.26
871.84	12.96
872.15	-9.51
872.459	19.75
872.768	-21.21
873.078	-9.51
873.387	13.2
873.696	14.37
874.005	12.96
874.314	-34.55
874.623	-8.1
874.932	30.52
875.241	23.73
875.55	-7.4
875.859	10.16
876.168	9.69
876.476	24.43
876.785	-7.4
877.093	16.47
877.402	15.54
877.71	4.3
878.019	1.73
878.327	0.33
878.636	-12.31
878.944	9.22
879.252	-10.91
879.56	4.77
879.868	-15.12
880.176	-13.95
880.484	-2.95
880.792	-13.72
881.1	-7.16
881.408	-17.46
881.716	-42.27
882.023	-1.78
882.331	7.11
882.639	15.3
882.946	-2.02
883.254	-17.7
883.561	-10.91
883.868	0.79
884.176	-1.31
884.483	6.41
884.79	12.5
885.097	15.77
885.404	-0.85
885.712	8.52
886.019	5.24
886.325	2.9
886.632	5.71
886.939	21.62
887.246	19.52
887.553	5.47
887.859	6.18
888.166	0.79
888.472	-2.02
888.779	5.01
889.085	-16.29
889.392	3.84
889.698	5.71
890.004	2.2
890.311	20.69
890.617	29.58
890.923	2.67
891.229	-1.78
891.535	14.84
891.841	20.22
892.147	-25.89
892.453	2.43
892.759	-11.38
893.064	8.28
893.37	-13.25
893.676	-16.99
893.981	1.03
894.287	1.26
894.592	0.56
894.897	5.94
895.203	23.26
895.508	3.13
895.813	13.67
896.119	25.37
896.424	-25.89
896.729	0.56
897.034	29.11
897.339	-1.78
897.644	19.05
897.948	19.05
898.253	4.77
898.558	2.67
898.863	-2.72
899.167	15.54
899.472	0.33
899.776	-3.89
900.081	-4.12
900.385	-2.25
900.69	7.81
900.994	-6.46
901.298	29.35
901.602	-3.89
901.906	16.24
902.21	-12.31
902.514	29.35
902.818	2.9
903.122	2.43
903.426	-31.04
903.73	-24.48
904.034	15.77
904.337	-0.85
904.641	21.39
904.945	-16.99
905.248	-5.76
905.552	-5.99
905.855	3.84
906.158	11.56
906.462	7.11
906.765	-4.36
907.068	16.01
907.371	9.45
907.674	-9.04
907.977	4.3
908.28	9.69
908.583	-22.14
908.886	3.37
909.189	-20.74
909.491	8.99
909.794	4.07
910.097	-13.02
910.399	28.88
910.702	14.6
911.004	16.24
911.307	32.16
911.609	25.13
911.911	0.79
912.213	33.33
912.516	-2.48
912.818	-11.85
913.12	-12.31
913.422	-3.42
913.724	-5.76
914.026	-6.7
914.327	19.05
914.629	-5.06
914.931	5.47
915.233	5.47
915.534	-37.36
915.836	-23.08
916.137	1.96
916.439	-39
916.74	-4.36
917.041	20.22
917.343	-1.08
917.644	-5.53
917.945	-4.82
918.246	15.3
918.547	-7.63
918.848	6.41
919.149	35.67
919.45	1.96
919.751	-35.95
920.052	43.39
920.352	-0.38
920.653	4.07
920.954	-16.06
921.254	28.41
921.555	-4.36
921.855	-2.72
922.155	14.6
922.456	14.13
922.756	19.28
923.056	-11.38
923.356	-11.85
923.656	25.84
923.956	30.75
924.256	-10.44
924.556	24.67
924.856	3.6
925.156	4.77
925.456	9.22
925.755	-1.78
926.055	-1.08
926.355	-4.12
926.654	-6.93
926.953	-4.12
927.253	25.37
927.552	12.73
927.852	-11.38
928.151	3.6
928.45	3.84
928.749	-5.76
929.048	28.65
929.347	9.92
929.646	26.77
929.945	-12.55
930.244	-31.27
930.543	-8.57
930.841	1.5
931.14	16.47
931.439	-26.59
931.737	17.18
932.036	13.67
932.334	13.9
932.632	-3.19
932.931	2.2
933.229	-2.48
933.527	17.88
933.825	16.01
934.123	-1.08
934.421	17.41
934.719	-5.06
935.017	19.05
935.315	-0.85
935.613	-6.23
935.911	1.73
936.208	20.45
936.506	18.11
936.804	10.86
937.101	-4.82
937.399	-20.51
937.696	-19.57
937.993	-0.85
938.291	6.41
938.588	19.75
938.885	-2.72
939.182	4.07
939.479	-8.8
939.776	-20.97
940.073	6.88
940.37	0.33
940.667	5.47
940.964	6.88
941.26	-3.19
941.557	4.07
941.854	33.79
942.15	0.33
942.447	-11.14
942.743	-22.85
943.039	-14.65
943.336	10.86
943.632	24.9
943.928	19.28
944.224	9.69
944.52	12.96
944.816	6.18
945.112	0.79
945.408	27.01
945.704	-21.91
946	-4.36
946.295	-28.93
946.591	13.9
946.887	23.73
947.182	-1.78
947.478	-13.02
947.773	1.5
948.069	30.05
948.364	11.33
948.659	8.52
948.954	23.96
949.25	24.2
949.545	9.69
949.84	-8.33
950.135	2.67
950.43	0.33
950.724	3.13
951.019	28.88
951.314	11.09
951.609	4.54
951.903	-10.44
952.198	23.5
952.492	9.69
952.787	-22.61
953.081	24.67
953.376	21.16
953.67	-13.72
953.964	8.75
954.258	-25.89
954.552	5.94
954.846	19.99
955.14	19.99
955.434	17.41
955.728	-9.04
956.022	9.22
956.316	20.45
956.609	-9.97
956.903	13.9
957.197	-0.85
957.49	8.99
957.784	3.13
958.077	14.6
958.37	-33.85
958.664	-13.95
958.957	-15.59
959.25	5.01
959.543	6.18
959.836	-10.68
960.129	21.86
960.422	-18.87
960.715	-0.38
961.008	-10.21
961.3	26.77
961.593	-2.95
961.886	4.3
962.178	6.41
962.471	5.47
962.763	10.16
963.056	8.52
963.348	-6.46
963.64	9.92
963.933	-24.25
964.225	-7.4
964.517	-15.12
964.809	-125.36
965.101	-8.1
965.393	15.3
965.685	16.01
965.977	6.41
966.268	-0.85
966.56	6.18
966.852	7.58
967.143	-20.97
967.435	3.84
967.726	5.94
968.018	7.58
968.309	9.45
968.6	10.62
968.891	5.94
969.183	-5.06
969.474	-7.16
969.765	0.79
970.056	9.45
970.347	40.58
970.638	20.45
970.928	16.24
971.219	6.41
971.51	-0.38
971.8	15.3
972.091	17.18
972.382	3.13
972.672	-40.4
972.962	-18.4
973.253	12.26
973.543	23.26
973.833	0.09
974.123	29.35
974.413	1.03
974.704	0.33
974.994	-16.06
975.283	-3.42
975.573	-15.82
975.863	-0.14
976.153	17.65
976.443	7.11
976.732	0.56
977.022	-4.12
977.311	-4.36
977.601	-10.21
977.89	0.56
978.179	-8.33
978.469	-5.53
978.758	7.11
979.047	14.6
979.336	22.56
979.625	-3.65
979.914	4.77
980.203	1.73
980.492	5.94
980.781	9.92
981.069	29.11
981.358	-1.08
981.647	-122.32
981.935	6.18
982.224	12.26
982.512	-37.36
982.8	-3.42
983.089	-29.87
983.377	-12.31
983.665	6.18
983.953	3.6
984.241	15.07
984.529	13.9
984.817	4.77
985.105	-26.83
985.393	9.69
985.681	-6.7
985.969	1.96
986.256	20.92
986.544	6.41
986.831	10.86
987.119	-18.4
987.406	11.33
987.694	4.07
987.981	26.07
988.268	37.31
988.555	9.69
988.842	-10.44
989.129	16.94
989.416	19.99
989.703	25.13
989.99	18.11
990.277	-6.93
990.564	-0.14
990.85	17.18
991.137	-2.48
991.424	-12.78
991.71	-13.02
991.997	-7.16
992.283	-12.78
992.569	3.37
992.856	1.03
993.142	20.92
993.428	-5.76
993.714	2.67
994	17.88
994.286	23.73
994.572	0.33
994.858	30.28
995.144	29.35
995.429	22.79
995.715	-10.21
996.001	19.75
996.286	7.58
996.572	-11.38
996.857	-34.08
997.142	19.05
997.428	1.73
997.713	3.84
997.998	-0.61
998.283	2.43
998.568	0.56
998.853	23.03
999.138	9.45
999.423	-15.12
999.708	-5.53
999.993	10.16
1000.277	-10.44
1000.562	4.54
1000.847	13.43
1001.131	-4.36
1001.415	34.73
1001.7	24.9
1001.984	8.05
1002.268	16.71
1002.553	-12.78
1002.837	-9.27
1003.121	2.43
1003.405	8.28
1003.689	-3.65
1003.973	16.01
1004.257	-21.68
1004.54	-8.8
1004.824	-15.82
1005.108	-6.7
1005.391	-9.04
1005.675	-9.27
1005.958	9.45
1006.242	1.73
1006.525	30.75
1006.808	-1.08
1007.092	-4.82
1007.375	-2.02
1007.658	7.35
1007.941	-5.06
1008.224	-13.72
1008.507	18.82
1008.79	-3.19
1009.073	5.47
1009.355	24.67
1009.638	-0.38
1009.921	15.54
1010.203	7.11
1010.486	-1.08
1010.768	0.09
1011.05	-8.1
1011.333	14.13
1011.615	-8.57
1011.897	8.99
1012.179	22.09
1012.461	14.37
1012.743	22.09
1013.025	-31.51
1013.307	-25.19
1013.589	0.09
1013.871	-7.87
1014.152	3.37
1014.434	27.94
1014.716	-1.08
1014.997	0.56
1015.279	-13.48
1015.56	6.64
1015.841	-12.55
1016.123	0.33
1016.404	5.94
1016.685	18.58
1016.966	1.03
1017.247	16.94
1017.528	8.52
1017.809	15.54
1018.09	11.09
1018.371	5.71
1018.651	9.22
1018.932	-15.12
1019.212	-10.68
1019.493	-10.21
1019.773	15.54
1020.054	3.37
1020.334	22.56
1020.614	14.37
1020.895	14.37
1021.175	14.37
