340.19	24.16
340.564	24.16
340.939	24.16
341.313	9.41
341.687	-11.42
342.061	5.44
342.436	-21.01
342.81	-20.54
343.184	-21.25
343.558	-22.65
343.932	-8.37
344.306	18.54
344.68	8.24
345.054	2.63
345.428	-3.22
345.802	-26.86
346.176	33.99
346.55	-15.4
346.924	-16.57
347.298	-15.63
347.672	-7.2
348.046	-15.86
348.419	33.99
348.793	29.07
349.167	22.05
349.54	9.41
349.914	22.76
350.288	-9.08
350.661	16.2
351.035	16.2
351.408	33.76
351.782	-31.55
352.155	-13.76
352.528	17.37
352.902	-33.42
353.275	-8.37
353.648	-21.01
354.022	-5.33
354.395	2.16
354.768	-21.95
355.141	24.39
355.515	15.73
355.888	-24.76
356.261	25.8
356.634	-12.35
357.007	11.75
357.38	3.56
357.753	-16.8
358.126	18.31
358.499	2.39
358.872	24.16
359.245	-24.52
359.617	-17.27
359.99	-17.97
360.363	8.01
360.736	-25.93
361.108	11.52
361.481	-0.65
361.854	-15.86
362.226	-2.29
362.599	34.46
362.971	-5.57
363.344	-12.59
363.716	3.33
364.089	-1.59
364.461	19.24
364.834	4.03
365.206	11.29
365.578	-3.46
365.951	-4.86
366.323	-2.29
366.695	10.35
367.067	3.56
367.439	29.07
367.812	5.67
368.184	23.69
368.556	27.2
368.928	44.29
369.3	20.18
369.672	48.27
370.044	52.71
370.416	37.5
370.788	78.93
371.159	55.05
371.531	73.31
371.903	74.48
372.275	85.48
372.646	104.21
373.018	136.27
373.39	164.12
373.761	167.4
374.133	192.21
374.505	199
374.876	266.64
375.248	297.07
375.619	338.96
375.991	376.18
376.362	439.6
376.733	473.78
377.105	547.97
377.476	621.93
377.847	696.36
378.219	786.71
378.59	833.52
378.961	925.27
379.332	1063.12
379.703	1170.32
380.074	1260.43
380.445	1380.5
380.816	1552.53
381.187	1731.35
381.558	1822.16
381.929	2001.21
382.3	2135.56
382.671	2338.01
383.042	2542.34
383.413	2718.12
383.784	2805.42
384.154	2936.49
384.525	3072.01
384.896	3175.46
385.266	3288.5
385.637	3264.87
386.008	3379.79
386.378	3378.85
386.749	3323.14
387.119	3229.29
387.49	3233.5
387.86	3124.67
388.23	3030.58
388.601	2864.17
388.971	2767.5
389.341	2631.05
389.712	2503.02
390.082	2366.57
390.452	2230.58
390.822	2138.37
391.192	1992.08
391.562	1849.31
391.933	1741.18
392.303	1673.07
392.673	1598.17
393.043	1475.53
393.412	1379.1
393.782	1281.26
394.152	1206.13
394.522	1152.53
394.892	1073.66
395.262	1040.42
395.631	949.14
396.001	878.69
396.371	789.98
396.74	752.07
397.11	720.94
397.48	679.98
397.849	614.68
398.219	571.61
398.588	542.35
398.958	522.23
399.327	490.63
399.696	464.18
400.066	434.69
400.435	364.47
400.804	392.09
401.174	374.77
401.543	331.47
401.912	319.54
402.281	314.15
402.65	280.21
403.019	250.96
403.389	254.23
403.758	240.89
404.127	213.74
404.496	225.91
404.864	211.64
405.233	189.64
405.602	189.64
405.971	201.81
406.34	162.02
406.709	173.95
407.077	165.53
407.446	155.46
407.815	140.25
408.183	116.38
408.552	109.12
408.92	98.12
409.289	114.74
409.657	92.97
410.026	109.12
410.394	77.06
410.763	114.5
411.131	83.14
411.499	75.18
411.868	70.03
412.236	69.57
412.604	61.37
412.972	77.52
413.341	64.42
413.709	56.22
414.077	58.57
414.445	58.33
414.813	38.9
415.181	36.33
415.549	28.84
415.917	38.44
416.285	20.41
416.653	26.27
417.02	34.93
417.388	27.67
417.756	28.84
418.124	3.56
418.491	-2.05
418.859	23.93
419.227	22.76
419.594	11.75
419.962	4.97
420.329	-12.12
420.697	14.8
421.064	27.67
421.432	48.5
421.799	23.22
422.167	27.44
422.534	25.56
422.901	16.67
423.269	-10.25
423.636	-7.67
424.003	-27.8
424.37	-37.16
424.737	-12.59
425.104	-25.69
425.471	-5.8
425.838	-20.54
426.205	-2.29
426.572	28.14
426.939	-11.65
427.306	-6.97
427.673	-9.08
428.04	6.37
428.407	-8.61
428.773	-10.71
429.14	-3.93
429.507	2.86
429.874	10.82
430.24	9.18
430.607	11.29
430.973	-6.74
431.34	7.54
431.706	-4.4
432.073	1.92
432.439	-21.95
432.806	-9.08
433.172	11.05
433.538	0.05
433.904	-12.82
434.271	3.56
434.637	-3.69
435.003	-8.61
435.369	-8.37
435.735	-18.67
436.101	7.07
436.467	28.84
436.834	23.69
437.199	13.86
437.565	-21.25
437.931	-1.59
438.297	2.86
438.663	4.97
439.029	7.54
439.395	-8.37
439.76	-15.86
440.126	3.8
440.492	-1.12
440.857	-11.18
441.223	9.65
441.588	5.2
441.954	-4.63
442.32	21.82
442.685	14.33
443.05	34.46
443.416	5.2
443.781	-5.8
444.146	15.73
444.512	-12.82
444.877	-13.29
445.242	-15.86
445.607	-5.1
445.973	-10.01
446.338	-16.8
446.703	19.71
447.068	6.84
447.433	-23.35
447.798	-3.22
448.163	13.39
448.528	5.44
448.892	8.48
449.257	22.76
449.622	-15.4
449.987	7.31
450.352	5.9
450.716	-34.35
451.081	2.63
451.446	-4.4
451.81	-22.18
452.175	13.63
452.539	-16.8
452.904	1.92
453.268	-20.31
453.633	-3.46
453.997	-22.89
454.361	-10.95
454.726	-8.37
455.09	8.24
455.454	18.31
455.818	-12.59
456.183	-1.82
456.547	12.46
456.911	-9.31
457.275	-0.42
457.639	-2.99
458.003	6.14
458.367	-16.8
458.731	-16.1
459.095	-0.42
459.459	13.16
459.822	-2.52
460.186	7.78
460.55	2.16
460.914	0.05
461.277	1.22
461.641	8.71
462.005	-13.52
462.368	-36.69
462.732	11.52
463.095	-0.18
463.459	-16.8
463.822	18.31
464.185	-14.23
464.549	40.54
464.912	-15.86
465.275	-0.42
465.639	28.37
466.002	-2.99
466.365	-16.1
466.728	-3.46
467.091	27.9
467.454	6.61
467.818	-6.03
468.181	8.71
468.543	11.52
468.906	-7.91
469.269	-14.23
469.632	-7.91
469.995	-4.4
470.358	-1.59
470.721	-21.25
471.083	-9.78
471.446	-8.37
471.809	13.63
472.171	-23.35
472.534	-28.97
472.896	-31.31
473.259	0.05
473.621	-5.1
473.984	-2.29
474.346	31.18
474.709	-14.46
475.071	0.05
475.433	14.1
475.795	-9.08
476.158	6.14
476.52	11.29
476.882	18.31
477.244	-14.46
477.606	5.9
477.968	-4.86
478.33	-30.61
478.692	-1.82
479.054	-8.37
479.416	-7.67
479.778	20.41
480.14	-28.97
480.502	12.69
480.863	12.92
481.225	-0.88
481.587	-0.88
481.948	14.33
482.31	-17.03
482.671	7.54
483.033	-11.88
483.395	-15.16
483.756	-7.67
484.117	-1.12
484.479	-24.52
484.84	-5.8
485.201	-12.12
485.563	-5.1
485.924	16.67
486.285	-18.2
486.646	8.24
487.008	30.24
487.369	-23.35
487.73	-6.5
488.091	-7.91
488.452	-7.2
488.813	-14.46
489.174	5.9
489.534	-14.46
489.895	-12.12
490.256	-6.74
490.617	-8.84
490.978	-4.16
491.338	-8.84
491.699	-7.44
492.06	9.41
492.42	-32.72
492.781	-21.48
493.141	4.97
493.502	14.56
493.862	-17.27
494.223	-20.78
494.583	4.97
494.943	-41.38
495.304	1.69
495.664	10.12
496.024	-2.05
496.384	-17.03
496.744	16.2
497.105	10.12
497.465	-22.42
497.825	1.92
498.185	4.5
498.545	-2.29
498.905	-7.67
499.264	3.33
499.624	-20.31
499.984	18.54
500.344	0.52
500.704	14.56
501.063	-19.14
501.423	-10.71
501.783	-5.57
502.142	7.07
502.502	4.73
502.861	-5.57
503.221	9.18
503.58	-24.06
503.94	13.63
504.299	4.5
504.658	13.16
505.018	-0.65
505.377	-19.84
505.736	-41.84
506.095	-17.97
506.455	18.07
506.814	20.41
507.173	7.78
507.532	-19.84
507.891	-4.16
508.25	-17.03
508.609	4.5
508.968	-1.59
509.326	11.05
509.685	9.65
510.044	0.52
510.403	15.27
510.761	1.69
511.12	-30.14
511.479	12.92
511.837	4.5
512.196	-7.91
512.554	36.56
512.913	7.07
513.271	9.65
513.63	-21.48
513.988	-3.93
514.346	-16.1
514.705	-27.57
515.063	-8.84
515.421	-2.29
515.779	10.58
516.138	-2.76
516.496	7.54
516.854	-12.35
517.212	-6.74
517.57	-18.91
517.928	8.48
518.286	11.05
518.643	5.9
519.001	-16.33
519.359	2.16
519.717	-18.2
520.075	-23.59
520.432	-10.01
520.79	15.97
521.148	5.67
521.505	4.97
521.863	-1.12
522.22	-2.29
522.578	1.22
522.935	-14.23
523.292	-24.52
523.65	-42.08
524.007	0.99
524.364	-7.2
524.722	8.95
525.079	-5.57
525.436	20.65
525.793	0.75
526.15	13.39
526.507	-18.44
526.864	16.67
527.221	4.26
527.578	-13.99
527.935	10.82
528.292	16.44
528.649	-16.57
529.005	13.16
529.362	-4.86
529.719	13.39
530.076	9.18
530.432	-16.57
530.789	6.14
531.145	11.29
531.502	-32.01
531.858	-27.33
532.215	-6.74
532.571	-5.1
532.928	26.5
533.284	-11.42
533.64	-17.5
533.996	0.99
534.353	-10.25
534.709	-13.05
535.065	-0.88
535.421	-8.37
535.777	-9.54
536.133	-39.27
536.489	-6.97
536.845	14.8
537.201	-21.25
537.557	2.16
537.912	40.54
538.268	2.16
538.624	21.35
538.98	9.65
539.335	2.63
539.691	1.46
540.047	-2.52
540.402	-17.27
540.758	3.8
541.113	179.81
541.469	14.1
541.824	-3.22
542.179	12.92
542.535	-14.93
542.89	-13.29
543.245	-0.88
543.6	12.69
543.955	-20.08
544.311	3.09
544.666	11.05
545.021	18.31
545.376	36.56
545.731	-8.84
546.086	-15.16
546.44	27.2
546.795	-13.52
547.15	16.9
547.505	15.73
547.86	4.5
548.214	8.48
548.569	11.05
548.924	20.41
549.278	-7.44
549.633	-30.14
549.987	-2.99
550.342	1.92
550.696	-12.82
551.05	-2.52
551.405	6.61
551.759	25.56
552.113	-16.33
552.468	-6.27
552.822	-16.1
553.176	6.84
553.53	16.44
553.884	-0.42
554.238	-32.25
554.592	5.44
554.946	-28.74
555.3	11.29
555.654	7.31
556.008	-0.18
556.361	-39.74
556.715	21.58
557.069	18.78
557.423	3.33
557.776	-8.14
558.13	8.95
558.483	-36.23
558.837	0.75
559.19	31.88
559.544	15.27
559.897	14.1
560.251	23.93
560.604	17.37
560.957	-22.89
561.31	25.33
561.664	8.95
562.017	1.69
562.37	11.75
562.723	-9.54
563.076	18.31
563.429	-5.8
563.782	10.58
564.135	-0.88
564.488	16.44
564.841	-26.63
565.193	-26.4
565.546	-6.27
565.899	-13.29
566.252	4.97
566.604	-40.91
566.957	-18.67
567.309	-19.14
567.662	-6.03
568.014	8.01
568.367	-0.65
568.719	11.99
569.072	-3.22
569.424	3.56
569.776	-2.52
570.129	12.92
570.481	-18.91
570.833	-13.29
571.185	-8.84
571.537	9.18
571.889	-10.01
572.241	9.41
572.593	8.95
572.945	-10.48
573.297	-10.25
573.649	-26.4
574.001	-14.69
574.352	11.75
574.704	14.56
575.056	-24.29
575.407	8.95
575.759	-10.95
576.111	0.29
576.462	19.71
576.814	-5.33
577.165	-0.18
577.516	8.95
577.868	-0.42
578.219	3.56
578.57	30.71
578.922	-0.42
579.273	2.86
579.624	-37.4
579.975	-12.12
580.326	-17.5
580.677	34.93
581.028	16.67
581.379	-17.27
581.73	-4.63
582.081	-10.95
582.432	-0.42
582.783	-20.78
583.133	-18.2
583.484	2.16
583.835	8.01
584.185	5.2
584.536	-17.27
584.886	-13.52
585.237	5.44
585.587	3.33
585.938	-23.59
586.288	1.69
586.639	22.29
586.989	23.93
587.339	2.63
587.689	-9.31
588.04	16.9
588.39	-14.69
588.74	2.63
589.09	-4.63
589.44	2.16
589.79	1.22
590.14	4.73
590.49	8.71
590.84	13.39
591.189	-21.71
591.539	7.31
591.889	-11.65
592.239	-1.59
592.588	8.71
592.938	-8.14
593.287	-9.78
593.637	-25.23
593.987	-24.52
594.336	-24.29
594.685	1.92
595.035	-3.46
595.384	3.09
595.733	-10.01
596.083	19.71
596.432	-20.31
596.781	-0.65
597.13	-0.65
597.479	-12.12
597.828	-24.52
598.177	-5.8
598.526	5.44
598.875	-14.23
599.224	-6.97
599.573	1.46
599.922	-10.71
600.27	23.46
600.619	16.67
600.968	9.41
601.316	-17.5
601.665	-7.67
602.013	-25.46
602.362	0.99
602.71	1.46
603.059	-29.91
603.407	3.09
603.756	39.37
604.104	18.54
604.452	24.16
604.8	29.78
605.148	18.07
605.497	-5.1
605.845	5.2
606.193	-1.59
606.541	0.29
606.889	-19.14
607.237	32.12
607.584	4.5
607.932	9.41
608.28	-17.74
608.628	-14.46
608.976	-14.23
609.323	5.9
609.671	-10.01
610.018	25.33
610.366	-1.59
610.713	48.5
611.061	-15.16
611.408	-15.63
611.756	-4.4
612.103	17.37
612.45	-5.1
612.798	-3.22
613.145	18.31
613.492	18.31
613.839	-5.8
614.186	-24.76
614.533	-13.52
614.88	4.03
615.227	-0.65
615.574	-1.35
615.921	-23.59
616.268	5.44
616.615	8.71
616.961	-19.84
617.308	-17.74
617.655	30.71
618.001	18.31
618.348	-2.29
618.695	-19.14
619.041	8.24
619.387	-19.84
619.734	16.44
620.08	-9.78
620.427	4.26
620.773	-9.78
621.119	-10.25
621.465	-12.82
621.811	2.63
622.158	2.16
622.504	0.05
622.85	-3.69
623.196	-13.29
623.542	13.39
623.888	-15.4
624.233	9.18
624.579	22.99
624.925	26.27
625.271	-1.12
625.616	-12.82
625.962	0.52
626.308	15.03
626.653	8.24
626.999	-4.63
627.344	21.12
627.69	3.8
628.035	-6.74
628.38	-8.61
628.726	-3.69
629.071	1.69
629.416	-6.74
629.761	8.71
630.107	4.03
630.452	-24.99
630.797	23.93
631.142	-3.69
631.487	-7.91
631.832	-13.76
632.176	-12.12
632.521	-21.25
632.866	-1.35
633.211	-2.29
633.556	-23.35
633.9	11.29
634.245	-2.29
634.589	0.05
634.934	4.97
635.278	-9.31
635.623	-4.63
635.967	-4.4
636.312	8.01
636.656	0.99
637	-10.71
637.345	8.48
637.689	8.01
638.033	1.22
638.377	20.18
638.721	-16.8
639.065	9.41
639.409	-3.93
639.753	20.18
640.097	4.5
640.441	13.86
640.785	15.03
641.128	15.73
641.472	22.29
641.816	15.73
642.159	-7.2
642.503	8.01
642.847	17.37
643.19	-23.35
643.534	-2.05
643.877	-16.57
644.22	-14.93
644.564	13.16
644.907	-9.31
645.25	-2.76
645.593	34.69
645.937	-1.35
646.28	-11.65
646.623	3.56
646.966	-2.05
647.309	19.01
647.652	-10.01
647.995	-26.4
648.337	-10.01
648.68	-2.52
649.023	-25.69
649.366	-5.8
649.708	-4.4
650.051	-9.78
650.394	-3.22
650.736	-7.67
651.079	-10.71
651.421	-20.54
651.764	-39.27
652.106	-42.31
652.448	-10.95
652.791	15.5
653.133	-7.44
653.475	-18.91
653.817	-10.71
654.159	-13.52
654.501	0.99
654.843	-1.82
655.185	0.52
655.527	-17.97
655.869	13.16
656.211	-32.95
656.553	-2.29
656.895	8.24
657.236	2.39
657.578	-20.31
657.92	-11.18
658.261	-10.71
658.603	-23.82
658.944	0.75
659.286	-7.44
659.627	6.37
659.969	-5.8
660.31	-32.01
660.651	-21.95
660.993	7.07
661.334	18.54
661.675	-3.46
662.016	-16.8
662.357	-16.57
662.698	5.44
663.039	-1.35
663.38	-23.35
663.721	-7.67
664.062	26.73
664.402	-7.67
664.743	-7.67
665.084	-34.59
665.425	-29.2
665.765	11.05
666.106	-4.16
666.446	-1.12
666.787	-5.57
667.127	-2.52
667.468	18.31
667.808	-6.27
668.148	-8.84
668.489	2.86
668.829	16.44
669.169	24.16
669.509	8.48
669.849	-14.93
670.189	5.67
670.529	-8.84
670.869	-4.86
671.209	-12.82
671.549	-22.18
671.889	9.18
672.229	-4.16
672.568	-2.05
672.908	-8.37
673.248	-42.55
673.587	-32.25
673.927	-11.42
674.266	7.31
674.606	-22.42
674.945	-7.67
675.285	5.2
675.624	18.07
675.963	33.99
676.302	7.07
676.642	-4.16
676.981	14.1
677.32	6.37
677.659	-20.78
677.998	-13.76
678.337	4.97
678.676	-1.35
679.015	-14.93
679.354	-18.91
679.692	-13.76
680.031	-1.35
680.37	-3.22
680.708	8.48
681.047	-17.5
681.386	-0.42
681.724	2.86
682.063	9.18
682.401	-6.97
682.739	0.99
683.078	20.88
683.416	5.67
683.754	-6.74
684.093	9.65
684.431	-5.1
684.769	27.67
685.107	6.14
685.445	-27.8
685.783	9.41
686.121	-18.44
686.459	7.31
686.797	-13.05
687.134	-0.65
687.472	6.61
687.81	-22.18
688.148	-35.52
688.485	-1.82
688.823	-2.29
689.16	10.12
689.498	9.65
689.835	13.63
690.173	-18.91
690.51	5.44
690.847	-3.46
691.185	2.16
691.522	-45.59
691.859	-10.48
692.196	2.16
692.533	-25.46
692.87	-5.1
693.207	0.29
693.544	-29.67
693.881	-34.59
694.218	-9.54
694.555	10.82
694.891	29.54
695.228	7.54
695.565	0.05
695.901	3.33
696.238	-35.99
696.574	-5.33
696.911	5.67
697.247	2.16
697.584	-22.42
697.92	-12.59
698.256	-23.12
698.593	10.35
698.929	2.39
699.265	-21.48
699.601	-26.86
699.937	-26.4
700.273	-20.54
700.609	-4.16
700.945	-0.42
701.281	4.26
701.617	-16.8
701.953	0.52
702.288	31.18
702.624	-1.82
702.96	-8.61
703.295	-11.88
703.631	16.44
703.966	12.92
704.302	-6.03
704.637	-10.25
704.973	11.29
705.308	-15.4
705.643	19.01
705.979	-10.01
706.314	2.39
706.649	12.69
706.984	-13.76
707.319	-6.27
707.654	-5.1
707.989	4.97
708.324	-26.63
708.659	7.78
708.994	24.63
709.329	-2.52
709.663	-30.14
709.998	11.05
710.333	13.63
710.667	-14.46
711.002	-41.84
711.336	-29.67
711.671	-15.16
712.005	-5.8
712.34	15.97
712.674	1.22
713.008	-3.22
713.342	10.82
713.677	10.12
714.011	1.22
714.345	12.46
714.679	0.99
715.013	-8.14
715.347	5.9
715.681	3.56
716.014	11.75
716.348	-10.71
716.682	-6.97
717.016	-4.86
717.349	-11.18
717.683	-17.74
718.017	-16.33
718.35	-2.29
718.684	-2.99
719.017	-23.12
719.35	2.86
719.684	-4.86
720.017	3.09
720.35	-21.71
720.684	-8.84
721.017	-16.33
721.35	10.58
721.683	-0.88
722.016	9.41
722.349	15.73
722.682	-5.33
723.015	-22.18
723.347	4.5
723.68	-8.84
724.013	-29.67
724.346	-7.44
724.678	-16.57
725.011	3.33
725.343	-2.99
725.676	18.07
726.008	3.09
726.341	-1.35
726.673	-1.12
727.005	-25.93
727.338	14.1
727.67	18.31
728.002	-0.18
728.334	-4.86
728.666	-3.93
728.998	-27.1
729.33	-24.99
729.662	-6.03
729.994	8.01
730.326	26.5
730.658	20.41
730.989	-20.08
731.321	-21.25
731.653	3.56
731.984	-10.01
732.316	-13.29
732.647	19.24
732.979	19.95
733.31	25.33
733.642	21.35
733.973	-33.65
734.304	-4.16
734.636	-5.1
734.967	-5.57
735.298	4.5
735.629	-3.93
735.96	-2.05
736.291	11.99
736.622	-10.01
736.953	-33.42
737.284	-9.08
737.614	-10.95
737.945	-11.65
738.276	1.46
738.606	-5.57
738.937	-13.29
739.268	-1.35
739.598	-13.52
739.929	-22.42
740.259	-34.59
740.589	-14.23
740.92	-4.86
741.25	12.22
741.58	-9.31
741.91	1.92
742.24	25.1
742.571	-18.44
742.901	-2.99
743.231	-29.2
743.561	6.14
743.89	-4.86
744.22	-2.76
744.55	-28.97
744.88	7.07
745.209	-3.46
745.539	1.69
745.869	-15.4
746.198	3.09
746.528	-6.97
746.857	3.56
747.187	-5.8
747.516	7.78
747.845	-26.4
748.175	-17.03
748.504	-1.59
748.833	-7.44
749.162	-36.69
749.491	-2.29
749.82	-2.05
750.149	23.69
750.478	1.22
750.807	17.37
751.136	-0.65
751.465	25.8
751.793	2.16
752.122	26.27
752.451	33.99
752.779	-30.37
753.108	10.82
753.436	14.56
753.765	4.03
754.093	4.03
754.421	-11.65
754.75	0.29
755.078	-24.99
755.406	13.63
755.734	-6.74
756.062	-33.65
756.391	7.54
756.719	-1.35
757.046	26.97
757.374	-6.97
757.702	-21.25
758.03	-2.52
758.358	-21.95
758.686	-11.65
759.013	5.67
759.341	-42.08
759.668	-10.71
759.996	1.22
760.323	5.2
760.651	-22.65
760.978	11.99
761.306	-2.76
761.633	-2.05
761.96	7.31
762.287	-18.44
762.614	22.99
762.941	-9.78
763.268	-18.2
763.595	-17.97
763.922	-4.86
764.249	-14.23
764.576	-26.4
764.903	8.71
765.23	0.52
765.556	2.86
765.883	-2.29
766.21	16.67
766.536	11.05
766.863	25.8
767.189	0.05
767.516	-13.05
767.842	-21.95
768.168	-1.82
768.494	-15.86
768.821	-2.05
769.147	-19.37
769.473	17.84
769.799	26.27
770.125	8.71
770.451	-1.35
770.777	-0.88
771.103	-3.46
771.429	-4.16
771.754	-9.54
772.08	3.33
772.406	-18.67
772.731	-11.65
773.057	8.95
773.382	16.67
773.708	-25.93
774.033	2.16
774.359	9.65
774.684	-2.99
775.009	-20.54
775.334	-3.46
775.66	9.65
775.985	17.84
776.31	7.07
776.635	0.05
776.96	5.9
777.285	-8.84
777.61	14.1
777.934	-18.2
778.259	-30.84
778.584	10.12
778.909	-27.1
779.233	15.97
779.558	-11.88
779.882	-9.08
780.207	15.97
780.531	10.35
780.856	-29.67
781.18	-43.72
781.504	6.37
781.828	4.03
782.153	-5.1
782.477	-11.42
782.801	-38.57
783.125	-9.54
783.449	0.52
783.773	-39.5
784.097	-16.33
784.42	-17.03
784.744	-21.71
785.068	-7.2
785.392	2.63
785.715	1.46
786.039	-5.33
786.362	-2.29
786.686	-5.8
787.009	19.24
787.333	-13.76
787.656	-13.05
787.979	2.86
788.303	0.75
788.626	11.05
788.949	-15.4
789.272	39.14
789.595	-0.42
789.918	-34.59
790.241	-28.5
790.564	5.9
790.887	-0.65
791.209	12.69
791.532	-4.63
791.855	-10.01
792.178	1.69
792.5	-4.86
792.823	-11.18
793.145	23.22
793.468	-3.69
793.79	-26.4
794.112	-22.65
794.435	9.18
794.757	-28.03
795.079	10.12
795.401	-8.84
795.723	-29.2
796.045	-13.05
796.367	-39.03
796.689	-9.08
797.011	-27.33
797.333	-27.57
797.655	-6.27
797.976	2.63
798.298	10.35
798.62	-21.48
798.941	-3.69
799.263	-8.84
799.584	-2.29
799.906	9.18
800.227	-20.78
800.548	22.76
800.87	-11.18
801.191	22.52
801.512	25.33
801.833	6.84
802.154	-11.18
802.475	-18.67
802.796	19.01
803.117	15.5
803.438	8.71
803.759	-28.74
804.08	-2.29
804.4	11.75
804.721	10.35
805.042	19.71
805.362	-2.52
805.683	1.92
806.003	-21.95
806.323	4.97
806.644	12.69
806.964	-9.54
807.284	-5.1
807.605	0.52
807.925	6.14
808.245	-13.52
808.565	2.39
808.885	-21.71
809.205	-12.59
809.525	12.92
809.845	-8.14
810.164	-9.78
810.484	-24.76
810.804	-12.35
811.124	18.54
811.443	-6.03
811.763	-13.76
812.082	-10.25
812.402	-4.63
812.721	-26.86
813.04	12.92
813.36	-11.18
813.679	5.44
813.998	0.29
814.317	10.58
814.636	-31.78
814.955	-25.23
815.274	-10.25
815.593	11.75
815.912	-12.82
816.231	-25.23
816.55	7.78
816.868	-13.29
817.187	3.8
817.506	-40.44
817.824	7.07
818.143	-7.91
818.461	19.48
818.78	-10.25
819.098	30.95
819.416	0.75
819.735	-11.65
820.053	-4.4
820.371	15.27
820.689	28.37
821.007	14.1
821.325	19.71
821.643	-2.29
821.961	9.65
822.279	-9.78
822.597	-2.52
822.914	5.2
823.232	5.67
823.55	-3.69
823.867	-7.67
824.185	-3.93
824.502	1.92
824.82	-25.69
825.137	9.88
825.454	-10.95
825.772	-10.48
826.089	-10.95
826.406	-18.44
826.723	16.67
827.04	9.18
827.357	-14.23
827.674	-10.01
827.991	17.61
828.308	-24.29
828.625	-11.42
828.942	15.03
829.258	25.8
829.575	-24.06
829.892	-26.63
830.208	2.16
830.525	6.37
830.841	-10.25
831.158	-27.8
831.474	9.18
831.79	16.44
832.106	-25.69
832.423	-34.35
832.739	-18.2
833.055	-6.97
833.371	-26.16
833.687	12.92
834.003	-12.82
834.319	2.63
834.635	-0.88
834.95	14.1
835.266	-12.12
835.582	-0.42
835.897	-11.18
836.213	-10.95
836.528	-21.95
836.844	-5.33
837.159	-19.37
837.475	10.35
837.79	-9.78
838.105	-12.82
838.42	3.8
838.735	-5.33
839.051	-19.61
839.366	2.63
839.681	3.56
839.996	22.52
840.31	0.29
840.625	180.04
840.94	-28.97
841.255	28.61
841.569	-17.97
841.884	-33.65
842.199	-17.03
842.513	1.92
842.828	1.69
843.142	4.26
843.456	6.14
843.771	19.01
844.085	-8.37
844.399	30.71
844.713	-29.44
845.027	5.44
845.341	0.05
845.655	-14.23
845.969	-29.67
846.283	-4.86
846.597	-2.29
846.911	-27.1
847.224	6.84
847.538	-38.33
847.852	4.5
848.165	-18.91
848.479	-5.8
848.792	-9.08
849.106	5.9
849.419	-3.69
849.732	-37.63
850.046	-7.67
850.359	20.88
850.672	-4.86
850.985	13.16
851.298	-38.57
851.611	4.73
851.924	0.75
852.237	-14.23
852.55	8.71
852.862	12.92
853.175	28.14
853.488	30.71
853.8	5.9
854.113	-7.2
854.425	-32.72
854.738	0.99
855.05	34.69
855.363	6.37
855.675	17.84
855.987	-1.12
856.299	24.16
856.612	18.07
856.924	5.44
857.236	-3.22
857.548	-29.67
857.859	-10.01
858.171	-14.23
858.483	23.69
858.795	0.29
859.107	-1.82
859.418	24.63
859.73	-0.65
860.041	-4.4
860.353	-1.35
860.664	8.01
860.976	-15.4
861.287	-4.4
861.598	1.92
861.91	-10.25
862.221	-6.74
862.532	4.03
862.843	1.69
863.154	15.5
863.465	-14.46
863.776	-15.86
864.087	-21.01
864.397	10.82
864.708	3.09
865.019	-22.89
865.329	0.75
865.64	5.2
865.951	1.22
866.261	0.29
866.571	-29.44
866.882	1.22
867.192	6.14
867.502	4.5
867.813	5.9
868.123	-17.74
868.433	-13.05
868.743	-46.52
869.053	-32.95
869.363	-11.88
869.673	-19.14
869.982	-13.05
870.292	-10.71
870.602	-14.93
870.912	-5.33
871.221	-28.27
871.531	-10.48
871.84	15.27
872.15	4.5
872.459	-15.86
872.768	-35.29
873.078	12.46
873.387	7.31
873.696	-15.16
874.005	4.5
874.314	-12.82
874.623	10.35
874.932	22.99
875.241	25.56
875.55	20.18
875.859	13.63
876.168	17.84
876.476	-1.59
876.785	-3.46
877.093	11.75
877.402	-1.82
877.71	-24.99
878.019	-8.84
878.327	-25.23
878.636	-2.52
878.944	-13.99
879.252	-39.5
879.56	-27.33
879.868	-26.4
880.176	-23.35
880.484	-3.22
880.792	-11.88
881.1	7.07
881.408	-11.88
881.716	-15.86
882.023	14.56
882.331	-13.29
882.639	0.05
882.946	4.97
883.254	-28.03
883.561	-0.42
883.868	-19.37
884.176	-8.37
884.483	-25.93
884.79	6.14
885.097	-3.93
885.404	-6.74
885.712	-1.59
886.019	22.29
886.325	15.27
886.632	-11.42
886.939	29.07
887.246	7.54
887.553	-6.27
887.859	16.2
888.166	-6.5
888.472	-10.48
888.779	-2.29
889.085	12.22
889.392	8.48
889.698	28.37
890.004	-8.61
890.311	-10.25
890.617	2.16
890.923	8.95
891.229	1.69
891.535	30.01
891.841	6.37
892.147	-22.89
892.453	11.75
892.759	-6.5
893.064	22.99
893.37	-24.06
893.676	-10.01
893.981	-5.8
894.287	-5.8
894.592	12.69
894.897	0.29
895.203	5.2
895.508	-5.8
895.813	6.14
896.119	16.67
896.424	-0.18
896.729	-10.25
897.034	31.88
897.339	14.1
897.644	35.63
897.948	13.86
898.253	10.35
898.558	-21.01
898.863	17.37
899.167	-11.18
899.472	9.65
899.776	-10.01
900.081	-16.57
900.385	-11.65
900.69	-6.5
900.994	-25.93
901.298	9.18
901.602	-10.95
901.906	16.2
902.21	-7.67
902.514	33.29
902.818	-23.82
903.122	-23.12
903.426	2.39
903.73	-23.35
904.034	4.03
904.337	13.63
904.641	29.31
904.945	-5.33
905.248	-22.65
905.552	-6.74
905.855	1.92
906.158	7.31
906.462	7.07
906.765	-6.03
907.068	7.54
907.371	24.39
907.674	9.88
907.977	3.33
908.28	1.22
908.583	-19.37
908.886	-4.16
909.189	-23.35
909.491	17.84
909.794	-0.18
910.097	-21.48
910.399	19.24
910.702	-2.99
911.004	-6.74
911.307	30.48
911.609	15.27
911.911	-21.95
912.213	24.39
912.516	8.24
912.818	-36.69
913.12	-2.05
913.422	-10.95
913.724	8.71
914.026	7.07
914.327	6.84
914.629	-24.52
914.931	0.75
915.233	-30.61
915.534	-21.48
915.836	-34.35
916.137	-10.71
916.439	5.44
916.74	3.56
917.041	9.18
917.343	-8.37
917.644	-18.2
917.945	2.63
918.246	-4.4
918.547	-5.57
918.848	-12.59
919.149	16.44
919.45	9.41
919.751	1.46
920.052	-0.42
920.352	-8.14
920.653	-21.01
920.954	-24.99
921.254	9.88
921.555	-9.78
921.855	4.73
922.155	-5.33
922.456	8.48
922.756	1.92
923.056	0.52
923.356	-9.78
923.656	22.76
923.956	-18.67
924.256	-16.57
924.556	-4.86
924.856	-10.95
925.156	-8.14
925.456	-4.63
925.755	-17.27
926.055	-3.69
926.355	-16.57
926.654	8.48
926.953	2.63
927.253	9.88
927.552	6.37
927.852	10.58
928.151	-21.25
928.45	16.44
928.749	-18.2
929.048	4.73
929.347	24.63
929.646	-4.16
929.945	10.82
930.244	-10.25
930.543	-12.12
930.841	-9.78
931.14	-5.33
931.439	-35.99
931.737	6.61
932.036	-8.61
932.334	4.26
932.632	-16.1
932.931	9.18
933.229	8.24
933.527	18.07
933.825	29.54
934.123	-12.59
934.421	-5.33
934.719	-2.29
935.017	-1.82
935.315	-3.93
935.613	-14.23
935.911	19.24
936.208	9.18
936.506	-4.63
936.804	-0.65
937.101	9.41
937.399	-20.54
937.696	-40.44
937.993	2.16
938.291	4.5
938.588	-6.97
938.885	-14.93
939.182	15.03
939.479	-3.46
939.776	-7.44
940.073	-17.27
940.37	4.03
940.667	1.46
940.964	-10.48
941.26	11.99
941.557	-10.48
941.854	23.93
942.15	-8.61
942.447	-2.76
942.743	-14.93
943.039	-20.78
943.336	2.86
943.632	4.26
943.928	11.75
944.224	5.67
944.52	-26.4
944.816	-4.16
945.112	0.75
945.408	26.73
945.704	-8.61
946	-15.4
946.295	-13.05
946.591	2.86
946.887	20.65
947.182	2.63
947.478	-7.44
947.773	14.8
948.069	15.27
948.364	1.69
948.659	2.39
948.954	10.12
949.25	34.22
949.545	5.67
949.84	-10.71
950.135	37.5
950.43	11.05
950.724	-19.14
951.019	11.05
951.314	-11.65
951.609	14.8
951.903	-11.65
952.198	21.82
952.492	4.26
952.787	-9.54
953.081	-2.99
953.376	16.67
953.67	-35.99
953.964	-15.16
954.258	-9.78
954.552	-5.33
954.846	-9.78
955.14	-7.44
955.434	-18.44
955.728	15.03
956.022	-10.48
956.316	2.16
956.609	-31.78
956.903	-17.5
957.197	-10.48
957.49	6.14
957.784	-29.91
958.077	-16.8
958.37	-5.57
958.664	-21.01
958.957	-17.03
959.25	-3.93
959.543	16.67
959.836	8.48
960.129	7.07
960.422	-14.93
960.715	0.05
961.008	-10.01
961.3	9.65
961.593	-12.12
961.886	4.73
962.178	-7.2
962.471	-6.03
962.763	12.69
963.056	7.31
963.348	-13.52
963.64	19.01
963.933	-17.03
964.225	-7.44
964.517	5.67
964.809	-133.59
965.101	-19.14
965.393	-3.93
965.685	4.03
965.977	-17.74
966.268	-14.93
966.56	1.69
966.852	-11.42
967.143	-7.67
967.435	-3.22
967.726	-8.84
968.018	-32.48
968.309	-7.44
968.6	-6.97
968.891	29.54
969.183	8.95
969.474	-13.76
969.765	-10.01
970.056	11.05
970.347	14.33
970.638	-29.67
970.928	-6.5
971.219	-32.48
971.51	-4.4
971.8	-21.95
972.091	13.86
972.382	-17.74
972.672	-36.23
972.962	-2.99
973.253	8.48
973.543	-12.35
973.833	0.52
974.123	4.03
974.413	-7.44
974.704	-14.23
974.994	-18.91
975.283	-10.71
975.573	-18.44
975.863	-32.01
976.153	8.48
976.443	-7.67
976.732	-24.99
977.022	8.48
977.311	-11.42
977.601	-16.57
977.89	8.01
978.179	1.22
978.469	-6.74
978.758	1.46
979.047	-0.88
979.336	9.65
979.625	-29.67
979.914	19.24
980.203	-2.52
980.492	-17.74
980.781	-14.23
981.069	15.97
981.358	-22.18
981.647	-126.57
981.935	-12.12
982.224	-2.99
982.512	-25.46
982.8	-27.1
983.089	0.75
983.377	-17.97
983.665	-13.05
983.953	-10.95
984.241	2.86
984.529	4.97
984.817	22.05
985.105	-19.37
985.393	7.31
985.681	-10.01
985.969	-17.5
986.256	19.01
986.544	-0.88
986.831	-2.29
987.119	-7.2
987.406	18.31
987.694	10.35
987.981	5.9
988.268	11.52
988.555	-0.42
988.842	-33.65
989.129	0.99
989.416	-11.42
989.703	3.09
989.99	6.14
990.277	6.37
990.564	-10.25
990.85	29.07
991.137	-19.14
991.424	-18.67
991.71	-8.37
991.997	-2.52
992.283	3.33
992.569	9.65
992.856	-2.52
993.142	6.14
993.428	0.29
993.714	7.31
994	16.44
994.286	-9.78
994.572	2.63
994.858	17.37
995.144	-8.14
995.429	2.63
995.715	-7.44
996.001	4.97
996.286	-10.01
996.572	-16.57
996.857	-24.76
997.142	4.73
997.428	-7.67
997.713	-2.52
997.998	-7.2
998.283	4.5
998.568	2.86
998.853	8.24
999.138	-1.82
999.423	0.52
999.708	6.61
999.993	-31.08
1000.277	14.56
1000.562	3.09
1000.847	7.78
1001.131	-17.74
1001.415	0.75
1001.7	-7.2
1001.984	-11.88
1002.268	-8.37
1002.553	-10.48
1002.837	-10.48
1003.121	-2.05
1003.405	-6.5
1003.689	7.78
1003.973	12.22
1004.257	-17.27
1004.54	-7.44
1004.824	-25.23
1005.108	5.2
1005.391	-17.03
1005.675	8.24
1005.958	-8.14
1006.242	-17.5
1006.525	19.01
1006.808	-17.74
1007.092	-22.42
1007.375	5.9
1007.658	-6.27
1007.941	-8.61
1008.224	-8.14
1008.507	21.82
1008.79	0.52
1009.073	-15.86
1009.355	12.22
1009.638	-2.05
1009.921	-18.91
1010.203	17.84
1010.486	-12.59
1010.768	0.05
1011.05	8.95
1011.333	8.01
1011.615	-12.59
1011.897	14.1
1012.179	14.33
1012.461	11.29
1012.743	-11.42
1013.025	-32.48
1013.307	-27.57
1013.589	-7.67
1013.871	-1.12
1014.152	1.69
1014.434	9.18
1014.716	-0.42
1014.997	-4.16
1015.279	-26.16
1015.56	-24.29
1015.841	8.24
1016.123	-3.93
1016.404	-11.65
1016.685	-7.91
1016.966	-3.69
1017.247	-11.88
1017.528	-18.2
1017.809	-13.05
1018.09	-12.12
1018.371	9.88
1018.651	-13.76
1018.932	6.14
1019.212	-10.25
1019.493	-13.52
1019.773	-12.59
1020.054	9.41
1020.334	29.78
1020.614	-12.82
1020.895	-12.82
1021.175	-12.82
