340.19	14.82
340.564	14.82
340.939	14.82
341.313	25.59
341.687	2.18
342.061	-2.96
342.436	12.72
342.81	7.1
343.184	-12.33
343.558	-17.48
343.932	-18.41
344.306	-9.75
344.68	23.48
345.054	-5.07
345.428	-19.35
345.802	-29.88
346.176	14.59
346.55	-14.9
346.924	-22.63
347.298	-11.62
347.672	-10.22
348.046	-1.56
348.419	9.21
348.793	-11.39
349.167	13.19
349.54	12.01
349.914	13.89
350.288	2.89
350.661	4.53
351.035	21.14
351.408	4.06
351.782	-25.9
352.155	-48.14
352.528	4.29
352.902	-5.54
353.275	-2.73
353.648	-34.33
354.022	3.82
354.395	-18.41
354.768	-19.11
355.141	14.36
355.515	-1.56
355.888	-13.26
356.261	8.04
356.634	20.44
357.007	18.57
357.38	1.25
357.753	-11.62
358.126	-3.9
358.499	-4.13
358.872	13.65
359.245	-25.9
359.617	-19.58
359.99	-17.01
360.363	10.14
360.736	-28.24
361.108	0.78
361.481	16.93
361.854	-3.2
362.226	8.27
362.599	-14.2
362.971	1.72
363.344	6.87
363.716	-5.77
364.089	-15.37
364.461	15.76
364.834	-11.16
365.206	-1.33
365.578	22.08
365.951	-16.07
366.323	-9.75
366.695	-2.5
367.067	5.23
367.439	30.04
367.812	-3.43
368.184	23.25
368.556	17.4
368.928	33.78
369.3	23.25
369.672	63.74
370.044	56.95
370.416	40.8
370.788	48.76
371.159	28.63
371.531	71.23
371.903	78.95
372.275	62.8
372.646	102.59
373.018	137.23
373.39	156.89
373.761	181.47
374.133	206.05
374.505	187.79
374.876	240.69
375.248	288.43
375.619	312.54
375.991	337.35
376.362	437.52
376.733	476.38
377.105	551.27
377.476	611.43
377.847	654.96
378.219	749.05
378.59	826.99
378.961	944.02
379.332	1045.13
379.703	1132.2
380.074	1257.18
380.445	1390.36
380.816	1546.47
381.187	1725.76
381.558	1860.57
381.929	2008.02
382.3	2209.31
382.671	2341.55
383.042	2493.92
383.413	2650.27
383.784	2827.45
384.154	2961.09
384.525	3067.58
384.896	3175.25
385.266	3282.45
385.637	3267.23
386.008	3351.49
386.378	3339.09
386.749	3323.87
387.119	3273.79
387.49	3207.55
387.86	3124.46
388.23	3021.48
388.601	2874.49
388.971	2771.27
389.341	2643.25
389.712	2485.26
390.082	2356.53
390.452	2171.86
390.822	2109.37
391.192	2006.15
391.562	1846.76
391.933	1727.86
392.303	1665.6
392.673	1559.58
393.043	1467.83
393.412	1390.59
393.782	1250.86
394.152	1194.22
394.522	1161.92
394.892	1083.28
395.262	1037.87
395.631	938.4
396.001	885.74
396.371	775.97
396.74	759.11
397.11	715.35
397.48	681.64
397.849	641.38
398.219	573.04
398.588	535.59
398.958	517.34
399.327	510.55
399.696	455.31
400.066	415.29
400.435	409.44
400.804	378.78
401.174	370.82
401.543	323.77
401.912	333.14
402.281	320.03
402.65	264.09
403.019	264.09
403.389	251.69
403.758	230.62
404.127	223.13
404.496	245.37
404.864	206.05
405.233	202.3
405.602	200.19
405.971	158.3
406.34	153.15
406.709	153.85
407.077	168.6
407.446	134.66
407.815	141.68
408.183	127.87
408.552	131.38
408.92	110.79
409.289	106.1
409.657	101.42
410.026	118.98
410.394	86.21
410.763	116.4
411.131	75.68
411.499	69.83
411.868	92.06
412.236	60
412.604	59.29
412.972	91.36
413.341	53.91
413.709	68.19
414.077	42.44
414.445	34.72
414.813	56.25
415.181	29.57
415.549	36.36
415.917	29.8
416.285	4.29
416.653	13.89
417.02	13.19
417.388	26.06
417.756	8.74
418.124	15.99
418.491	10.84
418.859	17.4
419.227	45.48
419.594	15.53
419.962	2.42
420.329	13.89
420.697	26.53
421.064	26.29
421.432	54.85
421.799	23.48
422.167	11.08
422.534	29.1
422.901	8.5
423.269	1.01
423.636	-12.56
424.003	-46.73
424.37	-28.48
424.737	-25.67
425.104	-11.16
425.471	-6.01
425.838	0.31
426.205	22.78
426.572	4.53
426.939	-13.03
427.306	19.74
427.673	-18.18
428.04	-4.13
428.407	5.46
428.773	-17.24
429.14	-4.6
429.507	-3.9
429.874	-23.09
430.24	-23.09
430.607	8.27
430.973	2.42
431.34	-6.48
431.706	4.76
432.073	-0.86
432.439	8.27
432.806	-17.48
433.172	-12.79
433.538	-5.07
433.904	-14.9
434.271	-3.43
434.637	7.8
435.003	-20.52
435.369	27.93
435.735	-12.79
436.101	-19.58
436.467	-4.37
436.834	-3.9
437.199	-3.67
437.565	-24.03
437.931	-0.62
438.297	-25.2
438.663	-3.67
439.029	-31.99
439.395	-24.73
439.76	-22.16
440.126	-12.09
440.492	-11.86
440.857	4.06
441.223	-12.79
441.588	8.27
441.954	24.89
442.32	25.36
442.685	14.36
443.05	-5.54
443.416	-0.16
443.781	-11.39
444.146	7.33
444.512	-2.26
444.877	10.38
445.242	3.82
445.607	-17.71
445.973	-21.22
446.338	9.44
446.703	15.29
447.068	9.21
447.433	-4.6
447.798	8.74
448.163	2.65
448.528	1.01
448.892	7.1
449.257	-4.6
449.622	-6.94
449.987	5.23
450.352	-31.75
450.716	-28.71
451.081	-12.09
451.446	-28.01
451.81	-20.75
452.175	-8.58
452.539	-8.58
452.904	-24.26
453.268	-39.48
453.633	-4.84
453.997	-18.88
454.361	21.38
454.726	1.25
455.09	14.36
455.454	0.55
455.818	-9.99
456.183	0.55
456.547	-12.33
456.911	-12.33
457.275	1.01
457.639	-10.69
458.003	9.91
458.367	-30.11
458.731	-6.24
459.095	15.76
459.459	-4.6
459.822	-4.6
460.186	16.93
460.55	-19.35
460.914	-9.99
461.277	4.76
461.641	4.99
462.005	-14.43
462.368	-9.28
462.732	-14.2
463.095	-26.6
463.459	-16.07
463.822	-2.96
464.185	-27.77
464.549	19.04
464.912	7.1
465.275	-0.39
465.639	-2.26
466.002	-9.05
466.365	0.08
466.728	4.29
467.091	27.23
467.454	-0.39
467.818	20.21
468.181	40.1
468.543	6.87
468.906	8.74
469.269	-32.46
469.632	-10.92
469.995	-2.03
470.358	0.31
470.721	-26.14
471.083	-26.37
471.446	-13.03
471.809	-11.62
472.171	-16.31
472.534	-23.33
472.896	-23.33
473.259	-23.09
473.621	-13.03
473.984	1.25
474.346	3.59
474.709	11.55
475.071	-11.39
475.433	15.29
475.795	-0.16
476.158	-17.94
476.52	-8.58
476.882	19.27
477.244	-7.65
477.606	7.57
477.968	-4.37
478.33	-6.94
478.692	-6.24
479.054	-5.31
479.416	-13.73
479.778	-12.09
480.14	-11.16
480.502	-9.52
480.863	1.01
481.225	-34.09
481.587	-10.22
481.948	-13.03
482.31	5.46
482.671	3.12
483.033	-8.11
483.395	-30.82
483.756	-14.43
484.117	6.4
484.479	-3.9
484.84	-9.52
485.201	-13.97
485.563	-10.45
485.924	-14.9
486.285	-14.67
486.646	32.61
487.008	-0.62
487.369	-26.14
487.73	-7.65
488.091	-25.9
488.452	-21.92
488.813	-20.75
489.174	19.97
489.534	-2.5
489.895	-41.35
490.256	-2.03
490.617	-9.52
490.978	-1.79
491.338	-9.99
491.699	18.57
492.06	4.29
492.42	-24.5
492.781	-8.35
493.141	-20.52
493.502	13.65
493.862	-5.07
494.223	-42.29
494.583	6.87
494.943	-24.5
495.304	20.91
495.664	5.23
496.024	-25.9
496.384	-12.56
496.744	6.87
497.105	-12.79
497.465	0.08
497.825	14.59
498.185	-10.69
498.545	-26.84
498.905	-6.94
499.264	-27.77
499.624	-2.73
499.984	-24.97
500.344	-13.73
500.704	-27.31
501.063	-30.82
501.423	-19.11
501.783	-11.86
502.142	1.95
502.502	-14.43
502.861	5.23
503.221	-24.26
503.58	-13.5
503.94	5.46
504.299	-1.79
504.658	-8.82
505.018	17.4
505.377	-5.54
505.736	-33.86
506.095	-20.28
506.455	9.67
506.814	17.4
507.173	-15.37
507.532	-34.33
507.891	12.72
508.25	-14.9
508.609	-5.54
508.968	-8.35
509.326	-7.65
509.685	2.89
510.044	13.42
510.403	3.12
510.761	17.63
511.12	-17.01
511.479	-4.13
511.837	-0.39
512.196	-0.86
512.554	23.48
512.913	5.93
513.271	-2.96
513.63	-31.99
513.988	-15.14
514.346	-10.92
514.705	-15.14
515.063	-13.73
515.421	-5.07
515.779	13.42
516.138	-21.69
516.496	-1.33
516.854	-31.75
517.212	-18.18
517.57	-25.43
517.928	-25.9
518.286	0.78
518.643	23.48
519.001	12.48
519.359	16.46
519.717	-9.75
520.075	-5.77
520.432	4.53
520.79	6.87
521.148	-2.03
521.505	-14.2
521.863	-11.39
522.22	-0.16
522.578	-13.97
522.935	-44.86
523.292	-35.97
523.65	-25.67
524.007	-14.9
524.364	-32.22
524.722	-14.9
525.079	-3.2
525.436	-9.52
525.793	-0.86
526.15	-16.31
526.507	1.72
526.864	-20.99
527.221	-12.09
527.578	-32.22
527.935	-9.28
528.292	-6.01
528.649	-39.48
529.005	-1.56
529.362	-20.28
529.719	9.44
530.076	23.48
530.432	-10.45
530.789	-21.45
531.145	4.29
531.502	-11.39
531.858	-12.33
532.215	1.48
532.571	-22.39
532.928	10.38
533.284	-3.2
533.64	-22.39
533.996	-9.52
534.353	-5.54
534.709	-10.45
535.065	-9.28
535.421	-2.96
535.777	-12.09
536.133	-28.94
536.489	-13.5
536.845	21.61
537.201	-13.26
537.557	7.1
537.912	26.29
538.268	-1.56
538.624	3.82
538.98	0.78
539.335	12.48
539.691	-19.58
540.047	-21.69
540.402	-21.22
540.758	6.16
541.113	166.02
541.469	17.16
541.824	-8.82
542.179	1.48
542.535	-8.58
542.89	6.87
543.245	-24.97
543.6	-2.03
543.955	-20.75
544.311	-20.52
544.666	-17.01
545.021	-9.99
545.376	13.42
545.731	-11.39
546.086	-26.37
546.44	-17.01
546.795	-22.86
547.15	-8.58
547.505	2.65
547.86	-21.45
548.214	-5.07
548.569	-28.94
548.924	11.55
549.278	-5.31
549.633	-28.94
549.987	-4.37
550.342	12.48
550.696	-7.65
551.05	4.53
551.405	-25.43
551.759	1.72
552.113	-23.33
552.468	-20.52
552.822	-15.14
553.176	-22.39
553.53	23.95
553.884	19.74
554.238	-6.71
554.592	7.57
554.946	-13.5
555.3	-16.31
555.654	22.55
556.008	-10.45
556.361	-28.94
556.715	15.76
557.069	9.67
557.423	-0.62
557.776	-20.99
558.13	31.91
558.483	-36.9
558.837	-5.31
559.19	21.14
559.544	1.72
559.897	-19.11
560.251	30.74
560.604	7.1
560.957	-14.2
561.31	15.53
561.664	-7.88
562.017	-4.84
562.37	-16.31
562.723	-0.16
563.076	18.33
563.429	-6.01
563.782	7.8
564.135	3.35
564.488	13.42
564.841	-17.71
565.193	-26.14
565.546	-16.31
565.899	-23.8
566.252	21.61
566.604	-16.31
566.957	-20.75
567.309	-15.37
567.662	12.25
568.014	-2.03
568.367	5.7
568.719	4.29
569.072	-1.09
569.424	-12.79
569.776	-3.9
570.129	3.82
570.481	-5.77
570.833	-13.97
571.185	-13.5
571.537	22.55
571.889	2.42
572.241	18.1
572.593	-25.9
572.945	-28.24
573.297	-13.26
573.649	-8.35
574.001	-20.75
574.352	5.93
574.704	-9.28
575.056	-25.9
575.407	-24.73
575.759	-24.03
576.111	-11.16
576.462	24.89
576.814	9.21
577.165	-18.18
577.516	6.63
577.868	-7.88
578.219	7.33
578.57	9.21
578.922	-3.67
579.273	13.19
579.624	-36.67
579.975	-15.6
580.326	-8.11
580.677	-4.84
581.028	-1.56
581.379	-7.41
581.73	2.65
582.081	-18.41
582.432	-12.56
582.783	7.57
583.133	-20.52
583.484	-18.41
583.835	-14.9
584.185	-24.26
584.536	-9.75
584.886	-21.69
585.237	-23.56
585.587	-18.88
585.938	-15.14
586.288	-11.16
586.639	-13.97
586.989	0.31
587.339	-21.92
587.689	-8.35
588.04	-10.69
588.39	3.12
588.74	-6.24
589.09	10.14
589.44	7.8
589.79	-0.39
590.14	13.42
590.49	26.29
590.84	32.85
591.189	1.48
591.539	10.84
591.889	-24.97
592.239	-16.07
592.588	6.63
592.938	6.87
593.287	-27.31
593.637	-12.79
593.987	-32.69
594.336	-22.63
594.685	-3.9
595.035	10.14
595.384	-5.07
595.733	-11.39
596.083	-15.37
596.432	-37.84
596.781	2.42
597.13	11.78
597.479	-19.11
597.828	-9.75
598.177	13.65
598.526	-9.99
598.875	-5.77
599.224	-27.07
599.573	-25.2
599.922	-2.5
600.27	12.48
600.619	-11.39
600.968	10.14
601.316	-25.2
601.665	23.48
602.013	-28.71
602.362	1.01
602.71	-7.18
603.059	-40.65
603.407	0.55
603.756	15.76
604.104	-5.54
604.452	20.44
604.8	35.19
605.148	-21.22
605.497	-4.37
605.845	-29.41
606.193	-11.39
606.541	-17.01
606.889	-31.52
607.237	5.7
607.584	1.48
607.932	17.87
608.28	-2.5
608.628	-22.16
608.976	1.48
609.323	-19.58
609.671	-7.88
610.018	-0.39
610.366	14.36
610.713	11.31
611.061	-28.01
611.408	-25.2
611.756	2.42
612.103	10.14
612.45	-10.92
612.798	-3.2
613.145	6.63
613.492	9.67
613.839	0.55
614.186	0.55
614.533	-5.54
614.88	-2.96
615.227	-37.37
615.574	-13.5
615.921	-3.43
616.268	-12.56
616.615	10.38
616.961	18.33
617.308	-8.35
617.655	28.4
618.001	6.63
618.348	-11.39
618.695	-39.95
619.041	0.55
619.387	2.89
619.734	21.38
620.08	1.72
620.427	-17.24
620.773	-2.73
621.119	-13.73
621.465	-17.01
621.811	-15.84
622.158	4.06
622.504	-8.11
622.85	-11.39
623.196	-13.03
623.542	-16.07
623.888	-20.05
624.233	-3.43
624.579	-1.56
624.925	6.4
625.271	4.53
625.616	-20.75
625.962	10.84
626.308	-3.9
626.653	5.7
626.999	-5.07
627.344	0.55
627.69	-2.26
628.035	-17.71
628.38	-19.11
628.726	-42.99
629.071	-2.26
629.416	-21.69
629.761	-0.86
630.107	-14.67
630.452	-12.33
630.797	27.23
631.142	-3.43
631.487	-10.92
631.832	-20.75
632.176	-16.07
632.521	4.53
632.866	-14.43
633.211	-4.6
633.556	-20.75
633.9	-1.79
634.245	-23.8
634.589	-30.11
634.934	-4.37
635.278	-2.73
635.623	-6.01
635.967	-8.35
636.312	20.91
636.656	2.42
637	-8.11
637.345	12.95
637.689	2.42
638.033	11.08
638.377	8.5
638.721	-19.35
639.065	-7.88
639.409	-12.09
639.753	-1.56
640.097	-4.6
640.441	-31.75
640.785	14.12
641.128	12.72
641.472	1.95
641.816	16.23
642.159	-6.71
642.503	7.1
642.847	7.1
643.19	-22.16
643.534	-16.54
643.877	-32.46
644.22	-12.09
644.564	-9.28
644.907	-9.28
645.25	-13.97
645.593	12.48
645.937	-20.52
646.28	9.44
646.623	3.12
646.966	-0.16
647.309	-2.5
647.652	-8.58
647.995	-2.73
648.337	-11.62
648.68	-9.99
649.023	-24.26
649.366	-24.26
649.708	-9.05
650.051	-13.03
650.394	-0.16
650.736	-5.31
651.079	-5.77
651.421	-17.71
651.764	-34.8
652.106	-37.84
652.448	-16.77
652.791	2.65
653.133	-23.8
653.475	-32.22
653.817	-14.9
654.159	-17.71
654.501	-24.73
654.843	-12.56
655.185	-9.05
655.527	-4.37
655.869	-3.43
656.211	-16.07
656.553	-0.86
656.895	-4.37
657.236	-22.86
657.578	-8.58
657.92	-21.92
658.261	-11.62
658.603	-3.67
658.944	-3.43
659.286	-35.97
659.627	1.95
659.969	-28.48
660.31	-30.82
660.651	-8.11
660.993	-5.31
661.334	-1.09
661.675	-21.45
662.016	-17.71
662.357	-20.75
662.698	4.76
663.039	-24.5
663.38	-16.31
663.721	-8.35
664.062	3.35
664.402	7.57
664.743	15.76
665.084	-26.14
665.425	-8.11
665.765	2.65
666.106	-5.54
666.446	-13.73
666.787	-26.84
667.127	-20.99
667.468	-1.33
667.808	-29.65
668.148	-18.41
668.489	3.12
668.829	-6.94
669.169	1.25
669.509	-19.35
669.849	-15.6
670.189	18.33
670.529	3.59
670.869	-20.05
671.209	-8.58
671.549	-27.77
671.889	4.99
672.229	-2.26
672.568	-31.75
672.908	-7.88
673.248	-24.26
673.587	-42.99
673.927	-9.52
674.266	-27.54
674.606	-16.77
674.945	-12.56
675.285	-3.43
675.624	-4.6
675.963	5.46
676.302	-2.96
676.642	-39.01
676.981	20.67
677.32	-19.58
677.659	-2.03
677.998	-17.71
678.337	10.14
678.676	-15.84
679.015	-0.16
679.354	-18.65
679.692	-26.37
680.031	13.65
680.37	-12.79
680.708	19.74
681.047	11.31
681.386	-18.18
681.724	-2.26
682.063	0.55
682.401	5.93
682.739	-13.73
683.078	28.63
683.416	5.93
683.754	0.55
684.093	3.35
684.431	2.65
684.769	33.55
685.107	-8.35
685.445	-39.24
685.783	7.1
686.121	-7.88
686.459	-1.33
686.797	-0.62
687.134	-9.99
687.472	-4.13
687.81	-17.01
688.148	-34.09
688.485	-9.05
688.823	-21.69
689.16	3.12
689.498	0.78
689.835	-10.92
690.173	-16.54
690.51	-12.33
690.847	-7.41
691.185	-6.94
691.522	-3.43
691.859	-2.03
692.196	-10.92
692.533	0.31
692.87	5.93
693.207	-15.37
693.544	-23.09
693.881	-24.26
694.218	0.78
694.555	18.1
694.891	-9.75
695.228	-2.5
695.565	-0.62
695.901	-26.37
696.238	-16.31
696.574	-1.33
696.911	-9.75
697.247	-4.84
697.584	-31.99
697.92	-26.14
698.256	-1.56
698.593	-4.6
698.929	-13.5
699.265	-43.69
699.601	-17.01
699.937	-15.37
700.273	-22.63
700.609	-7.18
700.945	-12.33
701.281	8.04
701.617	-24.5
701.953	-13.03
702.288	-1.09
702.624	7.57
702.96	-30.35
703.295	-17.71
703.631	13.89
703.966	7.1
704.302	-11.62
704.637	-6.48
704.973	-17.01
705.308	-32.46
705.643	6.87
705.979	-21.69
706.314	-22.63
706.649	4.29
706.984	-28.71
707.319	-18.88
707.654	-26.14
707.989	-8.35
708.324	-19.82
708.659	7.33
708.994	2.18
709.329	-2.26
709.663	-20.99
709.998	1.01
710.333	-11.39
710.667	-22.63
711.002	-29.65
711.336	-5.31
711.671	-15.14
712.005	-11.62
712.34	17.16
712.674	0.78
713.008	16.46
713.342	-2.96
713.677	-5.54
714.011	-22.16
714.345	21.61
714.679	-18.65
715.013	-19.35
715.347	6.16
715.681	-32.69
716.014	6.16
716.348	-14.2
716.682	-6.24
717.016	-34.8
717.349	-16.31
717.683	-31.05
718.017	-35.73
718.35	2.89
718.684	-31.05
719.017	-20.52
719.35	8.74
719.684	14.59
720.017	-14.2
720.35	-22.39
720.684	-13.97
721.017	-31.05
721.35	1.72
721.683	9.44
722.016	-15.37
722.349	2.42
722.682	-1.79
723.015	14.36
723.347	-6.01
723.68	-22.16
724.013	-36.2
724.346	-10.69
724.678	-11.16
725.011	0.31
725.343	-16.54
725.676	-0.62
726.008	7.1
726.341	19.74
726.673	-28.01
727.005	-17.71
727.338	-7.65
727.67	15.06
728.002	-26.6
728.334	-20.05
728.666	-20.75
728.998	-28.24
729.33	-7.88
729.662	-7.41
729.994	12.01
730.326	17.87
730.658	15.53
730.989	-8.35
731.321	-11.39
731.653	4.99
731.984	4.76
732.316	-28.01
732.647	4.29
732.979	-25.67
733.31	-11.16
733.642	5.46
733.973	-4.6
734.304	-15.84
734.636	-2.26
734.967	5.7
735.298	-4.13
735.629	12.25
735.96	-14.43
736.291	18.33
736.622	-14.9
736.953	-35.26
737.284	-23.33
737.614	-17.94
737.945	0.55
738.276	8.5
738.606	1.48
738.937	-19.82
739.268	-5.54
739.598	13.89
739.929	-8.82
740.259	-16.77
740.589	4.06
740.92	-18.41
741.25	18.1
741.58	-11.62
741.91	17.4
742.24	5.93
742.571	-10.45
742.901	-6.71
743.231	-13.5
743.561	-12.33
743.89	12.95
744.22	-9.05
744.55	-21.69
744.88	11.78
745.209	-16.54
745.539	-21.22
745.869	-3.67
746.198	10.84
746.528	-14.67
746.857	-1.09
747.187	-29.41
747.516	6.87
747.845	-26.37
748.175	-6.01
748.504	-13.73
748.833	-4.84
749.162	-22.16
749.491	-8.35
749.82	15.53
750.149	43.61
750.478	-9.28
750.807	-1.56
751.136	6.16
751.465	8.27
751.793	-16.31
752.122	12.01
752.451	4.53
752.779	-47.9
753.108	-17.71
753.436	-1.79
753.765	8.5
754.093	-23.09
754.421	-19.82
754.75	4.06
755.078	0.78
755.406	8.97
755.734	-6.48
756.062	6.63
756.391	-5.31
756.719	-8.58
757.046	11.78
757.374	-12.56
757.702	-8.82
758.03	9.67
758.358	-33.39
758.686	-31.75
759.013	0.55
759.341	-39.95
759.668	-20.28
759.996	-0.16
760.323	5.93
760.651	-10.22
760.978	-2.5
761.306	-0.86
761.633	-4.37
761.96	12.01
762.287	-18.41
762.614	4.29
762.941	-1.56
763.268	-19.82
763.595	-9.52
763.922	-23.8
764.249	-17.71
764.576	-37.6
764.903	15.06
765.23	-12.56
765.556	16.7
765.883	3.82
766.21	-2.96
766.536	1.95
766.863	15.53
767.189	-18.18
767.516	0.31
767.842	-29.18
768.168	-12.79
768.494	6.63
768.821	-0.39
769.147	-7.41
769.473	-18.18
769.799	5.23
770.125	-12.33
770.451	-23.33
770.777	-10.92
771.103	2.65
771.429	-4.13
771.754	-39.24
772.08	-11.39
772.406	-8.35
772.731	-4.84
773.057	-6.01
773.382	8.04
773.708	-33.39
774.033	1.95
774.359	-22.39
774.684	23.25
775.009	-12.09
775.334	0.31
775.66	26.99
775.985	29.1
776.31	-2.26
776.635	-11.62
776.96	-2.96
777.285	-14.67
777.61	9.67
777.934	0.55
778.259	-27.31
778.584	-8.35
778.909	-11.16
779.233	-3.9
779.558	-6.94
779.882	-0.86
780.207	-6.24
780.531	5.23
780.856	-18.88
781.18	-40.88
781.504	6.16
781.828	4.99
782.153	-13.03
782.477	-5.54
782.801	-13.5
783.125	-11.16
783.449	8.04
783.773	-20.99
784.097	-22.63
784.42	-36.9
784.744	1.25
785.068	-19.35
785.392	-2.26
785.715	0.08
786.039	-19.35
786.362	-5.77
786.686	-9.05
787.009	17.63
787.333	-18.41
787.656	-24.5
787.979	2.89
788.303	-4.6
788.626	3.12
788.949	-18.18
789.272	-0.62
789.595	-12.33
789.918	-8.58
790.241	-43.22
790.564	-18.88
790.887	-10.92
791.209	10.61
791.532	-3.67
791.855	-4.6
792.178	8.74
792.5	-15.14
792.823	-11.86
793.145	11.08
793.468	5.7
793.79	-9.75
794.112	-16.07
794.435	-9.75
794.757	-10.92
795.079	-7.41
795.401	-19.58
795.723	-23.56
796.045	-30.82
796.367	-41.35
796.689	-7.18
797.011	-0.39
797.333	-22.39
797.655	6.16
797.976	-7.41
798.298	-14.43
798.62	-6.48
798.941	15.99
799.263	-33.63
799.584	-18.18
799.906	8.5
800.227	-26.37
800.548	21.85
800.87	-4.37
801.191	-9.05
801.512	8.04
801.833	2.42
802.154	11.31
802.475	-19.11
802.796	5.93
803.117	6.87
803.438	-16.77
803.759	-17.24
804.08	-0.39
804.4	-20.75
804.721	-29.18
805.042	11.08
805.362	15.53
805.683	9.21
806.003	-2.26
806.323	19.74
806.644	29.1
806.964	-12.33
807.284	-31.52
807.605	-2.5
807.925	8.04
808.245	-6.01
808.565	-17.94
808.885	-10.92
809.205	-11.86
809.525	33.78
809.845	-13.5
810.164	-12.56
810.484	-14.67
810.804	-20.75
811.124	-21.92
811.443	14.36
811.763	-15.84
812.082	-0.62
812.402	-10.69
812.721	-13.26
813.04	-0.62
813.36	-6.01
813.679	-11.86
813.998	-2.5
814.317	-10.45
814.636	-12.09
814.955	-13.97
815.274	-8.82
815.593	-7.65
815.912	-4.6
816.231	-14.67
816.55	2.89
816.868	-2.96
817.187	-8.35
817.506	-25.9
817.824	-24.5
818.143	0.78
818.461	-4.6
818.78	-9.05
819.098	7.33
819.416	0.55
819.735	-10.69
820.053	-12.79
820.371	-22.86
820.689	20.21
821.007	-14.2
821.325	13.19
821.643	-12.79
821.961	2.42
822.279	-20.05
822.597	-23.8
822.914	-2.03
823.232	0.78
823.55	7.1
823.867	-19.82
824.185	-23.56
824.502	-19.11
824.82	-12.33
825.137	-1.56
825.454	-14.9
825.772	11.55
826.089	-14.9
826.406	-9.05
826.723	12.25
827.04	-4.84
827.357	-3.67
827.674	-19.82
827.991	-2.5
828.308	-20.99
828.625	-28.24
828.942	-28.01
829.258	-7.88
829.575	-17.94
829.892	-18.41
830.208	6.63
830.525	-11.86
830.841	-13.97
831.158	-4.13
831.474	-18.88
831.79	-9.28
832.106	-33.16
832.423	-38.31
832.739	-16.54
833.055	-11.16
833.371	-2.5
833.687	-3.9
834.003	-3.67
834.319	-12.33
834.635	-15.37
834.95	-2.96
835.266	-25.2
835.582	-3.2
835.897	-13.26
836.213	-30.11
836.528	-8.35
836.844	-31.29
837.159	-15.37
837.475	8.74
837.79	-1.56
838.105	-15.84
838.42	-7.88
838.735	-17.71
839.051	-12.09
839.366	6.63
839.681	10.61
839.996	5.93
840.31	0.55
840.625	198.32
840.94	-24.73
841.255	-2.03
841.569	-26.37
841.884	-43.46
842.199	-19.58
842.513	12.72
842.828	-16.07
843.142	10.38
843.456	4.76
843.771	-6.01
844.085	-6.71
844.399	30.74
844.713	-10.69
845.027	-4.6
845.341	-1.56
845.655	-28.94
845.969	-33.63
846.283	-7.41
846.597	15.53
846.911	-16.31
847.224	-2.26
847.538	-15.37
847.852	1.48
848.165	8.04
848.479	21.85
848.792	-24.97
849.106	15.06
849.419	-13.5
849.732	-27.31
850.046	-10.45
850.359	15.76
850.672	-12.33
850.985	-6.01
851.298	-40.18
851.611	-43.46
851.924	24.65
852.237	-9.28
852.55	10.38
852.862	15.99
853.175	-7.18
853.488	12.72
853.8	8.5
854.113	-7.88
854.425	-30.11
854.738	-24.73
855.05	11.78
855.363	11.55
855.675	4.53
855.987	-14.9
856.299	29.1
856.612	11.08
856.924	-4.84
857.236	-7.88
857.548	-50.71
857.859	-10.92
858.171	-30.58
858.483	32.14
858.795	-0.16
859.107	-0.86
859.418	18.8
859.73	-25.67
860.041	0.31
860.353	9.21
860.664	-16.31
860.976	-8.58
861.287	-26.84
861.598	0.31
861.91	-4.13
862.221	-12.79
862.532	10.14
862.843	-6.01
863.154	19.5
863.465	1.95
863.776	-21.22
864.087	-25.67
864.397	-0.39
864.708	-26.84
865.019	-6.01
865.329	-3.9
865.64	-0.62
865.951	4.76
866.261	-0.86
866.571	-22.39
866.882	-40.65
867.192	-32.69
867.502	-27.31
867.813	-29.41
868.123	-16.77
868.433	20.91
868.743	-18.65
869.053	-5.77
869.363	-1.09
869.673	-21.45
869.982	-14.67
870.292	-4.6
870.602	-2.96
870.912	-10.92
871.221	-7.18
871.531	-13.73
871.84	-7.18
872.15	-9.52
872.459	13.89
872.768	-30.35
873.078	-6.01
873.387	-15.37
873.696	-25.43
874.005	-6.48
874.314	-43.22
874.623	-9.28
874.932	13.89
875.241	4.99
875.55	-4.6
875.859	2.65
876.168	-6.94
876.476	8.27
876.785	-25.43
877.093	25.36
877.402	-8.58
877.71	-21.22
878.019	3.35
878.327	-5.77
878.636	-24.26
878.944	-5.31
879.252	-26.37
879.56	-25.67
879.868	-25.67
880.176	-35.5
880.484	-6.94
880.792	-18.18
881.1	-12.33
881.408	-18.41
881.716	-49.78
882.023	-29.41
882.331	-0.39
882.639	-23.33
882.946	-18.65
883.254	-7.18
883.561	-9.28
883.868	-1.09
884.176	-7.88
884.483	-17.24
884.79	-8.82
885.097	-20.28
885.404	-21.45
885.712	-10.92
886.019	-15.37
886.325	0.31
886.632	-17.24
886.939	10.61
887.246	6.16
887.553	4.06
887.859	2.89
888.166	-17.71
888.472	-5.07
888.779	-4.13
889.085	-15.14
889.392	1.01
889.698	24.89
890.004	-23.56
890.311	9.21
890.617	11.78
890.923	-23.09
891.229	-14.67
891.535	-10.69
891.841	-19.58
892.147	-35.5
892.453	-8.11
892.759	-10.22
893.064	-10.69
893.37	-11.86
893.676	2.42
893.981	-6.71
894.287	-2.03
894.592	-11.62
894.897	3.35
895.203	0.31
895.508	-18.65
895.813	13.65
896.119	13.89
896.424	-12.33
896.729	-8.82
897.034	-4.6
897.339	-22.63
897.644	14.12
897.948	14.82
898.253	-3.67
898.558	-25.2
898.863	1.25
899.167	-20.05
899.472	-12.09
899.776	-20.05
900.081	-9.05
900.385	-11.16
900.69	-16.77
900.994	-14.2
901.298	18.57
901.602	-24.97
901.906	-7.41
902.21	13.89
902.514	-2.96
902.818	6.16
903.122	-9.75
903.426	-16.54
903.73	-28.24
904.034	-21.45
904.337	8.27
904.641	11.08
904.945	-18.18
905.248	-8.35
905.552	-5.31
905.855	-14.9
906.158	2.42
906.462	30.27
906.765	14.36
907.068	-26.37
907.371	13.42
907.674	9.67
907.977	1.48
908.28	20.91
908.583	-27.54
908.886	-0.86
909.189	-14.2
909.491	-18.88
909.794	-7.88
910.097	-27.07
910.399	-4.37
910.702	9.44
911.004	9.21
911.307	4.76
911.609	-9.05
911.911	-20.75
912.213	24.19
912.516	15.06
912.818	-37.6
913.12	-17.24
913.422	-6.94
913.724	-14.9
914.026	-4.84
914.327	13.89
914.629	-20.75
914.931	-11.39
915.233	-13.03
915.534	0.08
915.836	-32.22
916.137	-19.58
916.439	-19.58
916.74	-1.79
917.041	19.97
917.343	-32.22
917.644	-27.07
917.945	13.19
918.246	5.46
918.547	-14.43
918.848	-33.16
919.149	31.44
919.45	-14.43
919.751	-9.75
920.052	23.25
920.352	1.48
920.653	15.06
920.954	-21.22
921.254	-6.71
921.555	-17.94
921.855	12.25
922.155	-14.9
922.456	8.97
922.756	6.16
923.056	-15.14
923.356	-39.24
923.656	16.93
923.956	7.33
924.256	-25.43
924.556	8.5
924.856	-11.16
925.156	-12.09
925.456	1.72
925.755	5.23
926.055	-16.77
926.355	-8.58
926.654	15.99
926.953	-16.31
927.253	12.95
927.552	0.55
927.852	-14.43
928.151	-9.05
928.45	0.08
928.749	-19.11
929.048	-3.9
929.347	1.95
929.646	15.06
929.945	-12.33
930.244	-27.07
930.543	-13.5
930.841	11.55
931.14	8.04
931.439	-28.48
931.737	-10.45
932.036	-7.18
932.334	-4.13
932.632	4.06
932.931	-5.31
933.229	-24.26
933.527	2.18
933.825	5.93
934.123	-17.71
934.421	-9.75
934.719	-2.5
935.017	-3.43
935.315	-0.39
935.613	1.01
935.911	10.61
936.208	11.55
936.506	-20.75
936.804	-5.31
937.101	-17.71
937.399	-29.88
937.696	-33.39
937.993	4.53
938.291	17.4
938.588	8.5
938.885	-13.73
939.182	-13.5
939.479	-8.82
939.776	-6.48
940.073	-0.62
940.37	-11.86
940.667	-6.48
940.964	-9.99
941.26	-12.79
941.557	-13.03
941.854	7.1
942.15	-18.65
942.447	-4.37
942.743	-26.14
943.039	-6.94
943.336	13.42
943.632	2.65
943.928	23.72
944.224	5.46
944.52	-36.2
944.816	0.31
945.112	-4.84
945.408	4.99
945.704	-13.5
946	-26.14
946.295	-13.26
946.591	1.95
946.887	2.18
947.182	-18.65
947.478	7.8
947.773	30.5
948.069	16.23
948.364	1.01
948.659	-0.16
948.954	-10.92
949.25	12.25
949.545	-6.24
949.84	-31.99
950.135	-16.07
950.43	-12.33
950.724	-24.97
951.019	1.95
951.314	-22.86
951.609	-31.05
951.903	-16.07
952.198	7.8
952.492	-1.33
952.787	-44.16
953.081	-12.56
953.376	-16.07
953.67	-38.77
953.964	11.78
954.258	-10.69
954.552	5.46
954.846	-8.11
955.14	-7.41
955.434	5.23
955.728	-7.41
956.022	6.63
956.316	-19.11
956.609	-11.39
956.903	-0.39
957.197	-23.8
957.49	-10.45
957.784	3.35
958.077	-4.37
958.37	-28.01
958.664	-33.63
958.957	-14.2
959.25	-16.54
959.543	-9.75
959.836	-20.28
960.129	-13.5
960.422	-11.86
960.715	-6.24
961.008	-29.18
961.3	7.57
961.593	-9.28
961.886	-9.28
962.178	18.8
962.471	2.18
962.763	-20.75
963.056	-15.14
963.348	-19.82
963.64	3.12
963.933	-35.5
964.225	-3.9
964.517	-27.77
964.809	-108.76
965.101	-32.69
965.393	1.72
965.685	2.18
965.977	-7.18
966.268	-16.07
966.56	-8.82
966.852	1.25
967.143	13.42
967.435	1.01
967.726	-2.03
968.018	-10.22
968.309	-2.26
968.6	1.95
968.891	-3.67
969.183	-4.37
969.474	-12.09
969.765	10.61
970.056	8.5
970.347	3.12
970.638	-32.46
970.928	-14.43
971.219	11.31
971.51	-23.33
971.8	13.65
972.091	-4.37
972.382	-22.39
972.672	-22.86
972.962	-3.9
973.253	0.78
973.543	24.19
973.833	-4.84
974.123	1.72
974.413	3.12
974.704	-34.8
974.994	-34.56
975.283	-13.26
975.573	6.16
975.863	-15.37
976.153	14.12
976.443	-17.94
976.732	-20.52
977.022	-0.62
977.311	-18.65
977.601	-25.9
977.89	-7.65
978.179	-6.71
978.469	-0.86
978.758	5.93
979.047	12.48
979.336	-10.92
979.625	-20.99
979.914	-8.58
980.203	-26.14
980.492	-10.45
980.781	-36.2
981.069	15.99
981.358	-38.07
981.647	-121.63
981.935	-19.11
982.224	3.82
982.512	-16.31
982.8	-21.22
983.089	-10.45
983.377	-37.6
983.665	-9.05
983.953	-3.9
984.241	6.16
984.529	-5.54
984.817	7.33
985.105	-15.6
985.393	2.42
985.681	-37.84
985.969	-12.33
986.256	-4.13
986.544	-18.65
986.831	-30.58
987.119	-30.11
987.406	-7.41
987.694	6.4
987.981	13.19
988.268	-15.14
988.555	10.14
988.842	-23.09
989.129	-8.11
989.416	9.21
989.703	-15.37
989.99	-13.97
990.277	-4.84
990.564	-16.07
990.85	4.99
991.137	-20.05
991.424	4.53
991.71	-37.6
991.997	-14.43
992.283	-16.31
992.569	-13.5
992.856	-1.56
993.142	-2.03
993.428	-17.01
993.714	-13.26
994	11.08
994.286	-8.11
994.572	14.36
994.858	-2.96
995.144	19.97
995.429	5.46
995.715	-15.84
996.001	-14.2
996.286	-1.56
996.572	-6.94
996.857	-9.75
997.142	11.08
997.428	12.01
997.713	-9.28
997.998	8.5
998.283	1.72
998.568	6.87
998.853	0.55
999.138	22.08
999.423	-29.65
999.708	-2.96
999.993	5.7
1000.277	-30.11
1000.562	19.74
1000.847	4.76
1001.131	-25.43
1001.415	24.42
1001.7	-14.67
1001.984	-2.03
1002.268	8.27
1002.553	-39.01
1002.837	-25.67
1003.121	-2.03
1003.405	4.06
1003.689	-17.48
1003.973	3.82
1004.257	-1.33
1004.54	8.97
1004.824	-24.03
1005.108	3.12
1005.391	-14.43
1005.675	1.01
1005.958	1.48
1006.242	-31.99
1006.525	40.57
1006.808	-6.24
1007.092	-22.63
1007.375	-5.77
1007.658	1.25
1007.941	-32.22
1008.224	-1.56
1008.507	-0.86
1008.79	-2.5
1009.073	-9.28
1009.355	-7.18
1009.638	-12.56
1009.921	-25.43
1010.203	6.87
1010.486	-9.52
1010.768	-7.88
1011.05	-41.58
1011.333	1.01
1011.615	-15.84
1011.897	11.08
1012.179	1.25
1012.461	6.16
1012.743	18.57
1013.025	-33.63
1013.307	-6.48
1013.589	-1.09
1013.871	0.08
1014.152	19.27
1014.434	-3.2
1014.716	-19.11
1014.997	-0.16
1015.279	-3.2
1015.56	1.72
1015.841	-19.58
1016.123	-6.01
1016.404	-4.6
1016.685	-13.97
1016.966	-11.62
1017.247	-6.24
1017.528	-22.16
1017.809	-21.69
1018.09	1.95
1018.371	-3.43
1018.651	-19.58
1018.932	-6.48
1019.212	-6.01
1019.493	-9.52
1019.773	-4.13
1020.054	-29.41
1020.334	3.59
1020.614	12.25
1020.895	12.25
1021.175	12.25
