340.19	19.44
340.564	19.44
340.939	19.44
341.313	7.03
341.687	3.52
342.061	-9.58
342.436	-10.29
342.81	-9.82
343.184	-10.52
343.558	-19.88
343.932	-12.39
344.306	6.1
344.68	26.93
345.054	1.65
345.428	6.33
345.802	-34.16
346.176	25.29
346.55	-28.54
346.924	9.84
347.298	4.69
347.672	-12.86
348.046	-11.22
348.419	25.29
348.793	-21.29
349.167	29.74
349.54	-3.26
349.914	18.27
350.288	2.12
350.661	-7.24
351.035	12.42
351.408	11.72
351.782	-21.99
352.155	-22.46
352.528	-0.46
352.902	-30.41
353.275	3.06
353.648	-29.48
354.022	7.5
354.395	17.8
354.768	2.35
355.141	21.55
355.515	15.69
355.888	-40.48
356.261	8.2
356.634	-10.75
357.007	24.35
357.38	3.76
357.753	-6.07
358.126	39.33
358.499	13.82
358.872	36.29
359.245	-4.43
359.617	17.33
359.99	-3.26
360.363	-2.8
360.736	-15.43
361.108	10.31
361.481	27.87
361.854	-12.86
362.226	12.42
362.599	21.55
362.971	8.2
363.344	-3.73
363.716	14.29
364.089	-8.41
364.461	34.89
364.834	7.74
365.206	1.42
365.578	30.67
365.951	9.61
366.323	17.1
366.695	6.1
367.067	1.89
367.439	37.7
367.812	6.1
368.184	23.65
368.556	3.06
368.928	56.42
369.3	38.63
369.672	54.78
370.044	46.59
370.416	42.38
370.788	91.76
371.159	44.02
371.531	78.42
371.903	101.12
372.275	87.08
372.646	102.53
373.018	111.42
373.39	163.62
373.761	167.13
374.133	204.34
374.505	223.07
374.876	262.86
375.248	287.66
375.619	351.56
375.991	322.07
376.362	452.91
376.733	463.44
377.105	565.49
377.476	608.79
377.847	686.49
378.219	761.86
378.59	805.86
378.961	923.59
379.332	1029.61
379.703	1137.28
380.074	1283.56
380.445	1420.48
380.816	1528.85
381.187	1733.65
381.558	1854.89
381.929	1980.11
382.3	2192.39
382.671	2368.4
383.042	2497.6
383.413	2682.27
383.784	2814.04
384.154	2942.77
384.525	3069.39
384.896	3154.35
385.266	3244.46
385.637	3316.55
386.008	3352.13
386.378	3362.43
386.749	3348.15
387.119	3279.34
387.49	3226.91
387.86	3137.27
388.23	3018.13
388.601	2884.96
388.971	2791.1
389.341	2639.2
389.712	2512.81
390.082	2342.89
390.452	2269.63
390.822	2114.69
391.192	2021.3
391.562	1884.85
391.933	1756.12
392.303	1679.11
392.673	1589.94
393.043	1488.36
393.412	1394.97
393.782	1288.01
394.152	1228.09
394.522	1147.81
394.892	1070.11
395.262	1011.12
395.631	932.25
396.001	904.4
396.371	804.22
396.74	780.11
397.11	720.43
397.48	675.49
397.849	643.66
398.219	570.87
398.588	537.17
398.958	536.23
399.327	533.66
399.696	477.01
400.066	443.31
400.435	382.46
400.804	378.24
401.174	366.54
401.543	317.16
401.912	362.56
402.281	294.45
402.65	260.28
403.019	268.71
403.389	245.77
403.758	243.19
404.127	208.09
404.496	222.36
404.864	209.96
405.233	189.83
405.602	200.6
405.971	183.04
406.34	177.19
406.709	183.75
407.077	174.85
407.446	149.34
407.815	143.25
408.183	129.91
408.552	117.98
408.92	107.21
409.289	129.44
409.657	102.06
410.026	110.49
410.394	73.51
410.763	114.47
411.131	94.34
411.499	87.78
411.868	66.95
412.236	76.08
412.604	72.57
412.972	73.27
413.341	54.08
413.709	76.31
414.077	60.16
414.445	39.1
414.813	49.63
415.181	38.16
415.549	33.48
415.917	34.42
416.285	13.12
416.653	37.93
417.02	33.25
417.388	32.08
417.756	26.7
418.124	23.65
418.491	25.29
418.859	24.12
419.227	35.59
419.594	26.93
419.962	26.46
420.329	21.08
420.697	-0.46
421.064	10.55
421.432	69.06
421.799	13.82
422.167	31.38
422.534	27.4
422.901	16.16
423.269	-1.16
423.636	7.74
424.003	-30.88
424.37	-17.31
424.737	-13.8
425.104	13.82
425.471	-20.35
425.838	14.99
426.205	20.14
426.572	12.18
426.939	11.95
427.306	-0.46
427.673	-4.67
428.04	12.89
428.407	-12.86
428.773	-8.41
429.14	2.59
429.507	-21.75
429.874	4.93
430.24	6.33
430.607	18.5
430.973	22.95
431.34	20.61
431.706	1.18
432.073	22.72
432.439	12.65
432.806	-3.03
433.172	-4.9
433.538	15.93
433.904	-21.52
434.271	-4.43
434.637	-0.46
435.003	0.48
435.369	21.31
435.735	-8.65
436.101	-11.22
436.467	13.82
436.834	13.35
437.199	21.08
437.565	-3.5
437.931	19.67
438.297	3.06
438.663	13.82
439.029	14.06
439.395	-49.14
439.76	-13.8
440.126	11.25
440.492	-13.8
440.857	14.99
441.223	7.27
441.588	5.16
441.954	8.91
442.32	25.99
442.685	9.84
443.05	33.72
443.416	-3.5
443.781	10.31
444.146	23.42
444.512	5.16
444.877	-4.9
445.242	-8.88
445.607	-9.58
445.973	8.91
446.338	14.06
446.703	9.61
447.068	15.93
447.433	-20.82
447.798	-16.84
448.163	6.8
448.528	11.01
448.892	-3.26
449.257	29.27
449.622	-16.14
449.987	-11.22
450.352	-4.9
450.716	-24.8
451.081	0.72
451.446	-7.48
451.81	-5.84
452.175	11.48
452.539	11.01
452.904	5.4
453.268	-22.22
453.633	-15.2
453.997	-25.97
454.361	27.4
454.726	-6.77
455.09	19.44
455.454	7.03
455.818	2.35
456.183	-3.03
456.547	-13.33
456.911	-21.99
457.275	-27.61
457.639	-8.88
458.003	-3.03
458.367	-11.69
458.731	-1.16
459.095	-17.31
459.459	27.4
459.822	0.25
460.186	19.67
460.55	-1.63
460.914	3.06
461.277	9.61
461.641	-24.56
462.005	-3.26
462.368	13.35
462.732	1.18
463.095	-0.22
463.459	-6.31
463.822	-24.09
464.185	-28.54
464.549	11.01
464.912	3.99
465.275	-5.37
465.639	33.95
466.002	2.82
466.365	20.61
466.728	5.86
467.091	3.99
467.454	-5.84
467.818	13.35
468.181	8.91
468.543	5.4
468.906	3.29
469.269	-26.67
469.632	-10.52
469.995	0.95
470.358	-8.88
470.721	-7.94
471.083	-4.67
471.446	-19.18
471.809	-12.16
472.171	-11.69
472.534	-7.94
472.896	-24.8
473.259	-10.75
473.621	-2.09
473.984	5.63
474.346	29.97
474.709	2.12
475.071	11.72
475.433	25.52
475.795	10.55
476.158	-13.8
476.52	-1.86
476.882	25.06
477.244	-11.92
477.606	15.23
477.968	15.93
478.33	-10.29
478.692	9.61
479.054	-22.22
479.416	6.8
479.778	15.46
480.14	-34.86
480.502	-24.09
480.863	11.95
481.225	-24.33
481.587	-14.97
481.948	-13.8
482.31	-23.16
482.671	0.25
483.033	6.33
483.395	-3.73
483.756	17.8
484.117	34.65
484.479	-9.82
484.84	-25.26
485.201	-3.5
485.563	7.5
485.924	17.33
486.285	8.91
486.646	11.01
487.008	-1.86
487.369	8.67
487.73	-26.2
488.091	-25.5
488.452	-14.26
488.813	-3.26
489.174	11.48
489.534	3.52
489.895	-25.97
490.256	-5.14
490.617	3.99
490.978	4.93
491.338	3.52
491.699	8.2
492.06	2.12
492.42	-4.67
492.781	-3.5
493.141	-10.05
493.502	-3.26
493.862	-0.69
494.223	-21.75
494.583	13.35
494.943	-30.18
495.304	12.89
495.664	7.03
496.024	-3.73
496.384	-1.86
496.744	11.01
497.105	-2.56
497.465	-7.71
497.825	-4.2
498.185	7.03
498.545	-7.71
498.905	-2.09
499.264	-11.69
499.624	-0.92
499.984	-1.86
500.344	27.87
500.704	14.76
501.063	-12.86
501.423	7.97
501.783	-14.5
502.142	8.44
502.502	0.01
502.861	9.84
503.221	-18.01
503.58	-2.09
503.94	34.42
504.299	7.5
504.658	-10.75
505.018	16.16
505.377	-12.16
505.736	-36.97
506.095	-51.71
506.455	17.33
506.814	-3.26
507.173	5.4
507.532	-18.48
507.891	1.89
508.25	8.44
508.609	13.59
508.968	-4.67
509.326	13.82
509.685	-4.9
510.044	-21.05
510.403	-10.05
510.761	5.86
511.12	-15.67
511.479	21.78
511.837	7.97
512.196	22.48
512.554	11.72
512.913	10.31
513.271	-11.22
513.63	1.65
513.988	-1.63
514.346	-15.9
514.705	13.35
515.063	-29.48
515.421	13.59
515.779	32.55
516.138	6.57
516.496	1.18
516.854	-30.65
517.212	3.99
517.57	-19.88
517.928	-3.03
518.286	-9.12
518.643	-3.03
519.001	1.89
519.359	16.86
519.717	-4.2
520.075	-6.77
520.432	-2.09
520.79	-0.92
521.148	22.48
521.505	-5.14
521.863	1.18
522.22	18.5
522.578	-21.29
522.935	-23.39
523.292	-33.46
523.65	-37.2
524.007	-20.35
524.364	-15.67
524.722	-21.29
525.079	9.38
525.436	-5.37
525.793	-13.56
526.15	-13.8
526.507	16.4
526.864	-8.88
527.221	-13.8
527.578	-11.69
527.935	-3.5
528.292	17.57
528.649	-8.65
529.005	13.59
529.362	21.55
529.719	16.4
530.076	8.2
530.432	27.4
530.789	-13.8
531.145	19.44
531.502	5.4
531.858	5.86
532.215	-10.52
532.571	-19.18
532.928	13.59
533.284	14.99
533.64	1.89
533.996	1.42
534.353	-6.54
534.709	-4.43
535.065	-20.12
535.421	10.08
535.777	30.91
536.133	-21.05
536.489	-2.09
536.845	36.29
537.201	-7.48
537.557	0.72
537.912	41.44
538.268	7.27
538.624	-3.73
538.98	15.93
539.335	29.97
539.691	-11.92
540.047	-17.07
540.402	-28.78
540.758	3.99
541.113	168.06
541.469	-1.39
541.824	-17.31
542.179	11.01
542.535	-6.77
542.89	-0.69
543.245	0.01
543.6	24.35
543.955	-3.26
544.311	7.27
544.666	23.42
545.021	9.38
545.376	38.4
545.731	-35.33
546.086	-20.82
546.44	8.67
546.795	-25.26
547.15	11.72
547.505	8.67
547.86	33.72
548.214	18.04
548.569	-8.65
548.924	10.78
549.278	3.52
549.633	-28.31
549.987	15.46
550.342	17.57
550.696	-21.52
551.05	-3.97
551.405	11.48
551.759	17.1
552.113	-23.63
552.468	17.8
552.822	-9.58
553.176	-5.6
553.53	18.97
553.884	22.95
554.238	-5.84
554.592	8.2
554.946	-29.48
555.3	-0.22
555.654	10.08
556.008	14.29
556.361	-7.01
556.715	10.08
557.069	31.38
557.423	7.74
557.776	5.4
558.13	15.93
558.483	-23.16
558.837	-10.29
559.19	3.99
559.544	15.46
559.897	-12.63
560.251	25.06
560.604	29.04
560.957	-7.71
561.31	23.65
561.664	-7.94
562.017	5.16
562.37	25.99
562.723	3.06
563.076	30.44
563.429	3.29
563.782	-7.01
564.135	13.12
564.488	5.63
564.841	-7.01
565.193	-10.29
565.546	6.57
565.899	-1.86
566.252	9.38
566.604	-18.95
566.957	-27.61
567.309	20.38
567.662	10.55
568.014	27.63
568.367	13.12
568.719	17.1
569.072	5.4
569.424	-19.18
569.776	-8.88
570.129	5.86
570.481	-14.26
570.833	10.31
571.185	-8.88
571.537	13.35
571.889	-22.69
572.241	31.14
572.593	-10.52
572.945	-12.63
573.297	-12.63
573.649	7.03
574.001	-20.58
574.352	16.4
574.704	11.25
575.056	-19.65
575.407	23.65
575.759	5.63
576.111	-12.16
576.462	19.21
576.814	18.27
577.165	-1.86
577.516	-9.12
577.868	13.12
578.219	5.63
578.57	19.44
578.922	18.27
579.273	9.61
579.624	-3.03
579.975	-11.92
580.326	5.86
580.677	23.18
581.028	23.89
581.379	-9.82
581.73	6.1
582.081	-16.37
582.432	23.89
582.783	-10.52
583.133	4.93
583.484	5.4
583.835	25.76
584.185	-9.12
584.536	-15.9
584.886	16.63
585.237	-5.6
585.587	-15.43
585.938	6.33
586.288	6.57
586.639	11.95
586.989	-6.07
587.339	7.27
587.689	-6.77
588.04	20.84
588.39	-25.5
588.74	-4.43
589.09	6.8
589.44	3.06
589.79	22.48
590.14	15.69
590.49	27.16
590.84	28.1
591.189	27.4
591.539	-5.6
591.889	3.76
592.239	18.5
592.588	-4.43
592.938	-8.65
593.287	-10.29
593.637	-20.82
593.987	-6.54
594.336	3.52
594.685	-3.5
595.035	26.46
595.384	-14.03
595.733	-5.6
596.083	-7.24
596.432	-7.48
596.781	2.12
597.13	-12.86
597.479	2.12
597.828	-5.37
598.177	-2.33
598.526	5.86
598.875	12.18
599.224	-35.1
599.573	10.78
599.922	1.42
600.27	16.16
600.619	11.48
600.968	-3.03
601.316	-17.31
601.665	6.57
602.013	-9.12
602.362	14.52
602.71	2.12
603.059	-4.43
603.407	35.59
603.756	16.16
604.104	11.48
604.452	11.95
604.8	14.76
605.148	0.95
605.497	-6.07
605.845	5.4
606.193	-6.07
606.541	9.38
606.889	-22.69
607.237	29.97
607.584	-1.16
607.932	15.46
608.28	-21.52
608.628	-10.99
608.976	-1.86
609.323	19.21
609.671	-3.97
610.018	15.46
610.366	22.72
610.713	15.23
611.061	-19.41
611.408	-14.26
611.756	17.8
612.103	8.91
612.45	-2.8
612.798	25.76
613.145	34.65
613.492	-3.26
613.839	9.14
614.186	-2.8
614.533	0.25
614.88	-7.24
615.227	-0.22
615.574	0.48
615.921	-18.95
616.268	0.48
616.615	7.97
616.961	-4.2
617.308	-10.29
617.655	26.46
618.001	28.1
618.348	-1.86
618.695	-34.86
619.041	11.01
619.387	-14.5
619.734	24.35
620.08	7.27
620.427	11.01
620.773	-7.24
621.119	-17.07
621.465	-24.09
621.811	4.69
622.158	9.61
622.504	-23.86
622.85	9.38
623.196	9.14
623.542	6.33
623.888	-10.52
624.233	15.23
624.579	10.31
624.925	1.18
625.271	11.01
625.616	-11.92
625.962	8.67
626.308	-8.18
626.653	-6.31
626.999	6.1
627.344	12.89
627.69	23.18
628.035	-17.54
628.38	4.46
628.726	-3.73
629.071	-9.35
629.416	-6.77
629.761	12.89
630.107	30.44
630.452	-4.9
630.797	27.87
631.142	25.76
631.487	-10.99
631.832	11.48
632.176	-36.03
632.521	-18.24
632.866	-1.63
633.211	-11.22
633.556	1.42
633.9	20.84
634.245	-0.92
634.589	1.89
634.934	17.57
635.278	8.91
635.623	1.65
635.967	-0.92
636.312	-12.86
636.656	-8.18
637	-3.5
637.345	-13.09
637.689	3.29
638.033	9.14
638.377	-1.16
638.721	-1.86
639.065	27.4
639.409	4.69
639.753	10.31
640.097	7.74
640.441	-8.88
640.785	-1.16
641.128	1.18
641.472	-4.2
641.816	14.52
642.159	2.82
642.503	17.1
642.847	3.29
643.19	-39.07
643.534	-10.99
643.877	-11.92
644.22	9.14
644.564	16.4
644.907	5.63
645.25	-10.29
645.593	7.97
645.937	7.5
646.28	11.72
646.623	6.8
646.966	-2.33
647.309	-15.43
647.652	12.18
647.995	11.95
648.337	-13.56
648.68	-14.97
649.023	-23.16
649.366	-5.6
649.708	-1.16
650.051	2.35
650.394	14.29
650.736	1.65
651.079	-3.5
651.421	-17.31
651.764	-26.2
652.106	-32.52
652.448	4.69
652.791	7.5
653.133	-13.56
653.475	-13.56
653.817	19.67
654.159	-26.9
654.501	-16.6
654.843	-7.48
655.185	1.42
655.527	-3.03
655.869	5.86
656.211	-23.16
656.553	-14.97
656.895	8.91
657.236	-3.5
657.578	4.93
657.92	-22.22
658.261	-8.18
658.603	16.4
658.944	9.14
659.286	6.57
659.627	0.95
659.969	6.57
660.31	-33.69
660.651	11.95
660.993	3.99
661.334	-3.26
661.675	-2.56
662.016	6.57
662.357	-16.6
662.698	-7.01
663.039	-7.48
663.38	-7.24
663.721	3.06
664.062	13.12
664.402	0.72
664.743	22.25
665.084	-21.75
665.425	-7.94
665.765	18.5
666.106	9.61
666.446	-3.5
666.787	-8.41
667.127	2.35
667.468	8.91
667.808	-10.05
668.148	2.82
668.489	23.89
668.829	11.25
669.169	-3.03
669.509	16.86
669.849	-4.67
670.189	21.78
670.529	-10.52
670.869	-0.69
671.209	-4.67
671.549	-15.67
671.889	-3.97
672.229	-17.54
672.568	5.86
672.908	-7.01
673.248	-25.03
673.587	-23.86
673.927	-4.67
674.266	-14.5
674.606	-21.29
674.945	-6.07
675.285	7.03
675.624	13.82
675.963	17.8
676.302	13.59
676.642	-14.73
676.981	34.42
677.32	-1.39
677.659	-5.37
677.998	-2.33
678.337	-3.5
678.676	0.01
679.015	3.29
679.354	-17.31
679.692	-37.67
680.031	22.95
680.37	-13.09
680.708	18.27
681.047	-9.35
681.386	16.4
681.724	-5.84
682.063	-3.03
682.401	-8.88
682.739	-1.63
683.078	-3.97
683.416	-1.16
683.754	24.82
684.093	10.78
684.431	29.04
684.769	35.36
685.107	6.1
685.445	-22.46
685.783	7.27
686.121	-14.26
686.459	-13.8
686.797	11.48
687.134	13.82
687.472	-7.94
687.81	12.65
688.148	-18.95
688.485	-2.33
688.823	-14.26
689.16	16.86
689.498	21.55
689.835	11.48
690.173	0.48
690.51	-1.39
690.847	19.91
691.185	22.72
691.522	-16.84
691.859	-3.26
692.196	2.59
692.533	-2.56
692.87	6.8
693.207	-20.58
693.544	-9.58
693.881	-19.41
694.218	2.59
694.555	14.99
694.891	12.89
695.228	-6.07
695.565	21.78
695.901	-8.88
696.238	-14.73
696.574	13.12
696.911	-15.2
697.247	14.52
697.584	-14.97
697.92	-11.46
698.256	-20.35
698.593	8.2
698.929	-14.26
699.265	-19.65
699.601	-7.48
699.937	-33.46
700.273	-5.14
700.609	-6.54
700.945	-2.33
701.281	-14.73
701.617	-30.18
701.953	10.78
702.288	3.52
702.624	-2.8
702.96	-6.54
703.295	-26.44
703.631	13.82
703.966	4.46
704.302	-15.2
704.637	-0.69
704.973	5.16
705.308	-14.5
705.643	12.89
705.979	-4.43
706.314	-2.56
706.649	15.93
706.984	-15.9
707.319	-3.03
707.654	3.76
707.989	0.25
708.324	4.23
708.659	13.59
708.994	13.35
709.329	-8.18
709.663	-9.35
709.998	-7.48
710.333	-10.52
710.667	-14.5
711.002	-6.54
711.336	-1.86
711.671	0.01
712.005	6.1
712.34	25.99
712.674	22.25
713.008	34.89
713.342	8.44
713.677	15.46
714.011	-13.8
714.345	9.38
714.679	-9.58
715.013	-4.9
715.347	13.82
715.681	-15.9
716.014	8.2
716.348	-4.43
716.682	-21.99
717.016	-26.67
717.349	-31.35
717.683	-23.16
718.017	-21.52
718.35	8.44
718.684	-11.46
719.017	-25.5
719.35	14.76
719.684	11.48
720.017	9.14
720.35	-11.46
720.684	11.01
721.017	-3.5
721.35	19.67
721.683	8.44
722.016	-3.26
722.349	8.44
722.682	-3.5
723.015	0.95
723.347	-21.52
723.68	-22.46
724.013	-13.8
724.346	6.33
724.678	-1.39
725.011	10.31
725.343	-24.8
725.676	13.12
726.008	5.4
726.341	21.55
726.673	-25.73
727.005	-16.37
727.338	-3.03
727.67	40.5
728.002	30.91
728.334	-5.14
728.666	-15.2
728.998	-18.71
729.33	21.08
729.662	14.06
729.994	10.31
730.326	13.82
730.658	-8.41
730.989	-11.46
731.321	-14.73
731.653	-7.94
731.984	0.95
732.316	-0.92
732.647	8.67
732.979	12.89
733.31	-6.31
733.642	-1.16
733.973	-15.43
734.304	11.01
734.636	3.99
734.967	24.35
735.298	-14.5
735.629	15.93
735.96	-13.8
736.291	11.95
736.622	2.59
736.953	-33.22
737.284	-30.65
737.614	-14.5
737.945	-12.63
738.276	19.44
738.606	9.38
738.937	-1.16
739.268	19.67
739.598	-1.86
739.929	-17.31
740.259	-11.92
740.589	8.44
740.92	-0.69
741.25	21.31
741.58	-25.73
741.91	13.35
742.24	11.95
742.571	-12.63
742.901	-11.22
743.231	-34.63
743.561	-15.2
743.89	19.21
744.22	-14.26
744.55	9.38
744.88	27.63
745.209	16.63
745.539	5.63
745.869	-3.26
746.198	24.82
746.528	0.01
746.857	-6.07
747.187	-8.65
747.516	6.1
747.845	-9.12
748.175	-6.77
748.504	-4.2
748.833	1.89
749.162	-7.48
749.491	-17.78
749.82	-5.37
750.149	32.55
750.478	17.1
750.807	2.59
751.136	3.29
751.465	14.76
751.793	9.61
752.122	22.72
752.451	14.29
752.779	-29.95
753.108	2.35
753.436	-4.43
753.765	18.27
754.093	5.86
754.421	-15.67
754.75	-17.31
755.078	2.59
755.406	12.18
755.734	-1.63
756.062	-14.97
756.391	4.23
756.719	-2.09
757.046	27.63
757.374	7.03
757.702	-9.82
758.03	-7.24
758.358	-8.88
758.686	-17.31
759.013	0.48
759.341	-16.14
759.668	-3.97
759.996	29.27
760.323	14.29
760.651	-23.86
760.978	-16.6
761.306	4.93
761.633	-6.77
761.96	5.86
762.287	21.08
762.614	-5.84
762.941	11.01
763.268	-7.48
763.595	-21.75
763.922	-17.54
764.249	2.35
764.576	-13.33
764.903	20.38
765.23	-18.71
765.556	4.93
765.883	5.4
766.21	28.8
766.536	14.99
766.863	13.35
767.189	0.72
767.516	-5.37
767.842	-12.63
768.168	11.25
768.494	-17.54
768.821	8.91
769.147	-10.29
769.473	1.42
769.799	26.7
770.125	10.78
770.451	15.46
770.777	10.31
771.103	-15.43
771.429	0.95
771.754	-25.5
772.08	-7.94
772.406	-24.8
772.731	8.2
773.057	6.57
773.382	17.33
773.708	-21.99
774.033	11.72
774.359	-15.43
774.684	11.48
775.009	-16.37
775.334	-20.35
775.66	-6.07
775.985	25.52
776.31	-12.39
776.635	-12.86
776.96	-7.94
777.285	-31.58
777.61	-2.09
777.934	-19.41
778.259	8.67
778.584	3.52
778.909	-18.95
779.233	-3.26
779.558	-28.31
779.882	-15.9
780.207	6.57
780.531	25.99
780.856	-15.9
781.18	-35.8
781.504	11.95
781.828	10.08
782.153	-3.03
782.477	38.63
782.801	-5.37
783.125	-9.58
783.449	-0.92
783.773	-25.26
784.097	-2.33
784.42	-19.65
784.744	-2.33
785.068	-25.26
785.392	12.18
785.715	1.42
786.039	19.91
786.362	12.65
786.686	9.38
787.009	25.76
787.333	-13.8
787.656	-16.84
787.979	2.35
788.303	22.25
788.626	18.5
788.949	-0.69
789.272	33.72
789.595	-6.31
789.918	-42.12
790.241	-41.18
790.564	-10.99
790.887	-2.09
791.209	27.16
791.532	9.84
791.855	-8.88
792.178	16.63
792.5	6.1
792.823	-31.82
793.145	-8.18
793.468	15.46
793.79	-0.69
794.112	-34.39
794.435	24.12
794.757	-5.6
795.079	10.78
795.401	-7.94
795.723	-27.37
796.045	-10.29
796.367	-51.95
796.689	22.48
797.011	-10.99
797.333	-10.52
797.655	3.29
797.976	0.25
798.298	-12.63
798.62	-19.88
798.941	2.82
799.263	16.63
799.584	-5.37
799.906	14.76
800.227	-8.41
800.548	14.52
800.87	16.16
801.191	-3.73
801.512	15.93
801.833	-10.99
802.154	13.35
802.475	-4.2
802.796	36.76
803.117	10.78
803.438	-5.14
803.759	-19.65
804.08	-3.97
804.4	-1.16
804.721	7.5
805.042	-15.2
805.362	22.01
805.683	6.33
806.003	-5.37
806.323	17.1
806.644	34.89
806.964	1.42
807.284	-10.75
807.605	-6.07
807.925	-7.24
808.245	-14.97
808.565	6.8
808.885	-1.86
809.205	-7.48
809.525	29.5
809.845	4.93
810.164	-15.67
810.484	33.01
810.804	-25.97
811.124	2.35
811.443	36.99
811.763	-2.56
812.082	16.16
812.402	-4.67
812.721	-1.86
813.04	9.61
813.36	-6.31
813.679	6.33
813.998	6.1
814.317	5.86
814.636	-21.05
814.955	-22.46
815.274	0.48
815.593	11.72
815.912	3.29
816.231	-13.09
816.55	-4.2
816.868	14.06
817.187	14.76
817.506	-23.39
817.824	-3.73
818.143	-12.86
818.461	2.12
818.78	-19.41
819.098	28.8
819.416	-2.09
819.735	9.14
820.053	22.01
820.371	14.52
820.689	8.2
821.007	-10.29
821.325	8.44
821.643	1.18
821.961	16.86
822.279	-8.41
822.597	-10.75
822.914	-11.46
823.232	7.5
823.55	8.91
823.867	-20.12
824.185	-21.99
824.502	-11.69
824.82	5.86
825.137	23.42
825.454	1.42
825.772	3.29
826.089	-26.9
826.406	-2.09
826.723	13.59
827.04	-10.05
827.357	4.93
827.674	-3.73
827.991	-6.77
828.308	-33.46
828.625	-12.39
828.942	4.46
829.258	23.89
829.575	6.33
829.892	-32.99
830.208	9.38
830.525	-4.67
830.841	-17.54
831.158	-2.09
831.474	-28.07
831.79	4.93
832.106	-5.37
832.423	-41.65
832.739	-25.5
833.055	-14.97
833.371	-3.03
833.687	25.52
834.003	-9.82
834.319	-13.56
834.635	-6.77
834.95	1.42
835.266	11.01
835.582	-13.56
835.897	-20.58
836.213	-26.2
836.528	-7.48
836.844	-2.33
837.159	3.76
837.475	9.84
837.79	4.46
838.105	-15.43
838.42	16.4
838.735	-0.22
839.051	3.29
839.366	3.99
839.681	13.12
839.996	17.8
840.31	11.95
840.625	195.21
840.94	-29.24
841.255	15.69
841.569	-29.48
841.884	-1.86
842.199	-14.26
842.513	11.95
842.828	3.99
843.142	1.18
843.456	-7.01
843.771	-13.09
844.085	-5.84
844.399	9.14
844.713	-10.99
845.027	-6.07
845.341	20.38
845.655	2.82
845.969	-21.52
846.283	-26.9
846.597	3.29
846.911	-9.12
847.224	25.76
847.538	-10.52
847.852	-8.18
848.165	-14.26
848.479	18.04
848.792	-5.84
849.106	12.18
849.419	3.99
849.732	8.2
850.046	-16.37
850.359	14.06
850.672	-10.52
850.985	7.74
851.298	-32.52
851.611	-8.18
851.924	7.03
852.237	-10.75
852.55	12.89
852.862	15.23
853.175	17.8
853.488	19.44
853.8	24.59
854.113	15.93
854.425	-11.22
854.738	-0.46
855.05	22.01
855.363	7.97
855.675	21.31
855.987	-8.41
856.299	8.44
856.612	28.1
856.924	8.67
857.236	11.95
857.548	-38.37
857.859	0.72
858.171	1.18
858.483	28.8
858.795	15.46
859.107	2.12
859.418	26.93
859.73	-5.84
860.041	-30.18
860.353	21.31
860.664	-14.73
860.976	7.03
861.287	-33.22
861.598	-6.07
861.91	-5.84
862.221	-20.58
862.532	18.27
862.843	-4.9
863.154	17.57
863.465	10.08
863.776	-20.58
864.087	10.55
864.397	-4.43
864.708	-26.44
865.019	-12.63
865.329	2.82
865.64	10.08
865.951	18.74
866.261	7.74
866.571	-14.26
866.882	-14.73
867.192	-31.58
867.502	-21.75
867.813	-24.09
868.123	2.12
868.433	2.12
868.743	-27.14
869.053	-12.86
869.363	9.84
869.673	-15.43
869.982	7.03
870.292	11.01
870.602	10.08
870.912	17.57
871.221	19.21
871.531	-6.54
871.84	10.55
872.15	-12.63
872.459	11.95
872.768	-45.16
873.078	-10.75
873.387	-14.5
873.696	2.35
874.005	11.72
874.314	-26.2
874.623	-25.97
874.932	-24.09
875.241	17.57
875.55	-19.65
875.859	6.57
876.168	1.89
876.476	19.21
876.785	-3.5
877.093	9.38
877.402	14.29
877.71	4.46
878.019	3.76
878.327	-18.01
878.636	-38.14
878.944	2.35
879.252	-34.86
879.56	-7.71
879.868	-18.95
880.176	-30.41
880.484	-1.39
880.792	-18.01
881.1	-13.56
881.408	-34.16
881.716	-37.44
882.023	-9.35
882.331	-9.12
882.639	14.52
882.946	-12.63
883.254	-28.78
883.561	0.25
883.868	-7.48
884.176	1.42
884.483	-32.99
884.79	3.76
885.097	2.82
885.404	-6.77
885.712	5.16
886.019	-3.73
886.325	6.8
886.632	-10.99
886.939	37.23
887.246	11.25
887.553	10.08
887.859	12.42
888.166	-9.82
888.472	26.7
888.779	10.55
889.085	-22.69
889.392	4.23
889.698	23.89
890.004	5.86
890.311	24.59
890.617	17.33
890.923	10.78
891.229	15.23
891.535	3.06
891.841	-10.29
892.147	-14.5
892.453	-10.05
892.759	-13.33
893.064	15.69
893.37	-20.82
893.676	-6.77
893.981	-5.37
894.287	1.65
894.592	-18.24
894.897	-14.5
895.203	4.69
895.508	-1.63
895.813	8.2
896.119	11.01
896.424	-26.67
896.729	-13.33
897.034	15.93
897.339	-32.52
897.644	23.42
897.948	27.4
898.253	11.01
898.558	-4.43
898.863	10.55
899.167	10.08
899.472	4.93
899.776	0.72
900.081	-7.71
900.385	-10.75
900.69	-12.16
900.994	-1.63
901.298	7.5
901.602	-17.54
901.906	5.16
902.21	-14.26
902.514	19.21
902.818	-4.9
903.122	-10.99
903.426	-36.5
903.73	-25.97
904.034	32.31
904.337	14.52
904.641	33.48
904.945	13.82
905.248	-4.2
905.552	-13.09
905.855	-3.73
906.158	8.2
906.462	0.01
906.765	9.61
907.068	-15.43
907.371	18.04
907.674	10.55
907.977	5.86
908.28	-12.16
908.583	-17.78
908.886	9.84
909.189	0.25
909.491	-21.99
909.794	-0.46
910.097	7.03
910.399	22.72
910.702	31.38
911.004	17.33
911.307	32.78
911.609	27.63
911.911	11.72
912.213	10.78
912.516	7.5
912.818	0.48
913.12	-21.75
913.422	1.89
913.724	-7.94
914.026	-3.03
914.327	-0.22
914.629	7.03
914.931	-21.52
915.233	-14.73
915.534	-14.73
915.836	-34.16
916.137	-1.86
916.439	-5.84
916.74	2.82
917.041	3.06
917.343	-50.07
917.644	-14.26
917.945	7.97
918.246	8.44
918.547	1.18
918.848	-8.65
919.149	11.01
919.45	8.2
919.751	-28.31
920.052	13.35
920.352	29.04
920.653	-16.14
920.954	-0.46
921.254	1.18
921.555	7.5
921.855	-11.46
922.155	-1.16
922.456	16.63
922.756	5.86
923.056	-14.03
923.356	-8.18
923.656	27.87
923.956	-12.39
924.256	-22.69
924.556	19.91
924.856	11.25
925.156	-14.5
925.456	11.95
925.755	-18.48
926.055	10.08
926.355	-14.73
926.654	8.2
926.953	-10.05
927.253	21.78
927.552	-14.97
927.852	6.1
928.151	0.72
928.45	11.25
928.749	-10.29
929.048	24.82
929.347	3.99
929.646	14.52
929.945	3.76
930.244	-15.9
930.543	-15.67
930.841	4.93
931.14	18.04
931.439	-41.88
931.737	-4.2
932.036	-9.35
932.334	14.52
932.632	2.35
932.931	-1.63
933.229	11.95
933.527	22.95
933.825	0.95
934.123	-6.31
934.421	24.12
934.719	-8.88
935.017	9.84
935.315	-18.95
935.613	-21.52
935.911	-2.33
936.208	1.65
936.506	-11.69
936.804	-10.05
937.101	-15.43
937.399	-5.14
937.696	-31.35
937.993	12.42
938.291	0.72
938.588	-7.71
938.885	-2.09
939.182	6.8
939.479	-3.73
939.776	-36.73
940.073	7.74
940.37	8.67
940.667	-17.07
940.964	7.97
941.26	-10.29
941.557	-15.2
941.854	16.4
942.15	2.59
942.447	5.4
942.743	-10.99
943.039	-16.84
943.336	3.06
943.632	5.63
943.928	3.29
944.224	13.82
944.52	-5.6
944.816	0.95
945.112	3.52
945.408	17.8
945.704	-9.82
946	10.55
946.295	1.42
946.591	20.84
946.887	11.72
947.182	5.63
947.478	-0.46
947.773	11.48
948.069	11.48
948.364	4.46
948.659	4.23
948.954	-1.16
949.25	-0.69
949.545	-5.37
949.84	-8.88
950.135	-13.09
950.43	-10.75
950.724	-33.92
951.019	29.74
951.314	-11.22
951.609	-3.5
951.903	-16.6
952.198	9.38
952.492	13.82
952.787	-15.67
953.081	12.42
953.376	26.23
953.67	-41.65
953.964	-1.86
954.258	-1.86
954.552	17.57
954.846	1.65
955.14	15.93
955.434	4.69
955.728	-2.33
956.022	1.89
956.316	-7.71
956.609	-10.99
956.903	4.46
957.197	-3.97
957.49	4.23
957.784	0.48
958.077	9.38
958.37	-15.2
958.664	7.03
958.957	-1.16
959.25	-9.82
959.543	-0.69
959.836	-10.75
960.129	9.84
960.422	-17.78
960.715	-28.78
961.008	-6.31
961.3	-11.69
961.593	-13.09
961.886	3.99
962.178	-0.69
962.471	25.76
962.763	-20.12
963.056	4.46
963.348	-18.24
963.64	4.93
963.933	-21.99
964.225	-12.39
964.517	-1.63
964.809	-86.59
965.101	0.48
965.393	0.25
965.685	12.65
965.977	-7.94
966.268	-3.5
966.56	-0.46
966.852	-2.33
967.143	10.78
967.435	5.4
967.726	-19.18
968.018	9.38
968.309	-9.35
968.6	-18.71
968.891	30.21
969.183	0.01
969.474	-8.88
969.765	-11.92
970.056	8.44
970.347	19.91
970.638	-2.56
970.928	-14.97
971.219	-10.05
971.51	-6.31
971.8	-17.54
972.091	-7.24
972.382	-22.92
972.672	-24.8
972.962	-17.78
973.253	7.03
973.543	3.76
973.833	7.03
974.123	20.14
974.413	-10.05
974.704	-22.46
974.994	-5.84
975.283	4.46
975.573	-8.65
975.863	-24.33
976.153	30.21
976.443	-13.09
976.732	9.14
977.022	-29.95
977.311	-15.9
977.601	-6.77
977.89	-17.07
978.179	-14.5
978.469	-21.75
978.758	-7.01
979.047	-7.01
979.336	5.63
979.625	-13.56
979.914	13.59
980.203	0.25
980.492	-24.09
980.781	-18.01
981.069	6.8
981.358	-13.56
981.647	-122.4
981.935	-20.82
982.224	16.86
982.512	2.82
982.8	-29.71
983.089	-2.56
983.377	-13.56
983.665	-8.18
983.953	-9.58
984.241	25.29
984.529	29.97
984.817	17.8
985.105	-26.2
985.393	-1.16
985.681	-2.33
985.969	-26.44
986.256	-14.03
986.544	-19.65
986.831	-3.26
987.119	-11.69
987.406	-16.37
987.694	-7.71
987.981	23.18
988.268	14.06
988.555	20.38
988.842	-21.05
989.129	-1.16
989.416	1.42
989.703	-18.48
989.99	6.8
990.277	18.04
990.564	7.27
990.85	-9.82
991.137	-7.71
991.424	-10.52
991.71	-11.22
991.997	-12.16
992.283	-17.54
992.569	14.76
992.856	-14.26
993.142	11.01
993.428	-2.09
993.714	-1.86
994	24.82
994.286	5.63
994.572	0.25
994.858	31.14
995.144	-1.39
995.429	3.76
995.715	-19.18
996.001	11.25
996.286	15.46
996.572	-8.88
996.857	-29.48
997.142	11.01
997.428	-6.31
997.713	2.59
997.998	18.27
998.283	14.52
998.568	4.23
998.853	32.55
999.138	19.44
999.423	-3.5
999.708	4.93
999.993	12.65
1000.277	3.29
1000.562	17.8
1000.847	14.52
1001.131	-18.24
1001.415	27.4
1001.7	-2.56
1001.984	3.76
1002.268	-6.07
1002.553	-15.67
1002.837	-14.97
1003.121	17.8
1003.405	-2.33
1003.689	5.4
1003.973	17.33
1004.257	4.23
1004.54	3.76
1004.824	-36.03
1005.108	-13.8
1005.391	-6.77
1005.675	16.86
1005.958	-2.33
1006.242	-5.37
1006.525	25.29
1006.808	-4.9
1007.092	1.89
1007.375	-2.8
1007.658	-9.12
1007.941	-37.9
1008.224	9.84
1008.507	17.33
1008.79	3.99
1009.073	-18.48
1009.355	7.74
1009.638	6.1
1009.921	1.89
1010.203	9.61
1010.486	-20.82
1010.768	18.04
1011.05	-13.8
1011.333	4.46
1011.615	9.38
1011.897	1.89
1012.179	11.01
1012.461	8.67
1012.743	3.52
1013.025	-16.37
1013.307	-3.73
1013.589	7.27
1013.871	-0.69
1014.152	24.12
1014.434	-5.14
1014.716	-4.9
1014.997	28.33
1015.279	-38.37
1015.56	-2.56
1015.841	7.27
1016.123	11.72
1016.404	-14.26
1016.685	3.99
1016.966	12.18
1017.247	14.99
1017.528	-7.71
1017.809	15.93
1018.09	4.23
1018.371	2.12
1018.651	-22.22
1018.932	-1.16
1019.212	-25.5
1019.493	-5.6
1019.773	-10.75
1020.054	2.59
1020.334	4.93
1020.614	1.65
1020.895	1.65
1021.175	1.65
