340.2	-4.02
340.6	-4.02
340.9	-4.02
341.3	-23.44
341.7	3.71
342.1	7.68
342.4	-5.89
342.8	-7.06
343.2	-7.76
343.6	-17.36
343.9	-28.59
344.3	-13.15
344.7	19.86
345.1	11.9
345.4	-10.34
345.8	36.71
346.2	-25.32
346.6	71.11
346.9	11.43
347.3	-27.42
347.7	13.77
348	-8
348.4	13.77
348.8	0.43
349.2	-19.47
349.5	-21.1
349.9	-23.68
350.3	-23.68
350.7	-5.19
351	-19.7
351.4	-14.55
351.8	-32.1
352.2	-17.59
352.5	-14.78
352.9	16.11
353.3	0.43
353.6	-10.81
354	21.03
354.4	-12.91
354.8	-1.68
355.1	10.49
355.5	-5.66
355.9	-15.49
356.3	28.75
356.6	-29.53
357	12.37
357.4	9.79
357.8	11.43
358.1	-2.15
358.5	2.3
358.9	-35.62
359.2	13.77
359.6	-16.19
360	-16.19
360.4	-9.87
360.7	-7.29
361.1	-2.38
361.5	-0.27
361.9	-3.32
362.2	-19.23
362.6	0.2
363	-10.1
363.3	-0.74
363.7	3.71
364.1	14
364.5	-12.91
364.8	-21.34
365.2	3.24
365.6	22.9
366	10.03
366.3	35.3
366.7	-6.36
367.1	-19.23
367.4	-7.76
367.8	-16.89
368.2	16.58
368.6	1.37
368.9	11.9
369.3	-14.08
369.7	-3.08
370	13.07
370.4	-17.36
370.8	-4.72
371.2	4.17
371.5	9.09
371.9	-4.49
372.3	-18.3
372.6	16.34
373	7.45
373.4	19.39
373.8	-4.25
374.1	-13.85
374.5	1.13
374.9	2.07
375.2	-5.19
375.6	7.45
376	3.47
376.4	-2.38
376.7	-26.96
377.1	-1.21
377.5	-5.66
377.8	5.58
378.2	-15.72
378.6	-25.08
379	-5.19
379.3	-1.91
379.7	4.41
380.1	-0.51
380.4	48.18
380.8	-20.4
381.2	-3.08
381.6	-5.66
381.9	11.66
382.3	26.17
382.7	-1.68
383	-11.74
383.4	-6.36
383.8	-7.06
384.2	7.45
384.5	10.26
384.9	-3.55
385.3	2.07
385.6	-13.85
386	-1.44
386.4	-4.25
386.7	7.68
387.1	19.15
387.5	0.9
387.9	19.86
388.2	3.71
388.6	-18.76
389	-1.68
389.3	-8.7
389.7	-14.78
390.1	-9.17
390.5	-11.04
390.8	1.6
391.2	10.73
391.6	-38.89
391.9	-34.91
392.3	1.6
392.7	6.75
393	-26.49
393.4	-6.36
393.8	6.98
394.2	-0.74
394.5	-13.85
394.9	-0.27
395.3	-16.66
395.6	12.83
396	1.37
396.4	3.47
396.7	-3.55
397.1	-27.66
397.5	-19
397.8	4.64
398.2	-0.51
398.6	0.2
399	-5.89
399.3	16.11
399.7	-16.19
400.1	-23.91
400.4	-15.72
400.8	7.92
401.2	-7.29
401.5	-15.72
401.9	6.05
402.3	-9.64
402.7	-0.74
403	-12.91
403.4	-6.83
403.8	-9.17
404.1	-19.47
404.5	15.64
404.9	17.05
405.2	-10.81
405.6	-10.1
406	-17.36
406.3	5.11
406.7	24.54
407.1	-7.06
407.4	19.62
407.8	-2.85
408.2	7.92
408.6	-10.81
408.9	-4.02
409.3	17.98
409.7	2.54
410	-30.93
410.4	-9.64
410.8	-21.81
411.1	7.68
411.5	11.66
411.9	128.92
412.2	23.13
412.6	6.98
413	-23.91
413.3	-2.61
413.7	-4.02
414.1	-0.98
414.4	-62.77
414.8	1.37
415.2	-3.32
415.5	-8
415.9	-5.19
416.3	-1.91
416.7	12.83
417	0.9
417.4	-21.81
417.8	3.47
418.1	-2.15
418.5	-16.19
418.9	16.58
419.2	19.15
419.6	-18.76
420	-6.12
420.3	6.51
420.7	9.09
421.1	8.62
421.4	-26.49
421.8	7.22
422.2	-1.44
422.5	3.47
422.9	20.32
423.3	-24.61
423.6	5.81
424	14.24
424.4	-11.74
424.7	8.62
425.1	-6.12
425.5	-6.59
425.8	20.09
426.2	-5.66
426.6	-3.78
426.9	2.3
427.3	5.34
427.7	-11.51
428	-6.83
428.4	-22.04
428.8	-27.89
429.1	2.07
429.5	-2.38
429.9	18.45
430.2	-7.53
430.6	10.26
431	3.47
431.3	13.07
431.7	10.26
432.1	-8.7
432.4	-1.44
432.8	3.71
433.2	14.71
433.5	25.71
433.9	0.66
434.3	-15.49
434.6	-2.15
435	5.11
435.4	-26.96
435.7	2.54
436.1	5.11
436.5	6.05
436.8	-16.42
437.2	1.6
437.6	-35.15
437.9	-36.32
438.3	-7.29
438.7	-15.49
439	14.47
439.4	17.52
439.8	8.86
440.1	-22.98
440.5	-4.25
440.9	-9.4
441.2	5.58
441.6	3.71
442	-1.21
442.3	-38.19
442.7	-21.81
443.1	18.45
443.4	4.41
443.8	3.24
444.1	8.39
444.5	16.11
444.9	-20.4
445.2	-9.87
445.6	-6.12
446	-24.85
446.3	-15.49
446.7	27.58
447.1	-32.1
447.4	-6.83
447.8	0.9
448.2	-19.47
448.5	12.6
448.9	-14.08
449.3	34.37
449.6	-2.61
450	13.77
450.4	-8.7
450.7	5.11
451.1	14.94
451.4	6.51
451.8	17.75
452.2	-24.15
452.5	-17.83
452.9	-15.02
453.3	-9.64
453.6	-10.81
454	-18.76
454.4	-4.25
454.7	-42.64
455.1	-26.02
455.5	-3.08
455.8	-32.57
456.2	11.2
456.5	-39.59
456.9	-11.27
457.3	-2.15
457.6	-13.38
458	0.66
458.4	29.92
458.7	-1.68
459.1	-23.21
459.5	-20.17
459.8	12.83
460.2	-2.38
460.5	7.22
460.9	-12.44
461.3	17.52
461.6	3.47
462	-36.32
462.4	6.75
462.7	0.43
463.1	2.3
463.5	-16.66
463.8	2.07
464.2	-2.61
464.5	-7.53
464.9	6.51
465.3	-0.98
465.6	2.54
466	-15.25
466.4	3.94
466.7	2.54
467.1	7.92
467.5	-8.7
467.8	-26.72
468.2	1.6
468.5	-19.47
468.9	2.77
469.3	-17.36
469.6	40.22
470	3.24
470.4	-21.81
470.7	9.09
471.1	-7.29
471.4	-2.61
471.8	-22.04
472.2	2.3
472.5	39.98
472.9	-20.17
473.3	0.2
473.6	-18.06
474	9.32
474.3	11.2
474.7	-13.15
475.1	-14.08
475.4	7.68
475.8	-14.55
476.2	-11.04
476.5	3.71
476.9	19.86
477.2	-21.34
477.6	-7.29
478	2.07
478.3	17.52
478.7	4.17
479.1	-24.85
479.4	-7.76
479.8	6.05
480.1	3.71
480.5	-8.93
480.9	-10.81
481.2	-26.02
481.6	6.75
481.9	20.56
482.3	-13.85
482.7	-12.44
483	-9.64
483.4	1.6
483.8	-8.46
484.1	-14.32
484.5	-14.55
484.8	24.07
485.2	-26.25
485.6	0.43
485.9	2.54
486.3	12.6
486.6	2.3
487	6.28
487.4	5.34
487.7	13.07
488.1	34.83
488.5	-7.29
488.8	17.98
489.2	16.34
489.5	-27.19
489.9	10.96
490.3	3.47
490.6	-24.85
491	9.79
491.3	-3.78
491.7	-26.02
492.1	-3.08
492.4	8.86
492.8	-7.06
493.1	-9.87
493.5	6.51
493.9	-19.47
494.2	35.54
494.6	-8.93
494.9	-30.47
495.3	-11.74
495.7	-27.66
496	-13.38
496.4	-8.93
496.7	-7.53
497.1	8.39
497.5	-2.85
497.8	-3.78
498.2	18.45
498.5	-38.19
498.9	-1.44
499.3	-0.04
499.6	-3.78
500	-5.19
500.3	17.05
500.7	-29.76
501.1	-30.23
501.4	-19.23
501.8	-16.89
502.1	-9.17
502.5	2.3
502.9	-4.72
503.2	2.3
503.6	18.92
503.9	-32.1
504.3	-3.08
504.7	4.64
505	-11.74
505.4	17.52
505.7	9.56
506.1	20.09
506.5	-6.36
506.8	10.49
507.2	-5.19
507.5	10.26
507.9	-9.17
508.2	-1.44
508.6	7.92
509	1.83
509.3	0.66
509.7	7.45
510	-9.4
510.4	-2.38
510.8	-14.78
511.1	30.15
511.5	7.45
511.8	1.83
512.2	-4.49
512.6	1.6
512.9	0.66
513.3	6.28
513.6	-18.53
514	-12.68
514.3	-18.06
514.7	23.13
515.1	-7.76
515.4	-15.72
515.8	-19.23
516.1	-26.96
516.5	1.13
516.9	11.43
517.2	1.13
517.6	-19.7
517.9	2.77
518.3	-19
518.6	9.09
519	-21.34
519.4	-5.66
519.7	-29.76
520.1	-0.27
520.4	-26.96
520.8	0.66
521.1	-27.19
521.5	19.15
521.9	2.3
522.2	5.11
522.6	0.66
522.9	4.17
523.3	11.66
523.6	-1.44
524	-7.06
524.4	6.75
524.7	18.22
525.1	2.3
525.4	-6.83
525.8	-13.61
526.2	-4.49
526.5	5.34
526.9	-4.49
527.2	-4.25
527.6	-6.12
527.9	4.41
528.3	-3.08
528.6	1.83
529	-19
529.4	19.62
529.7	-7.76
530.1	-15.25
530.4	-19.47
530.8	37.64
531.1	28.28
531.5	-10.34
531.9	-17.12
532.2	19.39
532.6	-11.74
532.9	-4.25
533.3	16.34
533.6	12.6
534	-7.06
534.4	183.22
534.7	9.32
535.1	-15.95
535.4	-2.61
535.8	12.83
536.1	-18.53
536.5	-18.76
536.8	17.52
537.2	17.52
537.6	-10.1
537.9	-37.02
538.3	-13.38
538.6	-3.55
539	-19
539.3	6.75
539.7	-18.53
540	-27.42
540.4	-22.27
540.8	1.13
541.1	127.05
541.5	7.92
541.8	15.17
542.2	-13.38
542.5	-17.12
542.9	13.54
543.2	8.39
543.6	-17.83
544	21.03
544.3	6.51
544.7	-2.38
545	-0.27
545.4	2.77
545.7	13.3
546.1	-3.78
546.4	22.9
546.8	-1.21
547.2	8.39
547.5	9.09
547.9	3.94
548.2	21.96
548.6	23.83
548.9	4.64
549.3	-0.51
549.6	-9.4
550	28.75
550.3	-14.55
550.7	-17.12
551.1	-13.61
551.4	23.13
551.8	1.37
552.1	6.28
552.5	4.88
552.8	10.96
553.2	-22.74
553.5	12.83
553.9	9.09
554.2	15.41
554.6	-17.83
554.9	21.03
555.3	26.41
555.7	15.17
556	35.07
556.4	3.47
556.7	25.94
557.1	7.45
557.4	28.75
557.8	44.67
558.1	28.98
558.5	1.37
558.8	10.73
559.2	14.71
559.5	2.54
559.9	10.96
560.3	17.75
560.6	14
561	34.83
561.3	-2.61
561.7	32.96
562	-12.91
562.4	23.83
562.7	7.92
563.1	24.77
563.4	-4.49
563.8	25
564.1	38.81
564.5	10.03
564.8	6.05
565.2	4.41
565.5	8.15
565.9	26.17
566.3	3.71
566.6	6.75
567	47.71
567.3	39.52
567.7	17.98
568	18.69
568.4	21.03
568.7	26.88
569.1	-0.04
569.4	1.83
569.8	18.45
570.1	32.03
570.5	50.28
570.8	57.54
571.2	34.6
571.5	0.9
571.9	-0.27
572.2	22.43
572.6	27.11
572.9	42.79
573.3	21.49
573.6	32.73
574	49.81
574.4	34.13
574.7	34.6
575.1	40.92
575.4	28.75
575.8	22.66
576.1	52.62
576.5	-8.23
576.8	82.11
577.2	50.28
577.5	33.9
577.9	201.01
578.2	51.45
578.6	43.03
578.9	47.24
579.3	56.6
579.6	57.3
580	30.62
580.3	55.43
580.7	44.9
581	34.83
581.4	43.96
581.7	42.09
582.1	55.2
582.4	68.3
582.8	74.39
583.1	48.88
583.5	54.96
583.8	61.52
584.2	82.58
584.5	80.24
584.9	73.45
585.2	62.69
585.6	64.09
585.9	72.99
586.3	75.79
586.6	69.24
587	77.2
587.3	100.6
587.7	98.5
588	110.9
588.4	89.84
588.7	86.56
589.1	99.67
589.4	105.52
589.8	97.33
590.1	85.86
590.5	103.88
590.8	121.9
591.2	113.95
591.5	99.9
591.9	89.6
592.2	124.71
592.6	116.75
592.9	130.56
593.3	113.24
593.6	123.78
594	152.33
594.3	157.01
594.7	158.18
595	142.5
595.4	143.9
595.7	149.05
596.1	162.39
596.4	202.42
596.8	203.35
597.1	179.95
597.5	179.95
597.8	231.44
598.2	222.78
598.5	207.33
598.9	213.42
599.2	226.99
599.6	234.95
599.9	236.12
600.3	275.91
600.6	253.21
601	262.34
601.3	263.51
601.7	258.12
602	314.76
602.4	320.15
602.7	312.89
603.1	341.21
603.4	355.72
603.8	305.63
604.1	351.98
604.5	387.09
604.8	412.83
605.1	413.07
605.5	450.98
605.8	443.73
606.2	430.15
606.5	473.22
606.9	512.54
607.2	469.94
607.6	532.67
607.9	554.67
608.3	561.69
608.6	575.73
609	615.05
609.3	649.69
609.7	612.71
610	700.95
610.4	730.91
610.7	763.21
611.1	746.83
611.4	784.27
611.8	826.17
612.1	857.3
612.5	884.22
612.8	908.09
613.1	924.24
613.5	1010.14
613.8	1029.56
614.2	1063.5
614.5	1130.91
614.9	1176.08
615.2	1236
615.6	1254.49
615.9	1322.83
616.3	1364.49
616.6	1393.05
617	1445.71
617.3	1523.88
617.7	1590.36
618	1664.55
618.3	1710.42
618.7	1778.3
619	1825.11
619.4	1912.88
619.7	1998.08
620.1	2065.95
620.4	2136.17
620.8	2203.58
621.1	2295.79
621.5	2320.13
621.8	2422.18
622.2	2555.12
622.5	2609.89
622.8	2724.11
623.2	2808.84
623.5	2836.22
623.9	2981.1
624.2	3097.19
624.6	3214.22
624.9	3268.29
625.3	3381.1
625.6	3483.38
626	3619.6
626.3	3782.73
626.7	3877.29
627	4029.9
627.3	4119.77
627.7	4267.69
628	4381.91
628.4	4483.26
628.7	4650.61
629.1	4735.1
629.4	4913.21
629.8	4956.28
630.1	5088.75
630.5	5200.63
630.8	5277.17
631.1	5388.34
631.5	5455.28
631.8	5447.56
632.2	5505.37
632.5	5498.58
632.9	5534.39
633.2	5518.48
633.6	5443.11
633.9	5346.21
634.2	5284.89
634.6	5172.54
634.9	5068.63
635.3	4997
635.6	4783.55
636	4573.6
636.3	4461.72
636.7	4216.9
637	4100.11
637.3	3873.31
637.7	3687.01
638	3502.34
638.4	3307.84
638.7	3110.77
639.1	2940.14
639.4	2785.43
639.8	2617.15
640.1	2427.33
640.4	2302.58
640.8	2096.14
641.1	1988.71
641.5	1848.98
641.8	1724.47
642.2	1642.78
642.5	1508.67
642.8	1395.39
643.2	1359.34
643.5	1227.57
643.9	1145.89
644.2	1091.12
644.6	1012.48
644.9	960.52
645.3	936.88
645.6	869
645.9	821.25
646.3	737.7
646.6	698.14
647	670.29
647.3	628.86
647.7	558.65
648	548.35
648.3	527.52
648.7	483.75
649	467.13
649.4	421.02
649.7	419.62
650.1	391.77
650.4	383.57
650.7	366.02
651.1	318.27
651.4	303.53
651.8	281.06
652.1	284.1
652.4	263.51
652.8	221.61
653.1	248.06
653.5	209.91
653.8	215.99
654.2	219.5
654.5	224.65
654.8	163.33
655.2	165.2
655.5	178.08
655.9	160.99
656.2	150.46
656.6	156.31
656.9	167.54
657.2	140.16
657.6	102.48
657.9	118.39
658.3	126.35
658.6	112.77
658.9	125.65
659.3	95.45
659.6	99.2
660	125.18
660.3	92.41
660.7	70.41
661	78.6
661.3	104.35
661.7	104.58
662	92.88
662.4	64.33
662.7	63.16
663	53.09
663.4	71.58
663.7	-0.74
664.1	37.64
664.4	52.39
664.7	32.49
665.1	54.5
665.4	25
665.8	58.47
666.1	39.75
666.4	45.13
666.8	52.15
667.1	47.47
667.5	39.28
667.8	47.01
668.1	44.43
668.5	6.51
668.8	31.09
669.2	21.03
669.5	44.2
669.8	27.11
670.2	36.01
670.5	16.81
670.9	-5.19
671.2	12.6
671.5	1.6
671.9	-13.15
672.2	31.79
672.6	24.07
672.9	0.2
673.2	28.05
673.6	17.98
673.9	36.71
674.3	14.24
674.6	15.17
674.9	-6.12
675.3	31.79
675.6	26.88
676	130.8
676.3	21.26
676.6	0.66
677	23.83
677.3	6.28
677.7	-4.02
678	-14.78
678.3	12.83
678.7	1.83
679	11.66
679.4	-17.83
679.7	13.07
680	2.54
680.4	24.07
680.7	11.43
681	18.69
681.4	4.17
681.7	11.66
682.1	5.58
682.4	4.88
682.7	-22.27
683.1	-23.44
683.4	17.52
683.8	16.34
684.1	0.9
684.4	-4.72
684.8	-4.72
685.1	5.34
685.4	32.26
685.8	1.83
686.1	59.18
686.5	24.77
686.8	-8.93
687.1	22.9
687.5	5.81
687.8	6.51
688.1	9.79
688.5	14
688.8	14.71
689.2	-6.59
689.5	-21.57
689.8	-236.43
690.2	-8.23
690.5	14.71
690.8	27.35
691.2	26.17
691.5	3.47
691.9	4.17
692.2	3
692.5	-2.15
692.9	-1.44
693.2	-4.02
693.5	-11.27
693.9	-11.98
694.2	17.28
694.6	4.64
694.9	-9.4
695.2	-6.12
695.6	0.2
695.9	-5.89
696.2	1.6
696.6	-9.87
696.9	3.71
697.2	6.51
697.6	41.62
697.9	-26.02
698.3	-16.66
698.6	-9.64
698.9	-14.78
699.3	-12.21
699.6	-15.25
699.9	12.13
700.3	-2.38
700.6	2.07
700.9	-14.32
701.3	-12.68
701.6	-23.44
702	3.47
702.3	14.71
702.6	13.77
703	-38.19
703.3	-7.06
703.6	8.86
704	-4.72
704.3	-6.12
704.6	-29.76
705	-5.42
705.3	1.83
705.6	4.88
706	21.73
706.3	-23.44
706.6	0.66
707	-17.59
707.3	14.24
707.7	-28.36
708	10.26
708.3	3.47
708.7	-17.12
709	14.94
709.3	-20.4
709.7	-36.79
710	-3.08
710.3	-1.21
710.7	5.81
711	19.39
711.3	-10.57
711.7	18.69
712	-13.85
712.3	-1.44
712.7	14
713	13.77
713.3	1.13
713.7	6.28
714	5.34
714.3	0.66
714.7	19.15
715	-15.95
715.3	-16.19
715.7	-24.61
716	31.79
716.3	6.51
716.7	-6.36
717	-9.87
717.3	16.81
717.7	12.13
718	6.28
718.4	-2.15
718.7	14.24
719	-15.02
719.4	-5.19
719.7	-7.53
720	-5.66
720.4	-5.89
720.7	16.34
721	-28.59
721.3	-31.64
721.7	-14.55
722	-2.85
722.3	2.54
722.7	3.47
723	-1.44
723.3	-0.74
723.7	3.47
724	23.37
724.3	15.17
724.7	-7.53
725	-9.87
725.3	-5.42
725.7	4.17
726	1.6
726.3	-0.04
726.7	-6.36
727	9.09
727.3	-19.23
727.7	-22.74
728	35.3
728.3	-18.53
728.7	20.56
729	29.22
729.3	-2.85
729.7	11.43
730	12.6
730.3	-11.74
730.7	-18.76
731	-22.98
731.3	-10.1
731.7	-20.17
732	-5.66
732.3	-8
732.6	-7.29
733	3.24
733.3	-8.46
733.6	13.54
734	3.71
734.3	0.2
734.6	-24.15
735	14.47
735.3	-21.81
735.6	-29.06
736	6.28
736.3	-10.1
736.6	-2.61
737	3.47
737.3	-5.89
737.6	8.39
737.9	-18.76
738.3	7.22
738.6	-53.4
738.9	-1.68
739.3	-7.53
739.6	0.43
739.9	-13.38
740.3	-0.98
740.6	-38.66
740.9	12.37
741.2	-5.42
741.6	9.09
741.9	-24.61
742.2	-33.04
742.6	-12.44
742.9	-11.27
743.2	5.58
743.6	-33.74
743.9	-7.53
744.2	6.05
744.6	19.62
744.9	10.96
745.2	-39.59
745.5	-9.4
745.9	10.73
746.2	8.62
746.5	15.17
746.9	4.88
747.2	-20.64
747.5	-18.06
747.8	-5.66
748.2	10.73
748.5	11.9
748.8	-4.49
749.2	2.3
749.5	15.64
749.8	-13.38
750.1	9.56
750.5	-10.1
750.8	-3.55
751.1	-20.4
751.5	11.66
751.8	-11.27
752.1	-16.66
752.5	-2.61
752.8	10.03
753.1	-9.64
753.4	18.22
753.8	-24.38
754.1	1.13
754.4	-4.25
754.7	10.73
755.1	-17.83
755.4	-17.36
755.7	9.09
756.1	-4.49
756.4	27.35
756.7	-13.61
757	1.6
757.4	-34.44
757.7	-9.64
758	-4.02
758.4	-8.23
758.7	-2.15
759	-14.32
759.3	3.94
759.7	0.2
760	26.41
760.3	10.73
760.7	6.75
761	9.32
761.3	8.15
761.6	22.2
762	-14.78
762.3	-13.61
762.6	11.2
762.9	-4.25
763.3	-17.36
763.6	-7.29
763.9	-22.74
764.2	-33.98
764.6	-10.34
764.9	1.6
765.2	-5.42
765.6	-3.08
765.9	-7.53
766.2	-25.55
766.5	30.15
766.9	-10.57
767.2	2.3
767.5	10.26
767.8	-2.15
768.2	-22.74
768.5	-7.29
768.8	-14.32
769.1	3
769.5	-1.21
769.8	-5.89
770.1	-1.68
770.5	15.41
770.8	-24.85
771.1	24.77
771.4	3.71
771.8	13.07
772.1	-0.04
772.4	-2.15
772.7	-15.95
773.1	-8.46
773.4	30.39
773.7	-2.15
774	-34.91
774.4	-16.42
774.7	10.03
775	-8
775.3	-30.93
775.7	-3.32
776	-22.98
776.3	14.24
776.6	-3.08
777	-16.42
777.3	-7.53
777.6	-0.27
777.9	-15.02
778.3	-23.44
778.6	10.49
778.9	10.73
779.2	-6.36
779.6	-19.47
779.9	12.6
780.2	4.41
780.5	-21.81
780.9	-20.87
781.2	-21.81
781.5	8.86
781.8	7.68
782.2	1.83
782.5	-0.04
782.8	4.41
783.1	8.39
783.4	-16.89
783.8	20.32
784.1	17.52
784.4	31.56
784.7	-14.55
785.1	18.22
785.4	-3.08
785.7	-32.1
786	-17.12
786.4	-17.12
786.7	-6.36
787	18.69
787.3	-4.95
787.7	-30
788	-17.59
788.3	17.75
788.6	-5.42
788.9	27.35
789.3	-23.91
789.6	-19.23
789.9	-11.98
790.2	2.54
790.6	-25.08
790.9	-4.72
791.2	-19.47
791.5	-2.15
791.9	-2.85
792.2	-2.85
792.5	3.24
792.8	20.56
793.1	-2.15
793.5	-1.21
793.8	-28.59
794.1	0.66
794.4	8.15
794.8	18.45
795.1	-6.12
795.4	-28.83
795.7	-36.55
796	-4.95
796.4	8.39
796.7	19.86
797	11.66
797.3	-7.06
797.7	-7.06
798	-15.49
798.3	-2.61
798.6	-18.53
798.9	-34.44
799.3	-0.98
799.6	-2.38
799.9	-9.17
800.2	32.73
800.5	-22.27
800.9	8.62
801.2	3.94
801.5	19.86
801.8	5.34
802.2	1.83
802.5	-8.7
802.8	16.34
803.1	20.09
803.4	-3.32
803.8	-10.57
804.1	14
804.4	15.88
804.7	12.83
805	9.56
805.4	-10.1
805.7	-22.98
806	-2.85
806.3	-6.36
806.6	-8
807	14.71
807.3	-7.53
807.6	14.47
807.9	-4.02
808.2	9.09
808.6	-0.98
808.9	18.92
809.2	-2.38
809.5	-36.08
809.8	-6.36
810.2	14.47
810.5	-0.04
810.8	-4.25
811.1	-5.89
811.4	27.81
811.8	6.75
812.1	0.43
812.4	-24.38
812.7	-12.68
813	-13.38
813.4	7.45
813.7	-4.95
814	-14.08
814.3	-21.34
814.6	3.24
815	16.58
815.3	-20.87
815.6	-40.53
815.9	-2.15
816.2	-2.38
816.5	-9.17
816.9	1.6
817.2	-17.36
817.5	-16.89
817.8	-14.78
818.1	-12.68
818.5	-21.34
818.8	-3.32
819.1	4.88
819.4	-9.4
819.7	-2.15
820.1	-6.12
820.4	-8.7
820.7	30.39
821	14.47
821.3	-16.89
821.6	-10.57
822	-28.83
822.3	-19.47
822.6	-26.72
822.9	7.68
823.2	8.15
823.5	-6.12
823.9	-4.95
824.2	-15.49
824.5	-26.02
824.8	18.22
825.1	30.62
825.5	16.34
825.8	-0.51
826.1	-4.25
826.4	-8
826.7	33.9
827	-1.44
827.4	-0.98
827.7	-16.66
828	-11.27
828.3	21.49
828.6	-28.59
828.9	-15.95
829.3	-7.76
829.6	11.43
829.9	-6.36
830.2	-30.7
830.5	-16.19
830.8	10.49
831.2	-7.06
831.5	2.07
831.8	-17.12
832.1	-18.53
832.4	-3.55
832.7	-27.89
833.1	36.24
833.4	16.11
833.7	-3.08
834	3.24
834.3	12.6
834.6	6.98
835	23.13
835.3	-7.76
835.6	-6.83
835.9	-1.68
836.2	-19.93
836.5	-3.55
836.8	0.66
837.2	-10.34
837.5	-24.61
837.8	-11.74
838.1	-1.21
838.4	6.75
838.7	13.77
839.1	22.9
839.4	3
839.7	-12.68
840	-13.61
840.3	4.41
840.6	-272.24
840.9	-11.98
841.3	-8.7
841.6	-5.42
841.9	-5.42
842.2	27.58
842.5	2.3
842.8	-19.93
843.1	28.28
843.5	-18.3
843.8	12.37
844.1	-18.3
844.4	-11.51
844.7	18.92
845	-32.81
845.3	-22.04
845.7	10.96
846	-35.15
846.3	-27.19
846.6	-15.25
846.9	1.83
847.2	22.43
847.5	-3.78
847.9	3
848.2	11.9
848.5	-16.89
848.8	4.41
849.1	-13.38
849.4	-0.51
849.7	-11.74
850	-14.32
850.4	-10.1
850.7	-38.66
851	19.39
851.3	-2.15
851.6	-6.59
851.9	-2.15
852.2	-10.1
852.5	-6.36
852.9	22.43
853.2	11.9
853.5	10.73
853.8	14
854.1	-2.15
854.4	-14.08
854.7	20.09
855.1	-6.83
855.4	-3.55
855.7	-17.59
856	11.2
856.3	-9.87
856.6	-6.83
856.9	-27.42
857.2	27.81
857.5	-19.47
857.9	-6.36
858.2	-19.23
858.5	-12.21
858.8	-32.34
859.1	-33.98
859.4	5.11
859.7	27.81
860	-8.23
860.4	10.73
860.7	5.11
861	0.2
861.3	4.17
861.6	11.66
861.9	-2.38
862.2	-5.66
862.5	-1.91
862.8	15.41
863.2	3.71
863.5	-2.85
863.8	2.54
864.1	-9.17
864.4	29.92
864.7	14.24
865	17.05
865.3	9.09
865.6	-13.61
866	-13.61
866.3	-3.78
866.6	-18.3
866.9	13.77
867.2	1.37
867.5	-4.95
867.8	12.13
868.1	-2.85
868.4	-0.74
868.7	3.71
869.1	-19
869.4	-25.55
869.7	2.07
870	8.62
870.3	17.75
870.6	-1.68
870.9	-27.19
871.2	-9.17
871.5	15.41
871.8	-4.72
872.1	-19.93
872.5	-1.68
872.8	-13.61
873.1	-1.21
873.4	6.51
873.7	-13.61
874	24.54
874.3	-20.87
874.6	-2.61
874.9	21.96
875.2	0.66
875.6	-3.08
875.9	-21.1
876.2	-19.93
876.5	28.28
876.8	-2.61
877.1	-8.7
877.4	-1.91
877.7	-35.62
878	6.05
878.3	14.47
878.6	-3.32
878.9	20.09
879.3	-18.76
879.6	5.58
879.9	6.51
880.2	1.13
880.5	-16.42
880.8	8.39
881.1	-13.61
881.4	-30.93
881.7	4.64
882	14.47
882.3	-13.15
882.6	-9.17
882.9	-19
883.3	-22.27
883.6	-19.93
883.9	10.49
884.2	-0.27
884.5	-16.66
884.8	14.47
885.1	-1.21
885.4	-8.46
885.7	-1.21
886	-30.93
886.3	-23.91
886.6	-9.87
886.9	-16.89
887.2	-9.64
887.6	5.34
887.9	12.83
888.2	-13.85
888.5	-24.38
888.8	-6.83
889.1	6.05
889.4	4.41
889.7	-10.1
890	-2.85
890.3	17.75
890.6	-14.08
890.9	-6.36
891.2	4.17
891.5	24.54
891.8	-5.89
892.1	7.92
892.5	-7.76
892.8	19.39
893.1	-30.7
893.4	-34.91
893.7	-7.29
894	16.58
894.3	17.98
894.6	-1.44
894.9	-25.08
895.2	-21.57
895.5	-12.91
895.8	0.66
896.1	3.94
896.4	19.39
896.7	-20.17
897	-38.19
897.3	-26.72
897.6	-30.23
897.9	40.69
898.3	-18.53
898.6	-9.17
898.9	-19.23
899.2	13.3
899.5	-4.02
899.8	-5.89
900.1	-9.64
900.4	-22.98
900.7	-8.7
901	-20.4
901.3	4.88
901.6	-2.15
901.9	6.75
902.2	-12.68
902.5	-8.93
902.8	-16.42
903.1	-27.66
903.4	-6.12
903.7	-10.34
904	31.79
904.3	3.71
904.6	-10.57
904.9	-20.64
905.2	10.03
905.6	-36.32
905.9	-30.93
906.2	-0.51
906.5	17.75
906.8	-21.34
907.1	-18.3
907.4	-16.66
907.7	7.45
908	-14.55
908.3	-3.78
908.6	7.68
908.9	-10.57
909.2	-7.06
909.5	18.92
909.8	-17.12
910.1	-12.91
910.4	-35.38
910.7	-1.21
911	-26.96
911.3	-7.76
911.6	-18.06
911.9	18.45
912.2	-42.17
912.5	3.94
912.8	-10.1
913.1	-2.15
913.4	-2.38
913.7	-7.53
914	6.75
914.3	-11.74
914.6	-10.57
914.9	-26.72
915.2	-27.66
915.5	-8.7
915.8	-9.17
916.1	-24.61
916.4	16.81
916.7	-17.12
917	-7.06
917.3	15.64
917.6	3
917.9	-9.87
918.2	-35.62
918.5	9.56
918.8	-39.13
919.1	-5.42
919.5	-0.51
919.8	-1.91
920.1	-2.85
920.4	-8.23
920.7	-21.1
921	-27.89
921.3	3.24
921.6	-11.51
921.9	-12.21
922.2	9.56
922.5	-0.04
922.8	2.77
923.1	23.37
923.4	-17.59
923.7	7.68
924	13.3
924.3	-13.61
924.6	-7.76
924.9	6.98
925.2	19.86
925.5	-9.87
925.8	10.49
926.1	-8.46
926.4	8.39
926.7	20.32
927	2.54
927.3	6.98
927.6	-11.74
927.9	-0.51
928.2	-1.44
928.4	-20.4
928.7	-22.27
929	33.66
929.3	4.41
929.6	16.58
929.9	-5.89
930.2	-11.98
930.5	3.71
930.8	-20.64
931.1	-15.02
931.4	-17.83
931.7	-16.19
932	-14.78
932.3	-26.96
932.6	-8
932.9	30.15
933.2	13.77
933.5	-7.53
933.8	2.77
934.1	-36.32
934.4	-8.93
934.7	2.54
935	10.96
935.3	3.47
935.6	-30
935.9	4.17
936.2	0.9
936.5	-3.55
936.8	-15.02
937.1	8.86
937.4	-8.93
937.7	2.54
938	-8.46
938.3	-1.91
938.6	-24.38
938.9	-1.91
939.2	3.47
939.5	-26.96
939.8	-16.19
940.1	3.71
940.4	-48.49
940.7	-31.87
941	-6.36
941.3	23.13
941.6	-10.81
941.9	18.45
942.2	27.11
942.4	-8.93
942.7	3
943	-16.19
943.3	13.54
943.6	-4.72
943.9	-18.76
944.2	-7.06
944.5	-0.74
944.8	-11.51
945.1	-13.38
945.4	5.81
945.7	-12.44
946	-9.64
946.3	2.54
946.6	21.96
946.9	-2.38
947.2	7.45
947.5	15.88
947.8	-3.78
948.1	-26.02
948.4	-35.15
948.7	-10.34
949	-13.15
949.2	32.96
949.5	-6.12
949.8	21.96
950.1	0.9
950.4	-15.95
950.7	-11.04
951	3.71
951.3	-20.17
951.6	-18.06
951.9	-7.53
952.2	-0.04
952.5	0.2
952.8	-12.21
953.1	2.07
953.4	22.9
953.7	-3.55
954	23.37
954.3	-28.13
954.6	-7.29
954.8	-25.78
955.1	-0.98
955.4	-37.49
955.7	11.9
956	-3.08
956.3	0.2
956.6	-12.21
956.9	10.26
957.2	-16.19
957.5	-14.78
957.8	4.88
958.1	-29.06
958.4	9.32
958.7	-22.51
959	-0.74
959.2	-2.15
959.5	1.6
959.8	-45.21
960.1	-18.76
960.4	10.26
960.7	-1.44
961	8.62
961.3	-19.93
961.6	19.15
961.9	10.96
962.2	10.96
962.5	-4.49
962.8	-2.38
963.1	17.98
963.3	12.83
963.6	17.98
963.9	-3.55
964.2	-15.72
964.5	4.88
964.8	3.24
965.1	10.03
965.4	-12.21
965.7	-17.59
966	11.43
966.3	3.94
966.6	-4.02
966.9	18.22
967.1	-12.21
967.4	0.66
967.7	8.15
968	8.39
968.3	-31.87
968.6	6.75
968.9	0.43
969.2	-7.29
969.5	-7.29
969.8	2.07
970.1	-10.1
970.3	-34.91
970.6	-11.04
970.9	25.47
971.2	-21.81
971.5	-15.02
971.8	-23.91
972.1	21.03
972.4	18.45
972.7	12.37
973	-5.19
973.3	15.17
973.5	-4.72
973.8	-12.91
974.1	3.71
974.4	-10.1
974.7	-9.4
975	-25.55
975.3	5.81
975.6	-3.55
975.9	-9.87
976.2	2.54
976.4	-88.98
976.7	-6.36
977	0.9
977.3	-15.02
977.6	1.83
977.9	3.94
978.2	-4.95
978.5	-0.27
978.8	32.96
979	-6.59
979.3	2.54
979.6	10.73
979.9	6.51
980.2	-14.08
980.5	2.07
980.8	9.56
981.1	-0.74
981.4	17.98
981.6	6.51
981.9	10.49
982.2	21.96
982.5	-25.55
982.8	-14.78
983.1	-32.57
983.4	8.62
983.7	6.51
984	-4.95
984.2	-17.12
984.5	19.86
984.8	-7.76
985.1	6.51
985.4	-2.61
985.7	-6.12
986	5.81
986.3	-2.38
986.5	10.73
986.8	-20.4
987.1	-6.83
987.4	11.43
987.7	-16.66
988	-36.79
988.3	15.17
988.6	-13.61
988.8	-32.34
989.1	-7.29
989.4	-23.68
989.7	7.92
990	11.2
990.3	23.37
990.6	12.13
990.9	-11.74
991.1	13.54
991.4	10.96
991.7	4.88
992	-16.42
992.3	-6.83
992.6	11.2
992.9	23.6
993.1	-9.4
993.4	-8.46
993.7	-4.25
994	-10.81
994.3	-14.78
994.6	14.24
994.9	-14.55
995.1	-1.91
995.4	-21.34
995.7	25.47
996	6.05
996.3	-9.64
996.6	-22.74
996.9	-26.02
997.1	4.17
997.4	2.54
997.7	-17.36
998	-8.23
998.3	-17.36
998.6	-15.95
998.9	19.15
999.1	-11.04
999.4	-21.57
999.7	-5.89
1000	-0.98
1000.3	11.9
1000.6	-9.87
1000.8	-7.53
1001.1	-2.38
1001.4	7.92
1001.7	-24.38
1002	-8.46
1002.3	-4.72
1002.6	-5.89
1002.8	-2.38
1003.1	-5.89
1003.4	-22.04
1003.7	-17.83
1004	-2.85
1004.3	-13.85
1004.5	-19.23
1004.8	4.64
1005.1	-9.17
1005.4	-30
1005.7	14.47
1006	-21.81
1006.2	4.17
1006.5	14.71
1006.8	2.07
1007.1	-25.78
1007.4	4.17
1007.7	8.15
1007.9	-16.19
1008.2	13.3
1008.5	-9.17
1008.8	22.9
1009.1	-11.98
1009.4	-20.87
1009.6	-35.62
1009.9	-29.76
1010.2	0.43
1010.5	-14.78
1010.8	10.49
1011.1	30.86
1011.3	-18.76
1011.6	-29.06
1011.9	-22.04
1012.2	2.54
1012.5	-17.36
1012.7	15.17
1013	-22.51
1013.3	-15.72
1013.6	-19.93
1013.9	-7.53
1014.2	-30.23
1014.4	10.49
1014.7	-9.4
1015	-20.64
1015.3	-11.51
1015.6	-11.74
1015.8	1.6
1016.1	-11.27
1016.4	-2.38
1016.7	3.71
1017	12.6
1017.2	-18.06
1017.5	-5.42
1017.8	-15.25
1018.1	-11.04
1018.4	-24.85
1018.7	8.39
1018.9	-22.51
1019.2	10.96
1019.5	-8.23
1019.8	-26.25
1020.1	7.68
1020.3	-19.93
1020.6	-6.36
1020.9	-6.36
1021.2	-6.36
