340.2	-14.89
340.6	-14.89
340.9	-14.89
341.3	15.77
341.7	5.24
342.1	4.77
342.4	-33.14
342.8	-7.16
343.2	6.41
343.6	-14.65
343.9	-17.23
344.3	12.26
344.7	13.67
345.1	2.2
345.4	4.77
345.8	14.13
346.2	-23.78
346.6	61.41
346.9	-0.61
347.3	-6.46
347.7	1.26
348	-20.27
348.4	8.99
348.8	-6.46
349.2	-5.76
349.5	-21.68
349.9	-24.48
350.3	-23.31
350.7	5.24
351	-21.44
351.4	-19.1
351.8	-16.53
352.2	6.88
352.5	-4.59
352.9	6.88
353.3	12.5
353.6	-10.68
354	4.54
354.4	13.67
354.8	0.09
355.1	3.37
355.5	25.13
355.9	10.86
356.3	28.65
356.6	-20.04
357	10.39
357.4	5.24
357.8	3.84
358.1	-5.53
358.5	-3.65
358.9	-21.68
359.2	23.96
359.6	-20.04
360	-16.06
360.4	-37.36
360.7	-2.95
361.1	-12.55
361.5	-15.59
361.9	-4.82
362.2	-24.72
362.6	-26.12
363	-6.7
363.3	-15.59
363.7	9.22
364.1	-19.8
364.5	-1.31
364.8	-6.93
365.2	-2.95
365.6	-11.14
366	-2.95
366.3	15.07
366.7	-2.25
367.1	-37.59
367.4	7.81
367.8	-15.59
368.2	-12.78
368.6	9.45
368.9	6.88
369.3	-20.27
369.7	17.41
370	-2.48
370.4	-13.25
370.8	10.39
371.2	16.24
371.5	14.37
371.9	-14.19
372.3	-5.99
372.6	-5.06
373	8.75
373.4	35.9
373.8	-18.63
374.1	8.28
374.5	2.43
374.9	4.54
375.2	5.01
375.6	16.47
376	-0.38
376.4	-1.31
376.7	3.37
377.1	-16.76
377.5	-10.21
377.8	-15.12
378.2	1.96
378.6	-29.4
379	1.73
379.3	-21.68
379.7	-1.08
380.1	10.62
380.4	0.79
380.8	-25.42
381.2	-9.74
381.6	13.2
381.9	8.99
382.3	12.96
382.7	7.58
383	-15.36
383.4	-13.95
383.8	12.96
384.2	6.18
384.5	3.6
384.9	-0.61
385.3	1.73
385.6	-14.65
386	-2.48
386.4	-15.36
386.7	19.52
387.1	21.16
387.5	-10.21
387.9	12.5
388.2	-7.63
388.6	-23.31
389	-9.74
389.3	-8.8
389.7	-13.25
390.1	-23.08
390.5	15.77
390.8	1.5
391.2	-7.16
391.6	-26.12
391.9	-38.29
392.3	7.81
392.7	12.5
393	-17.23
393.4	-23.31
393.8	12.73
394.2	-22.14
394.5	-16.76
394.9	24.43
395.3	-2.02
395.6	22.79
396	-10.44
396.4	19.52
396.7	-5.76
397.1	-19.57
397.5	12.5
397.8	-13.02
398.2	-4.82
398.6	-5.53
399	-26.59
399.3	11.56
399.7	-36.42
400.1	-17.93
400.4	-8.33
400.8	3.13
401.2	-16.53
401.5	-5.06
401.9	12.26
402.3	-24.72
402.7	-2.72
403	-9.27
403.4	6.88
403.8	6.64
404.1	-13.72
404.5	26.31
404.9	-34.55
405.2	-19.8
405.6	-24.95
406	9.45
406.3	-11.61
406.7	19.75
407.1	5.24
407.4	4.77
407.8	-6.93
408.2	9.45
408.6	-0.85
408.9	-5.76
409.3	5.24
409.7	2.9
410	-32.68
410.4	-8.1
410.8	0.79
411.1	5.94
411.5	9.22
411.9	129.76
412.2	19.28
412.6	-20.04
413	1.73
413.3	-1.78
413.7	-16.76
414.1	14.13
414.4	-16.06
414.8	-4.82
415.2	2.67
415.5	1.96
415.9	16.01
416.3	12.03
416.7	-3.19
417	11.79
417.4	-37.36
417.8	18.82
418.1	0.33
418.5	-23.31
418.9	9.22
419.2	37.77
419.6	8.99
420	-19.1
420.3	-2.72
420.7	-3.42
421.1	5.24
421.4	-18.4
421.8	5.01
422.2	7.58
422.5	-32.68
422.9	-2.95
423.3	8.28
423.6	-16.29
424	4.77
424.4	-33.38
424.7	8.52
425.1	-0.14
425.5	3.13
425.8	15.3
426.2	-2.95
426.6	-11.61
426.9	-15.82
427.3	-11.85
427.7	-13.48
428	-16.76
428.4	-10.44
428.8	-0.85
429.1	-7.16
429.5	-11.85
429.9	5.01
430.2	-16.76
430.6	-12.78
431	-32.21
431.3	-2.95
431.7	32.16
432.1	-24.48
432.4	-2.95
432.8	-4.12
433.2	-29.4
433.5	12.03
433.9	-20.04
434.3	-10.21
434.6	8.99
435	-3.89
435.4	-16.29
435.7	-2.95
436.1	27.01
436.5	11.56
436.8	-15.36
437.2	-9.27
437.6	-36.89
437.9	-24.48
438.3	-6.7
438.7	9.45
439	23.26
439.4	7.35
439.8	-19.1
440.1	-2.72
440.5	-7.4
440.9	-16.53
441.2	-10.21
441.6	-9.97
442	4.3
442.3	-37.59
442.7	7.81
443.1	6.88
443.4	10.86
443.8	-27.06
444.1	-12.08
444.5	21.39
444.9	19.99
445.2	0.56
445.6	-12.78
446	-18.87
446.3	-10.21
446.7	-9.97
447.1	1.96
447.4	15.54
447.8	-2.72
448.2	-1.78
448.5	12.96
448.9	-5.06
449.3	-0.85
449.6	15.07
450	-0.14
450.4	-11.85
450.7	16.47
451.1	3.13
451.4	14.84
451.8	15.54
452.2	-10.21
452.5	-11.38
452.9	2.9
453.3	-11.14
453.6	-7.63
454	-9.97
454.4	-16.06
454.7	-33.14
455.1	-20.97
455.5	-17.7
455.8	-2.95
456.2	11.09
456.5	-23.31
456.9	1.26
457.3	-2.25
457.6	-2.02
458	-10.21
458.4	-8.8
458.7	-6.93
459.1	-35.02
459.5	-1.31
459.8	4.77
460.2	5.24
460.5	-37.59
460.9	-8.33
461.3	-20.04
461.6	6.41
462	3.13
462.4	-1.55
462.7	-4.36
463.1	-11.38
463.5	-21.21
463.8	-13.95
464.2	2.2
464.5	14.84
464.9	8.52
465.3	12.96
465.6	7.58
466	2.43
466.4	-25.19
466.7	1.5
467.1	2.9
467.5	-16.06
467.8	-49.06
468.2	1.96
468.5	-8.8
468.9	24.43
469.3	-5.76
469.6	0.56
470	-17.93
470.4	-13.02
470.7	1.73
471.1	-20.74
471.4	-12.55
471.8	-9.27
472.2	-5.76
472.5	25.13
472.9	-23.31
473.3	11.56
473.6	-19.8
474	11.79
474.3	0.33
474.7	-9.04
475.1	-12.55
475.4	11.56
475.8	-13.72
476.2	-4.12
476.5	3.37
476.9	-2.72
477.2	-5.06
477.6	-18.17
478	-0.85
478.3	13.9
478.7	-6.93
479.1	-19.1
479.4	-17.93
479.8	26.54
480.1	-2.25
480.5	-7.16
480.9	11.56
481.2	-17.23
481.6	-17.23
481.9	2.43
482.3	-12.31
482.7	-23.31
483	-12.78
483.4	21.86
483.8	16.71
484.1	1.03
484.5	-40.87
484.8	-4.12
485.2	2.2
485.6	9.22
485.9	25.6
486.3	14.84
486.6	0.09
487	19.05
487.4	5.24
487.7	-12.31
488.1	21.86
488.5	-10.21
488.8	-5.76
489.2	12.03
489.5	-31.04
489.9	15.07
490.3	8.52
490.6	-21.68
491	-1.08
491.3	13.43
491.7	-28.93
492.1	-16.53
492.4	-7.4
492.8	-12.78
493.1	4.3
493.5	11.33
493.9	-21.91
494.2	19.75
494.6	13.2
494.9	-34.31
495.3	-3.19
495.7	-13.48
496	-5.76
496.4	-19.34
496.7	-2.95
497.1	-1.55
497.5	-22.14
497.8	2.67
498.2	15.07
498.5	-26.12
498.9	15.3
499.3	1.03
499.6	10.86
500	-2.25
500.3	5.24
500.7	-9.74
501.1	-2.48
501.4	-26.36
501.8	26.54
502.1	-6.46
502.5	5.47
502.9	-18.4
503.2	-8.33
503.6	36.14
503.9	-32.44
504.3	-11.61
504.7	-12.78
505	-28.23
505.4	1.03
505.7	32.62
506.1	25.37
506.5	-20.04
506.8	20.45
507.2	-0.14
507.5	21.62
507.9	9.45
508.2	-10.44
508.6	-16.06
509	-0.61
509.3	-4.12
509.7	9.45
510	16.71
510.4	1.73
510.8	-23.08
511.1	16.94
511.5	4.07
511.8	7.58
512.2	1.96
512.6	-9.27
512.9	-14.19
513.3	-4.12
513.6	2.9
514	-20.97
514.3	5.01
514.7	5.94
515.1	-2.48
515.4	1.73
515.8	-33.61
516.1	-26.36
516.5	19.75
516.9	24.67
517.2	-2.95
517.6	-28.7
517.9	-7.16
518.3	-7.16
518.6	20.69
519	-7.4
519.4	-9.27
519.7	-2.72
520.1	1.03
520.4	-8.8
520.8	-0.38
521.1	-21.91
521.5	6.41
521.9	11.79
522.2	-9.04
522.6	6.88
522.9	2.43
523.3	-10.91
523.6	-32.91
524	-12.08
524.4	-3.42
524.7	20.45
525.1	-4.59
525.4	21.62
525.8	-1.78
526.2	-5.06
526.5	5.47
526.9	0.56
527.2	1.5
527.6	13.9
527.9	-13.25
528.3	-0.38
528.6	-21.91
529	-14.89
529.4	4.77
529.7	5.94
530.1	-7.87
530.4	-13.95
530.8	14.84
531.1	-3.19
531.5	21.86
531.9	3.6
532.2	-8.33
532.6	-7.63
532.9	-11.61
533.3	13.2
533.6	-7.63
534	12.5
534.4	180.08
534.7	16.01
535.1	1.03
535.4	-14.42
535.8	-21.44
536.1	15.07
536.5	3.13
536.8	13.2
537.2	2.2
537.6	-29.87
537.9	-28.23
538.3	-13.95
538.6	1.5
539	4.07
539.3	4.3
539.7	-15.36
540	-27.06
540.4	-2.72
540.8	-2.48
541.1	148.01
541.5	-2.72
541.8	-18.87
542.2	-20.97
542.5	-1.55
542.9	0.33
543.2	25.13
543.6	-16.76
544	-4.12
544.3	9.22
544.7	8.28
545	-0.38
545.4	21.62
545.7	-2.25
546.1	-7.63
546.4	33.56
546.8	2.67
547.2	-13.48
547.5	-18.87
547.9	-0.61
548.2	24.9
548.6	5.47
548.9	9.45
549.3	9.22
549.6	-3.19
550	30.28
550.3	9.69
550.7	-17.23
551.1	5.01
551.4	24.9
551.8	3.13
552.1	27.94
552.5	13.2
552.8	-3.42
553.2	-36.19
553.5	-2.48
553.9	35.43
554.2	1.26
554.6	-6.46
554.9	19.75
555.3	4.77
555.7	33.33
556	35.2
556.4	-13.72
556.7	1.26
557.1	2.67
557.4	14.84
557.8	25.6
558.1	27.48
558.5	4.07
558.8	2.67
559.2	12.96
559.5	9.22
559.9	8.99
560.3	-0.38
560.6	19.75
561	12.73
561.3	-3.42
561.7	15.3
562	12.96
562.4	20.69
562.7	28.41
563.1	8.05
563.4	13.9
563.8	20.69
564.1	31.69
564.5	-19.34
564.8	-10.21
565.2	9.45
565.5	32.62
565.9	44.09
566.3	15.54
566.6	15.54
567	30.28
567.3	21.86
567.7	6.88
568	40.58
568.4	23.26
568.7	7.11
569.1	13.9
569.4	18.35
569.8	17.41
570.1	41.05
570.5	12.96
570.8	59.77
571.2	36.84
571.5	11.33
571.9	9.69
572.2	19.28
572.6	20.92
572.9	20.92
573.3	31.22
573.6	23.03
574	40.11
574.4	44.56
574.7	12.26
575.1	61.18
575.4	33.09
575.8	22.56
576.1	63.52
576.5	10.62
576.8	60.24
577.2	48.07
577.5	30.05
577.9	207.7
578.2	39.41
578.6	44.8
578.9	64.92
579.3	61.65
579.6	66.8
580	42.22
580.3	42.69
580.7	51.35
581	33.79
581.4	50.65
581.7	32.86
582.1	61.41
582.4	63.99
582.8	51.11
583.1	49.71
583.5	76.86
583.8	43.62
584.2	61.41
584.5	56.73
584.9	74.29
585.2	74.05
585.6	65.39
585.9	77.56
586.3	62.12
586.6	73.12
587	60.94
587.3	98.16
587.7	77.09
588	101.67
588.4	85.52
588.7	77.09
589.1	103.78
589.4	105.18
589.8	102.14
590.1	103.31
590.5	117.35
590.8	105.42
591.2	96.05
591.5	126.48
591.9	93.24
592.2	127.42
592.6	119.69
592.9	122.74
593.3	139.82
593.6	143.1
594	170.01
594.3	148.95
594.7	156.44
595	136.31
595.4	135.61
595.7	170.48
596.1	157.38
596.4	185.93
596.8	209.33
597.1	141.23
597.5	171.18
597.8	208.16
598.2	218.23
598.5	217.99
598.9	216.12
599.2	210.27
599.6	234.38
599.9	239.76
600.3	270.19
600.6	256.85
601	275.81
601.3	276.51
601.7	262.93
602	288.91
602.4	317.47
602.7	316.3
603.1	335.26
603.4	346.96
603.8	328
604.1	374.58
604.5	366.62
604.8	373.87
605.1	408.05
605.5	441.98
605.8	457.67
606.2	462.11
606.5	475.92
606.9	493.01
607.2	496.52
607.6	534.44
607.9	548.48
608.3	576.56
608.6	584.05
609	589.91
609.3	635.08
609.7	638.59
610	716.29
610.4	722.38
610.7	758.19
611.1	762.64
611.4	815.53
611.8	820.68
612.1	846.66
612.5	891.37
612.8	905.41
613.1	930.69
613.5	1028.05
613.8	1045.84
614.2	1065.5
614.5	1169.42
614.9	1156.32
615.2	1233.09
615.6	1249
615.9	1330.45
616.3	1347.54
616.6	1382.88
617	1483.52
617.3	1524.25
617.7	1583.7
618	1673.34
618.3	1732.32
618.7	1839.99
619	1815.41
619.4	1895.92
619.7	2007.57
620.1	2094.4
620.4	2137.23
620.8	2237.88
621.1	2257.77
621.5	2311.14
621.8	2452.27
622.2	2542.38
622.5	2594.11
622.8	2717.22
623.2	2794.22
623.5	2863.97
623.9	2971.64
624.2	3104.11
624.6	3169.41
624.9	3285.03
625.3	3451.44
625.6	3559.11
626	3648.28
626.3	3769.52
626.7	3901.3
627	4023.94
627.3	4138.39
627.7	4241.38
628	4365.66
628.4	4549.16
628.7	4623.35
629.1	4708.55
629.4	4889.7
629.8	4929.03
630.1	5094.5
630.5	5221.59
630.8	5261.15
631.1	5303.98
631.5	5454.94
631.8	5433.64
632.2	5485.14
632.5	5458.45
632.9	5509.01
633.2	5510.65
633.6	5465.24
633.9	5392.45
634.2	5280.81
634.6	5226.04
634.9	5091.22
635.3	4932.54
635.6	4774.78
636	4646.52
636.3	4471.22
636.7	4241.38
637	4051.32
637.3	3897.55
637.7	3673.33
638	3527.75
638.4	3298.14
638.7	3081.87
639.1	2934.65
639.4	2780.18
639.8	2580.53
640.1	2417.4
640.4	2291.94
640.8	2130.21
641.1	1995.87
641.5	1849.82
641.8	1741.22
642.2	1625.83
642.5	1485.39
642.8	1433.9
643.2	1359.71
643.5	1212.49
643.9	1154.21
644.2	1106.46
644.6	1034.84
644.9	939.58
645.3	928.58
645.6	852.75
645.9	791.66
646.3	734.55
646.6	709.04
647	640.93
647.3	600.91
647.7	578.91
648	537.01
648.3	511.73
648.7	455.56
649	468.9
649.4	417.17
649.7	430.28
650.1	378.32
650.4	393.77
650.7	357.96
651.1	319.11
651.4	304.13
651.8	289.85
652.1	281.66
652.4	243.04
652.8	239.29
653.1	241.4
653.5	231.1
653.8	229.7
654.2	224.31
654.5	208.63
654.8	155.97
655.2	155.5
655.5	168.38
655.9	153.4
656.2	136.08
656.6	155.5
656.9	139.59
657.2	146.14
657.6	119.46
657.9	122.03
658.3	126.71
658.6	88.8
658.9	109.39
659.3	102.14
659.6	95.12
660	98.39
660.3	85.29
660.7	69.14
661	61.41
661.3	90.9
661.7	69.84
662	66.8
662.4	46.9
662.7	51.58
663	41.28
663.4	56.03
663.7	76.39
664.1	21.86
664.4	48.54
664.7	20.45
665.1	60.71
665.4	34.26
665.8	53.46
666.1	38.71
666.4	40.82
666.8	52.28
667.1	13.67
667.5	17.88
667.8	32.16
668.1	20.69
668.5	18.35
668.8	30.05
669.2	43.62
669.5	-2.48
669.8	32.16
670.2	24.9
670.5	17.41
670.9	5.94
671.2	-0.14
671.5	30.99
671.9	-4.36
672.2	21.86
672.6	27.01
672.9	12.26
673.2	26.07
673.6	-1.31
673.9	27.71
674.3	-3.65
674.6	32.16
674.9	5.01
675.3	25.37
675.6	30.28
676	98.39
676.3	30.05
676.6	22.56
677	25.37
677.3	-9.27
677.7	8.75
678	-3.19
678.3	13.9
678.7	-15.12
679	-16.29
679.4	14.37
679.7	7.11
680	12.5
680.4	5.94
680.7	-2.48
681	14.37
681.4	13.43
681.7	7.35
682.1	23.73
682.4	6.88
682.7	-22.38
683.1	-19.1
683.4	29.11
683.8	12.5
684.1	-0.14
684.4	1.03
684.8	-9.04
685.1	0.79
685.4	23.5
685.8	15.77
686.1	76.16
686.5	30.28
686.8	-2.95
687.1	5.47
687.5	10.39
687.8	20.92
688.1	-5.06
688.5	8.99
688.8	-10.21
689.2	-23.55
689.5	-7.16
689.8	-240.75
690.2	1.03
690.5	-13.25
690.8	30.05
691.2	35.2
691.5	4.54
691.9	-9.74
692.2	-13.72
692.5	-3.65
692.9	-2.72
693.2	-4.12
693.5	-9.27
693.9	-0.38
694.2	14.37
694.6	4.77
694.9	13.9
695.2	-0.61
695.6	34.73
695.9	-34.55
696.2	-5.06
696.6	14.6
696.9	-10.44
697.2	-5.99
697.6	43.86
697.9	-8.8
698.3	-21.91
698.6	-13.95
698.9	-14.65
699.3	-9.04
699.6	-17.93
699.9	30.05
700.3	1.5
700.6	-22.38
700.9	-11.38
701.3	-20.04
701.6	-27.76
702	17.65
702.3	22.79
702.6	7.35
703	-28.23
703.3	-0.38
703.6	9.69
704	4.07
704.3	14.6
704.6	-17.46
705	-2.48
705.3	-3.65
705.6	5.71
706	12.96
706.3	-13.02
706.6	10.62
707	-13.25
707.3	12.26
707.7	-6.93
708	12.5
708.3	-33.38
708.7	-3.19
709	11.79
709.3	-7.87
709.7	-19.1
710	-11.38
710.3	-28.46
710.7	11.79
711	-2.02
711.3	-21.44
711.7	9.69
712	2.43
712.3	-15.12
712.7	8.99
713	14.13
713.3	3.84
713.7	1.26
714	30.52
714.3	-4.82
714.7	-2.02
715	-13.48
715.3	1.26
715.7	5.71
716	33.33
716.3	-19.1
716.7	-27.06
717	-22.61
717.3	-2.95
717.7	-3.89
718	-20.97
718.4	1.26
718.7	9.22
719	-20.51
719.4	8.52
719.7	3.13
720	-3.42
720.4	5.01
720.7	11.79
721	-23.55
721.3	-20.51
721.7	9.22
722	-21.21
722.3	-6.7
722.7	-2.72
723	-16.76
723.3	-5.53
723.7	-16.53
724	20.92
724.3	3.13
724.7	-3.89
725	-1.08
725.3	7.11
725.7	-3.19
726	-0.85
726.3	6.18
726.7	3.37
727	5.47
727.3	-14.19
727.7	-30.34
728	3.13
728.3	-38.53
728.7	16.01
729	-6.7
729.3	20.45
729.7	-7.4
730	14.6
730.3	-17.7
730.7	-5.53
731	-12.08
731.3	-18.87
731.7	-1.78
732	9.69
732.3	-19.1
732.6	-18.4
733	-23.78
733.3	-13.02
733.6	1.03
734	9.69
734.3	3.84
734.6	-5.99
735	8.28
735.3	-14.19
735.6	-0.61
736	0.33
736.3	-5.29
736.6	7.58
737	17.41
737.3	-6.93
737.6	16.01
737.9	-15.36
738.3	23.26
738.6	-41.57
738.9	13.9
739.3	-36.42
739.6	-23.78
739.9	-13.25
740.3	3.37
740.6	-6.46
740.9	0.56
741.2	-19.34
741.6	17.41
741.9	-8.57
742.2	-5.76
742.6	-7.16
742.9	-0.61
743.2	-13.72
743.6	-33.85
743.9	-5.99
744.2	-0.61
744.6	28.88
744.9	-14.89
745.2	-27.53
745.5	-10.68
745.9	-32.44
746.2	-9.04
746.5	-7.63
746.9	29.58
747.2	-22.38
747.5	-18.63
747.8	-24.02
748.2	-1.55
748.5	11.56
748.8	6.64
749.2	-5.06
749.5	27.94
749.8	-5.53
750.1	4.3
750.5	6.64
750.8	-11.61
751.1	3.37
751.5	-0.61
751.8	-15.36
752.1	-7.87
752.5	-27.29
752.8	-6.23
753.1	0.79
753.4	19.75
753.8	-34.08
754.1	-26.59
754.4	-14.19
754.7	-22.38
755.1	0.33
755.4	-13.95
755.7	-16.76
756.1	13.43
756.4	7.81
756.7	-20.04
757	12.26
757.4	-13.72
757.7	-11.85
758	-33.61
758.4	8.52
758.7	13.9
759	-12.78
759.3	-12.55
759.7	1.26
760	5.71
760.3	12.03
760.7	9.92
761	-19.57
761.3	22.33
761.6	16.71
762	-20.97
762.3	-19.57
762.6	7.58
762.9	-4.59
763.3	-18.4
763.6	11.79
763.9	-7.87
764.2	-12.08
764.6	-24.25
764.9	-33.61
765.2	21.86
765.6	-16.53
765.9	2.67
766.2	-20.27
766.5	12.26
766.9	-14.65
767.2	-16.53
767.5	13.2
767.8	-18.63
768.2	-21.68
768.5	-21.68
768.8	-9.27
769.1	-12.55
769.5	-11.14
769.8	-3.42
770.1	2.43
770.5	3.6
770.8	-12.08
771.1	4.77
771.4	15.77
771.8	11.09
772.1	6.41
772.4	-10.68
772.7	-39.46
773.1	-15.82
773.4	21.86
773.7	18.11
774	-39.7
774.4	-8.57
774.7	-13.95
775	-10.21
775.3	-11.85
775.7	9.92
776	-12.08
776.3	13.67
776.6	0.09
777	-43.68
777.3	-16.29
777.6	-6.23
777.9	-25.19
778.3	15.77
778.6	13.9
778.9	3.13
779.2	-4.12
779.6	-15.12
779.9	-3.42
780.2	24.43
780.5	-23.08
780.9	-15.12
781.2	-15.36
781.5	-24.02
781.8	1.96
782.2	-7.4
782.5	1.26
782.8	-6.23
783.1	-11.38
783.4	-13.95
783.8	13.9
784.1	1.26
784.4	25.13
784.7	-17.23
785.1	19.75
785.4	-3.42
785.7	-10.44
786	-12.55
786.4	-8.57
786.7	-2.48
787	6.64
787.3	-9.27
787.7	-13.02
788	-4.36
788.3	21.86
788.6	15.3
788.9	15.54
789.3	-16.76
789.6	-12.08
789.9	5.24
790.2	1.73
790.6	-10.44
790.9	-1.08
791.2	-2.48
791.5	-14.65
791.9	-24.25
792.2	11.79
792.5	-9.97
792.8	-3.89
793.1	3.84
793.5	-24.02
793.8	9.22
794.1	-5.29
794.4	-13.02
794.8	5.24
795.1	6.18
795.4	-17.93
795.7	-39.7
796	6.64
796.4	8.75
796.7	-4.59
797	-0.85
797.3	9.92
797.7	9.92
798	-9.51
798.3	-36.42
798.6	-9.51
798.9	-12.55
799.3	-8.8
799.6	-3.19
799.9	13.43
800.2	-10.44
800.5	-10.21
800.9	-24.72
801.2	7.81
801.5	15.07
801.8	-4.82
802.2	-9.27
802.5	1.26
802.8	4.77
803.1	1.26
803.4	7.35
803.8	4.3
804.1	-6.23
804.4	-3.19
804.7	15.77
805	6.18
805.4	-26.12
805.7	-45.08
806	-8.8
806.3	14.37
806.6	9.69
807	6.18
807.3	22.09
807.6	20.22
807.9	-8.33
808.2	-19.57
808.6	-24.02
808.9	3.84
809.2	23.5
809.5	-25.89
809.8	-12.31
810.2	-3.89
810.5	21.16
810.8	-6.7
811.1	-14.65
811.4	22.79
811.8	-6.46
812.1	-16.53
812.4	-7.87
812.7	-6.46
813	-20.51
813.4	-6.7
813.7	-6.23
814	-5.53
814.3	-15.12
814.6	10.39
815	4.3
815.3	-13.72
815.6	4.54
815.9	-4.36
816.2	-5.99
816.5	6.41
816.9	11.09
817.2	-3.89
817.5	5.01
817.8	20.69
818.1	2.2
818.5	-14.19
818.8	5.94
819.1	2.2
819.4	8.28
819.7	-7.16
820.1	-0.61
820.4	10.39
820.7	-1.31
821	4.77
821.3	-37.36
821.6	-23.31
822	-42.97
822.3	-6.46
822.6	-14.19
822.9	12.96
823.2	-23.31
823.5	1.26
823.9	-25.19
824.2	1.5
824.5	-13.02
824.8	0.56
825.1	22.79
825.5	33.09
825.8	-24.25
826.1	-7.4
826.4	-18.4
826.7	10.16
827	10.16
827.4	9.22
827.7	-5.29
828	-13.48
828.3	3.84
828.6	4.77
828.9	-21.44
829.3	13.43
829.6	0.79
829.9	-20.27
830.2	-22.38
830.5	-9.97
830.8	-7.4
831.2	-3.19
831.5	-11.38
831.8	-29.17
832.1	-16.53
832.4	-42.51
832.7	1.5
833.1	-10.91
833.4	13.43
833.7	-19.57
834	-14.19
834.3	7.35
834.6	5.01
835	7.58
835.3	-12.78
835.6	-0.61
835.9	-1.78
836.2	-13.48
836.5	-21.91
836.8	-17.7
837.2	-12.31
837.5	-3.42
837.8	-11.14
838.1	-5.53
838.4	7.11
838.7	1.96
839.1	29.82
839.4	8.75
839.7	-20.74
840	-18.63
840.3	-2.72
840.6	-272.35
840.9	-23.55
841.3	-51.17
841.6	-7.16
841.9	-16.29
842.2	20.22
842.5	-16.29
842.8	-14.65
843.1	31.22
843.5	-21.91
843.8	-2.48
844.1	-11.61
844.4	-31.04
844.7	9.45
845	3.37
845.3	-17.93
845.7	-6.23
846	-28
846.3	-18.87
846.6	-5.99
846.9	16.71
847.2	14.6
847.5	-8.8
847.9	14.37
848.2	26.77
848.5	-22.85
848.8	-4.12
849.1	-2.95
849.4	2.9
849.7	7.58
850	-22.14
850.4	1.96
850.7	-14.89
851	41.28
851.3	-10.91
851.6	0.79
851.9	-26.83
852.2	-19.57
852.5	9.45
852.9	-13.48
853.2	-17.7
853.5	-2.72
853.8	35.2
854.1	11.79
854.4	3.37
854.7	5.47
855.1	-3.89
855.4	10.39
855.7	-9.97
856	3.84
856.3	-1.31
856.6	-10.44
856.9	-19.34
857.2	7.81
857.5	1.26
857.9	2.2
858.2	-10.44
858.5	-23.08
858.8	-39.46
859.1	-40.17
859.4	-7.16
859.7	27.71
860	-13.48
860.4	17.18
860.7	6.41
861	-11.61
861.3	-10.44
861.6	-2.95
861.9	4.3
862.2	-0.61
862.5	-20.04
862.8	10.39
863.2	20.92
863.5	-4.36
863.8	14.6
864.1	-20.04
864.4	-4.36
864.7	7.11
865	0.56
865.3	8.28
865.6	4.07
866	-6.46
866.3	39.65
866.6	-6.7
866.9	4.54
867.2	8.75
867.5	-3.65
867.8	4.54
868.1	-19.1
868.4	1.26
868.7	-13.72
869.1	-5.99
869.4	2.2
869.7	18.82
870	-11.14
870.3	4.07
870.6	-21.44
870.9	-17.46
871.2	-9.97
871.5	12.5
871.8	-20.04
872.1	0.33
872.5	12.96
872.8	-17.7
873.1	-15.59
873.4	-1.31
873.7	0.33
874	12.96
874.3	0.79
874.6	9.45
874.9	13.67
875.2	-3.65
875.6	-9.97
875.9	-12.08
876.2	3.37
876.5	2.9
876.8	28.65
877.1	-10.44
877.4	6.88
877.7	-5.76
878	-5.53
878.3	11.09
878.6	-1.55
878.9	5.24
879.3	-32.68
879.6	19.05
879.9	24.43
880.2	-13.48
880.5	-12.08
880.8	-13.02
881.1	-18.87
881.4	-31.04
881.7	-8.33
882	1.96
882.3	-10.21
882.6	-9.51
882.9	-34.08
883.3	-1.08
883.6	-17.7
883.9	12.5
884.2	-23.55
884.5	0.56
884.8	10.86
885.1	2.67
885.4	-22.61
885.7	-11.38
886	-10.91
886.3	-46.72
886.6	-0.14
886.9	5.24
887.2	-16.76
887.6	-0.14
887.9	-14.42
888.2	-22.61
888.5	-16.76
888.8	-15.12
889.1	-7.16
889.4	21.39
889.7	-19.8
890	-24.48
890.3	-3.65
890.6	11.09
890.9	16.71
891.2	29.35
891.5	-2.95
891.8	-18.4
892.1	-6.7
892.5	-13.95
892.8	21.39
893.1	-22.85
893.4	-29.4
893.7	-20.51
894	-11.14
894.3	4.54
894.6	-9.04
894.9	-29.87
895.2	-7.63
895.5	-8.1
895.8	1.5
896.1	17.41
896.4	11.79
896.7	-27.29
897	-35.95
897.3	-11.14
897.6	-10.21
897.9	24.2
898.3	-3.65
898.6	-8.1
898.9	-3.42
899.2	3.6
899.5	-2.95
899.8	4.54
900.1	-9.97
900.4	10.39
900.7	-2.02
901	-2.25
901.3	-2.72
901.6	-17.23
901.9	19.28
902.2	-4.82
902.5	17.88
902.8	-7.16
903.1	-10.44
903.4	-2.72
903.7	-0.14
904	16.94
904.3	7.81
904.6	-6.46
904.9	-16.53
905.2	2.67
905.6	-23.78
905.9	-29.87
906.2	-1.78
906.5	19.05
906.8	-26.59
907.1	-17.23
907.4	-17.7
907.7	2.43
908	-29.87
908.3	-20.74
908.6	5.01
908.9	-23.55
909.2	1.26
909.5	-8.33
909.8	0.33
910.1	3.37
910.4	-15.82
910.7	1.73
911	-6.93
911.3	13.43
911.6	-16.06
911.9	15.77
912.2	-22.38
912.5	-13.95
912.8	-40.87
913.1	-13.25
913.4	-14.42
913.7	-22.14
914	11.33
914.3	3.13
914.6	-15.12
914.9	-28
915.2	-22.61
915.5	-21.91
915.8	-14.89
916.1	-13.95
916.4	-27.76
916.7	1.5
917	-3.89
917.3	13.43
917.6	4.07
917.9	-2.48
918.2	-11.38
918.5	12.5
918.8	-27.29
919.1	-16.99
919.5	9.69
919.8	-5.53
920.1	-24.72
920.4	-31.04
920.7	0.09
921	-9.27
921.3	-4.36
921.6	-9.97
921.9	1.96
922.2	5.24
922.5	19.52
922.8	-2.25
923.1	2.43
923.4	-14.89
923.7	29.35
924	-9.27
924.3	-33.38
924.6	-12.31
924.9	-5.29
925.2	12.5
925.5	16.01
925.8	30.75
926.1	-11.14
926.4	8.28
926.7	-13.02
927	-22.85
927.3	-24.48
927.6	-25.65
927.9	5.01
928.2	-9.74
928.4	-44.15
928.7	-25.19
929	9.92
929.3	-1.08
929.6	16.94
929.9	-4.12
930.2	-5.06
930.5	-7.4
930.8	8.28
931.1	10.39
931.4	-19.1
931.7	-22.14
932	1.73
932.3	-29.87
932.6	-1.31
932.9	6.18
933.2	-14.65
933.5	5.94
933.8	-10.21
934.1	-30.8
934.4	-4.59
934.7	3.37
935	8.28
935.3	-20.74
935.6	-36.42
935.9	-2.95
936.2	3.6
936.5	-8.8
936.8	-19.1
937.1	-24.95
937.4	-17.93
937.7	17.65
938	-9.51
938.3	-20.74
938.6	-35.72
938.9	-2.95
939.2	15.07
939.5	-4.36
939.8	1.03
940.1	-4.82
940.4	-17.93
940.7	-24.72
941	5.71
941.3	-2.25
941.6	0.56
941.9	-9.04
942.2	1.5
942.4	-5.53
942.7	0.79
943	-9.97
943.3	13.43
943.6	6.64
943.9	-6.93
944.2	7.11
944.5	19.05
944.8	3.13
945.1	-6.7
945.4	-23.55
945.7	-11.85
946	-7.16
946.3	-11.38
946.6	19.05
946.9	-11.38
947.2	-1.55
947.5	16.47
947.8	-16.06
948.1	-9.51
948.4	-22.14
948.7	-11.38
949	-25.89
949.2	-29.17
949.5	-11.14
949.8	38.71
950.1	-15.36
950.4	5.94
950.7	-15.59
951	1.26
951.3	-28.93
951.6	-12.55
951.9	-33.14
952.2	7.81
952.5	3.13
952.8	-28.7
953.1	16.24
953.4	3.13
953.7	17.18
954	-2.72
954.3	-33.61
954.6	-20.97
954.8	-35.95
955.1	-4.59
955.4	-21.68
955.7	8.99
956	-4.12
956.3	5.01
956.6	-13.95
956.9	-1.31
957.2	-27.06
957.5	-4.36
957.8	-26.83
958.1	-30.34
958.4	-7.63
958.7	-37.36
959	13.43
959.2	14.6
959.5	8.52
959.8	-30.34
960.1	-2.48
960.4	-27.06
960.7	16.47
961	-2.25
961.3	-20.74
961.6	19.05
961.9	11.33
962.2	30.52
962.5	-16.76
962.8	-9.04
963.1	-13.02
963.3	1.73
963.6	15.07
963.9	-3.19
964.2	-2.48
964.5	-31.27
964.8	9.92
965.1	-0.61
965.4	-14.19
965.7	-16.99
966	2.2
966.3	-4.82
966.6	3.37
966.9	-2.02
967.1	-5.99
967.4	-5.76
967.7	12.5
968	27.48
968.3	-16.76
968.6	10.16
968.9	-8.8
969.2	-19.34
969.5	-0.61
969.8	5.47
970.1	-4.36
970.3	-49.29
970.6	-13.25
970.9	-12.78
971.2	-22.61
971.5	6.41
971.8	-20.97
972.1	-7.63
972.4	8.28
972.7	-10.68
973	9.92
973.3	-16.99
973.5	18.11
973.8	-6.23
974.1	8.05
974.4	-4.36
974.7	8.75
975	-30.34
975.3	0.79
975.6	-16.99
975.9	-24.72
976.2	14.13
976.4	-95.4
976.7	2.2
977	-9.51
977.3	-17.46
977.6	-12.55
977.9	17.18
978.2	-6.93
978.5	1.73
978.8	29.82
979	-25.65
979.3	-2.95
979.6	-11.85
979.9	9.69
980.2	-27.29
980.5	-4.12
980.8	4.54
981.1	3.13
981.4	1.26
981.6	-9.51
981.9	6.64
982.2	20.69
982.5	5.01
982.8	12.96
983.1	-25.89
983.4	-24.72
983.7	-3.19
984	11.33
984.2	-3.89
984.5	-5.06
984.8	-13.95
985.1	-11.38
985.4	-1.78
985.7	-21.68
986	11.33
986.3	-11.85
986.5	8.05
986.8	-25.42
987.1	-2.48
987.4	-7.87
987.7	-21.68
988	-45.08
988.3	-28.93
988.6	-21.21
988.8	-36.42
989.1	-17.7
989.4	-16.76
989.7	9.92
990	-0.14
990.3	12.03
990.6	5.94
990.9	-9.74
991.1	-20.27
991.4	-3.42
991.7	-6.23
992	7.58
992.3	-12.08
992.6	10.62
992.9	-5.99
993.1	-15.36
993.4	-21.44
993.7	-17.46
994	4.07
994.3	-24.72
994.6	-13.95
994.9	-5.29
995.1	-20.04
995.4	-38.76
995.7	31.92
996	4.07
996.3	10.39
996.6	-20.27
996.9	-33.85
997.1	7.11
997.4	9.22
997.7	-29.87
998	-11.14
998.3	-17.7
998.6	-27.29
998.9	11.33
999.1	-17.46
999.4	-17.23
999.7	0.56
1000	5.94
1000.3	-19.57
1000.6	-10.44
1000.8	-37.12
1001.1	20.22
1001.4	-10.44
1001.7	-6.7
1002	-30.34
1002.3	-7.4
1002.6	19.28
1002.8	2.43
1003.1	-6.46
1003.4	-27.29
1003.7	-6.7
1004	-11.85
1004.3	-21.68
1004.5	-33.61
1004.8	-13.95
1005.1	-10.68
1005.4	4.77
1005.7	-7.4
1006	-19.1
1006.2	7.11
1006.5	10.62
1006.8	9.69
1007.1	-13.95
1007.4	-2.95
1007.7	9.45
1007.9	-36.42
1008.2	-4.59
1008.5	-10.68
1008.8	-2.95
1009.1	-30.8
1009.4	-10.68
1009.6	-15.36
1009.9	-41.1
1010.2	6.88
1010.5	4.77
1010.8	-0.38
1011.1	19.75
1011.3	-18.17
1011.6	-21.21
1011.9	6.64
1012.2	18.35
1012.5	-20.97
1012.7	-2.02
1013	2.67
1013.3	-32.44
1013.6	-7.16
1013.9	-20.04
1014.2	-21.44
1014.4	5.24
1014.7	-1.55
1015	-10.68
1015.3	-1.08
1015.6	-1.08
1015.8	-8.1
1016.1	-1.08
1016.4	12.73
1016.7	-0.14
1017	-16.06
1017.2	-19.8
1017.5	-19.8
1017.8	-4.59
1018.1	-8.8
1018.4	-9.51
1018.7	-5.29
1018.9	-15.82
1019.2	3.6
1019.5	8.52
1019.8	15.54
1020.1	20.69
1020.3	-45.32
1020.6	-1.78
1020.9	-1.78
1021.2	-1.78
