340.2	5.03
340.6	5.03
340.9	5.03
341.3	-0.35
341.7	21.42
342.1	-5.97
342.4	-26.57
342.8	-1.76
343.2	-12.05
343.6	-19.31
343.9	-14.39
344.3	-15.8
344.7	8.31
345.1	4.33
345.4	-14.16
345.8	8.78
346.2	-5.03
346.6	57.46
346.9	-8.07
347.3	-15.33
347.7	32.65
348	-24.46
348.4	10.42
348.8	24.46
349.2	20.48
349.5	-15.8
349.9	-7.37
350.3	-13.46
350.7	-23.05
351	-16.5
351.4	-20.71
351.8	-33.12
352.2	-5.73
352.5	-19.08
352.9	1.52
353.3	-1.29
353.6	-16.5
354	37.33
354.4	11.82
354.8	11.12
355.1	4.8
355.5	-9.25
355.9	2.69
356.3	12.05
356.6	-27.74
357	7.14
357.4	-0.35
357.8	-14.63
358.1	-19.08
358.5	-0.12
358.9	-11.82
359.2	8.07
359.6	-9.71
360	-3.16
360.4	-31.95
360.7	-10.18
361.1	0.59
361.5	-11.12
361.9	-7.61
362.2	-32.42
362.6	-5.73
363	-4.33
363.3	16.03
363.7	8.78
364.1	-3.86
364.5	-11.12
364.8	-7.84
365.2	5.5
365.6	-9.01
366	-20.25
366.3	0.82
366.7	-1.52
367.1	-24.93
367.4	-3.39
367.8	-6.67
368.2	4.56
368.6	-3.63
368.9	9.48
369.3	-8.54
369.7	7.14
370	8.54
370.4	3.39
370.8	-11.12
371.2	5.03
371.5	7.37
371.9	-9.25
372.3	-12.52
372.6	30.78
373	-1.99
373.4	33.59
373.8	-9.95
374.1	4.33
374.5	-3.63
374.9	4.1
375.2	-3.86
375.6	19.08
376	1.99
376.4	-3.16
376.7	-8.54
377.1	-0.12
377.5	-12.52
377.8	-16.27
378.2	-7.84
378.6	-20.95
379	33.82
379.3	-3.16
379.7	12.99
380.1	0.59
380.4	11.12
380.8	-42.01
381.2	6.9
381.6	-9.48
381.9	13.22
382.3	17.44
382.7	-4.8
383	-14.63
383.4	-10.18
383.8	-10.88
384.2	-5.03
384.5	1.99
384.9	-5.03
385.3	3.16
385.6	-4.8
386	-7.14
386.4	11.82
386.7	6.67
387.1	18.61
387.5	22.12
387.9	-0.59
388.2	8.31
388.6	-16.97
389	15.33
389.3	1.99
389.7	-19.78
390.1	-30.78
390.5	-1.99
390.8	-3.86
391.2	2.93
391.6	-16.97
391.9	-12.29
392.3	-17.91
392.7	8.78
393	-18.14
393.4	-20.01
393.8	11.12
394.2	-0.82
394.5	-33.35
394.9	-13.69
395.3	-19.31
395.6	-13.22
396	-16.27
396.4	12.99
396.7	-14.63
397.1	-5.27
397.5	-10.18
397.8	0.59
398.2	-1.76
398.6	20.01
399	-17.44
399.3	-0.12
399.7	-15.56
400.1	-6.67
400.4	-20.25
400.8	-5.73
401.2	-12.52
401.5	3.63
401.9	12.05
402.3	-27.74
402.7	-5.27
403	-3.63
403.4	22.12
403.8	2.46
404.1	-30.78
404.5	12.29
404.9	-4.33
405.2	-18.14
405.6	-3.86
406	-31.25
406.3	1.76
406.7	15.1
407.1	8.54
407.4	7.84
407.8	-21.42
408.2	1.05
408.6	-5.97
408.9	-14.86
409.3	2.69
409.7	-15.33
410	-31.01
410.4	-16.03
410.8	-7.37
411.1	1.05
411.5	-12.05
411.9	117.14
412.2	-4.56
412.6	2.46
413	3.86
413.3	19.78
413.7	-13.93
414.1	-22.12
414.4	-46.23
414.8	7.84
415.2	3.39
415.5	-16.73
415.9	18.61
416.3	-4.33
416.7	-21.65
417	20.95
417.4	-31.71
417.8	16.97
418.1	-5.73
418.5	-20.95
418.9	22.59
419.2	5.27
419.6	-4.8
420	-11.82
420.3	-1.05
420.7	22.35
421.1	20.01
421.4	-17.2
421.8	13.22
422.2	-18.61
422.5	8.31
422.9	11.12
423.3	-0.35
423.6	-4.8
424	-5.97
424.4	-23.52
424.7	-11.35
425.1	-0.82
425.5	6.2
425.8	6.44
426.2	-15.1
426.6	-7.37
426.9	11.35
427.3	-14.63
427.7	10.88
428	-4.33
428.4	-11.59
428.8	-15.1
429.1	8.78
429.5	9.95
429.9	-6.9
430.2	-21.65
430.6	22.35
431	-9.71
431.3	-21.42
431.7	14.86
432.1	-12.29
432.4	-13.22
432.8	3.63
433.2	7.37
433.5	12.52
433.9	26.57
434.3	-22.82
434.6	-34.76
435	3.86
435.4	-3.39
435.7	1.05
436.1	30.78
436.5	8.31
436.8	-16.73
437.2	4.33
437.6	7.61
437.9	-5.27
438.3	-21.18
438.7	-12.52
439	21.18
439.4	-10.42
439.8	-27.74
440.1	-0.59
440.5	-9.48
440.9	-12.29
441.2	22.35
441.6	7.37
442	-1.76
442.3	-45.76
442.7	-4.56
443.1	12.52
443.4	11.12
443.8	-19.54
444.1	-6.44
444.5	5.5
444.9	-0.82
445.2	-11.59
445.6	9.48
446	-9.71
446.3	-10.42
446.7	-0.12
447.1	-7.61
447.4	-1.76
447.8	-0.82
448.2	32.65
448.5	-6.9
448.9	-4.1
449.3	0.59
449.6	-9.01
450	12.29
450.4	-18.61
450.7	4.8
451.1	-25.39
451.4	-9.25
451.8	14.16
452.2	-6.2
452.5	-34.05
452.9	-10.42
453.3	-11.12
453.6	-1.76
454	-16.73
454.4	-6.44
454.7	-18.84
455.1	-25.86
455.5	-20.71
455.8	-21.88
456.2	4.56
456.5	-16.97
456.9	12.99
457.3	-9.48
457.6	20.25
458	-5.03
458.4	0.59
458.7	-24.69
459.1	-31.95
459.5	-12.99
459.8	18.14
460.2	-10.42
460.5	-11.12
460.9	-21.18
461.3	13.93
461.6	12.29
462	-2.69
462.4	4.1
462.7	25.16
463.1	-2.22
463.5	0.82
463.8	-22.12
464.2	-4.8
464.5	-5.5
464.9	-1.52
465.3	-0.59
465.6	16.27
466	-27.27
466.4	-2.93
466.7	6.67
467.1	5.97
467.5	-12.29
467.8	-25.39
468.2	-14.39
468.5	-8.07
468.9	17.91
469.3	-1.29
469.6	16.73
470	-41.54
470.4	12.99
470.7	-22.12
471.1	-7.84
471.4	1.05
471.8	-32.18
472.2	41.78
472.5	33.59
472.9	-28.44
473.3	-0.35
473.6	-19.08
474	10.18
474.3	17.44
474.7	-28.44
475.1	-3.16
475.4	34.29
475.8	-28.67
476.2	-12.05
476.5	1.76
476.9	14.63
477.2	26.8
477.6	-5.97
478	-3.63
478.3	7.14
478.7	0.12
479.1	-19.54
479.4	-5.97
479.8	17.91
480.1	-19.31
480.5	-10.42
480.9	10.18
481.2	-27.27
481.6	1.52
481.9	15.56
482.3	-9.01
482.7	-30.08
483	-20.48
483.4	14.86
483.8	1.52
484.1	-0.59
484.5	-19.54
484.8	1.29
485.2	-19.78
485.6	13.93
485.9	0.12
486.3	-14.39
486.6	-1.52
487	24.22
487.4	-18.14
487.7	-10.18
488.1	0.82
488.5	4.8
488.8	11.59
489.2	13.46
489.5	-23.52
489.9	13.69
490.3	-9.71
490.6	-8.54
491	0.82
491.3	-2.69
491.7	-28.44
492.1	-0.12
492.4	11.12
492.8	9.01
493.1	-25.86
493.5	1.29
493.9	-2.46
494.2	32.65
494.6	-4.8
494.9	-16.03
495.3	-7.84
495.7	-7.61
496	-12.52
496.4	4.8
496.7	-8.07
497.1	-10.88
497.5	10.42
497.8	-9.01
498.2	-13.22
498.5	-29.37
498.9	5.03
499.3	-22.12
499.6	-16.73
500	10.42
500.3	18.84
500.7	-16.5
501.1	1.76
501.4	19.54
501.8	31.25
502.1	-17.44
502.5	-0.82
502.9	-12.76
503.2	-9.25
503.6	7.14
503.9	-12.99
504.3	-17.2
504.7	-2.22
505	-12.29
505.4	-23.05
505.7	-1.76
506.1	11.12
506.5	-28.67
506.8	-30.54
507.2	5.5
507.5	-3.39
507.9	-11.12
508.2	-26.33
508.6	-3.16
509	11.82
509.3	10.18
509.7	-33.59
510	-1.76
510.4	21.65
510.8	-20.71
511.1	0.12
511.5	-4.56
511.8	17.44
512.2	1.05
512.6	13.46
512.9	7.14
513.3	18.14
513.6	11.82
514	-1.76
514.3	-9.71
514.7	21.18
515.1	-8.07
515.4	10.65
515.8	-6.44
516.1	-52.55
516.5	1.52
516.9	5.5
517.2	-22.35
517.6	-1.52
517.9	13.46
518.3	25.39
518.6	-16.73
519	-8.07
519.4	-28.2
519.7	-11.35
520.1	-5.5
520.4	-24.93
520.8	16.03
521.1	-38.03
521.5	17.44
521.9	3.86
522.2	-12.99
522.6	-30.31
522.9	14.16
523.3	-0.59
523.6	-11.12
524	-33.82
524.4	1.52
524.7	7.84
525.1	1.99
525.4	-4.56
525.8	-15.1
526.2	15.8
526.5	5.97
526.9	-11.59
527.2	-9.25
527.6	-3.39
527.9	-11.82
528.3	-22.12
528.6	-16.97
529	-24.22
529.4	-29.61
529.7	5.27
530.1	-3.86
530.4	-9.95
530.8	-0.82
531.1	3.63
531.5	-2.93
531.9	-38.03
532.2	19.78
532.6	-4.1
532.9	0.12
533.3	20.25
533.6	5.97
534	15.8
534.4	201.87
534.7	21.18
535.1	-11.35
535.4	14.16
535.8	-10.65
536.1	-12.29
536.5	-12.05
536.8	29.14
537.2	-3.86
537.6	-10.42
537.9	-12.52
538.3	-15.1
538.6	3.63
539	13.22
539.3	20.71
539.7	-23.05
540	-20.01
540.4	-7.14
540.8	-10.65
541.1	136.8
541.5	-1.29
541.8	-5.97
542.2	-31.48
542.5	19.54
542.9	3.63
543.2	1.99
543.6	-9.01
544	10.18
544.3	-1.99
544.7	11.82
545	-5.03
545.4	7.61
545.7	-1.52
546.1	-5.03
546.4	26.33
546.8	14.86
547.2	9.71
547.5	16.73
547.9	5.5
548.2	-1.05
548.6	25.63
548.9	3.16
549.3	11.35
549.6	-17.44
550	22.12
550.3	-17.91
550.7	-9.25
551.1	-5.73
551.4	16.5
551.8	17.67
552.1	6.44
552.5	17.67
552.8	6.44
553.2	-19.78
553.5	2.46
553.9	13.22
554.2	0.59
554.6	-9.71
554.9	20.25
555.3	33.35
555.7	29.61
556	24.46
556.4	-10.42
556.7	16.03
557.1	-5.97
557.4	26.33
557.8	30.31
558.1	16.97
558.5	13.46
558.8	13.69
559.2	-10.65
559.5	1.29
559.9	11.82
560.3	26.33
560.6	4.8
561	25.39
561.3	3.86
561.7	2.46
562	25.63
562.4	11.82
562.7	36.86
563.1	0.12
563.4	-9.71
563.8	28.2
564.1	24.22
564.5	2.22
564.8	10.88
565.2	28.91
565.5	18.14
565.9	24.93
566.3	13.22
566.6	28.44
567	51.14
567.3	26.1
567.7	15.8
568	42.48
568.4	0.59
568.7	13.93
569.1	-3.86
569.4	23.05
569.8	19.08
570.1	39.91
570.5	15.33
570.8	25.39
571.2	40.84
571.5	25.39
571.9	3.86
572.2	15.33
572.6	65.89
572.9	27.27
573.3	37.57
573.6	33.59
574	19.54
574.4	49.97
574.7	23.52
575.1	41.54
575.4	35.23
575.8	27.27
576.1	35.23
576.5	-4.8
576.8	82.5
577.2	81.1
577.5	46.23
577.9	205.38
578.2	67.29
578.6	50.2
578.9	28.91
579.3	50.67
579.6	42.95
580	46.69
580.3	56.99
580.7	38.03
581	41.54
581.4	64.72
581.7	40.61
582.1	59.8
582.4	78.06
582.8	49.74
583.1	44.35
583.5	45.52
583.8	42.25
584.2	61.21
584.5	85.55
584.9	68.46
585.2	75.01
585.6	86.48
585.9	61.91
586.3	55.35
586.6	65.42
587	72.44
587.3	110.36
587.7	80.63
588	108.72
588.4	93.27
588.7	77.12
589.1	103.1
589.4	88.12
589.8	108.02
590.1	81.33
590.5	107.78
590.8	106.61
591.2	126.04
591.5	127.44
591.9	98.89
592.2	133.53
592.6	111.99
592.9	129.55
593.3	107.08
593.6	150.85
594	158.57
594.3	130.48
594.7	150.61
595	130.25
595.4	145.23
595.7	167.23
596.1	155.29
596.4	188.3
596.8	203.51
597.1	172.85
597.5	183.85
597.8	228.09
598.2	221.77
598.5	200.23
598.9	194.62
599.2	209.13
599.6	214.04
599.9	251.02
600.3	271.39
600.6	276.07
601	263.9
601.3	277.47
601.7	257.11
602	324.98
602.4	293.39
602.7	310.94
603.1	334.81
603.4	349.79
603.8	335.28
604.1	357.52
604.5	367.35
604.8	411.35
605.1	404.33
605.5	450.2
605.8	448.8
606.2	455.59
606.5	489.76
606.9	509.18
607.2	502.63
607.6	548.97
607.9	562.08
608.3	592.97
608.6	595.32
609	611.7
609.3	614.27
609.7	633.93
610	695.02
610.4	699.94
610.7	764.54
611.1	742.77
611.4	812.99
611.8	852.31
612.1	840.14
612.5	875.48
612.8	917.61
613.1	965.59
613.5	1020.36
613.8	1006.78
614.2	1047.74
614.5	1145.34
614.9	1144.17
615.2	1231.94
615.6	1267.75
615.9	1309.18
616.3	1366.76
616.6	1386.18
617	1467.16
617.3	1519.36
617.7	1594.26
618	1675.24
618.3	1733.52
618.7	1787.12
619	1827.84
619.4	1905.55
619.7	1980.21
620.1	2046.92
620.4	2144.98
620.8	2205.6
621.1	2294.08
621.5	2352.82
621.8	2475.94
622.2	2572.13
622.5	2633.92
622.8	2680.73
623.2	2774.35
623.5	2834.74
623.9	2984.3
624.2	3091.96
624.6	3179.97
624.9	3308.93
625.3	3423.38
625.6	3517.01
626	3682.48
626.3	3791.55
626.7	3838.6
627	4014.14
627.3	4143.1
627.7	4222.68
628	4393.3
628.4	4502.61
628.7	4635.08
629.1	4728
629.4	4858.84
629.8	4918.75
630.1	5076.97
630.5	5160.76
630.8	5257.43
631.1	5334.9
631.5	5392.71
631.8	5439.76
632.2	5509.74
632.5	5474.63
632.9	5483.29
633.2	5476.03
633.6	5447.71
633.9	5414.24
634.2	5305.64
634.6	5163.1
634.9	5081.89
635.3	4962.05
635.6	4780.9
636	4613.08
636.3	4423.5
636.7	4277.21
637	4071.48
637.3	3899.22
637.7	3700.5
638	3482.83
638.4	3313.61
638.7	3124.97
639.1	2911.74
639.4	2781.61
639.8	2569.56
640.1	2403.15
640.4	2254.99
640.8	2117.6
641.1	1969.68
641.5	1857.57
641.8	1699.35
642.2	1635.22
642.5	1523.1
642.8	1422.23
643.2	1342.65
643.5	1217.2
643.9	1110.47
644.2	1106.72
644.6	997.65
644.9	981.27
645.3	901.22
645.6	867.52
645.9	810.88
646.3	753.3
646.6	676.53
647	673.96
647.3	600.7
647.7	567.93
648	546.87
648.3	511.29
648.7	470.33
649	488.35
649.4	439.44
649.7	417.9
650.1	390.52
650.4	363.37
650.7	350.96
651.1	347.92
651.4	289.41
651.8	280.05
652.1	291.05
652.4	255.24
652.8	248.21
653.1	272.79
653.5	195.79
653.8	226.21
654.2	216.62
654.5	230.19
654.8	165.59
655.2	160.21
655.5	163.72
655.9	172.61
656.2	143.36
656.6	151.08
656.9	153.19
657.2	141.25
657.6	118.08
657.9	123.23
658.3	112.7
658.6	129.55
658.9	120.42
659.3	83.21
659.6	98.89
660	113.16
660.3	95.84
660.7	68.46
661	64.95
661.3	57.69
661.7	88.59
662	65.18
662.4	35.23
662.7	48.33
663	51.84
663.4	51.84
663.7	70.8
664.1	37.1
664.4	45.76
664.7	20.95
665.1	72.44
665.4	35.46
665.8	67.06
666.1	41.08
666.4	22.12
666.8	52.78
667.1	23.29
667.5	24.69
667.8	21.88
668.1	31.48
668.5	7.37
668.8	9.71
669.2	25.16
669.5	45.99
669.8	24.69
670.2	18.61
670.5	25.39
670.9	-3.16
671.2	33.12
671.5	33.12
671.9	-12.76
672.2	40.14
672.6	38.03
672.9	0.35
673.2	-9.01
673.6	7.14
673.9	12.05
674.3	-3.63
674.6	23.52
674.9	15.33
675.3	41.54
675.6	34.99
676	123.23
676.3	20.01
676.6	-0.12
677	35.46
677.3	-2.69
677.7	-16.73
678	8.78
678.3	10.18
678.7	11.59
679	29.84
679.4	-8.78
679.7	15.1
680	6.44
680.4	9.95
680.7	-0.82
681	8.78
681.4	-0.59
681.7	-13.22
682.1	-1.05
682.4	5.03
682.7	-23.52
683.1	-16.73
683.4	46.69
683.8	35.93
684.1	-2.46
684.4	-4.1
684.8	-9.95
685.1	9.48
685.4	22.12
685.8	0.35
686.1	72.44
686.5	28.44
686.8	-9.71
687.1	18.61
687.5	-12.99
687.8	30.78
688.1	20.71
688.5	19.31
688.8	18.14
689.2	9.71
689.5	0.35
689.8	-241.19
690.2	-5.97
690.5	-30.54
690.8	9.71
691.2	13.93
691.5	-3.16
691.9	1.76
692.2	3.86
692.5	30.31
692.9	2.69
693.2	-34.29
693.5	-17.2
693.9	-8.54
694.2	19.31
694.6	-1.29
694.9	19.78
695.2	-6.67
695.6	-2.22
695.9	-28.2
696.2	-6.67
696.6	9.95
696.9	21.18
697.2	-9.95
697.6	28.67
697.9	-3.63
698.3	-3.16
698.6	-10.42
698.9	-19.54
699.3	-8.31
699.6	-33.12
699.9	7.84
700.3	-1.99
700.6	3.63
700.9	-10.65
701.3	-9.71
701.6	-19.08
702	-16.27
702.3	35.23
702.6	17.2
703	1.52
703.3	-4.8
703.6	-9.01
704	-24.46
704.3	-13.69
704.6	-42.25
705	15.56
705.3	-15.33
705.6	-10.65
706	-0.35
706.3	-23.99
706.6	-27.74
707	-5.03
707.3	-2.46
707.7	-19.54
708	16.27
708.3	-18.14
708.7	-3.86
709	10.42
709.3	9.48
709.7	-8.54
710	9.48
710.3	-6.2
710.7	12.99
711	-1.99
711.3	-26.33
711.7	16.97
712	10.65
712.3	-8.54
712.7	9.48
713	15.56
713.3	-5.73
713.7	-21.88
714	9.01
714.3	10.18
714.7	6.2
715	-24.69
715.3	1.76
715.7	-9.25
716	38.03
716.3	-10.65
716.7	-2.69
717	25.16
717.3	20.48
717.7	-5.5
718	7.37
718.4	9.25
718.7	14.63
719	-17.91
719.4	9.25
719.7	-6.67
720	7.37
720.4	-15.33
720.7	0.35
721	-0.35
721.3	-2.93
721.7	-2.93
722	-18.37
722.3	-27.5
722.7	7.14
723	-5.5
723.3	-13.22
723.7	-1.99
724	-1.99
724.3	-3.86
724.7	5.03
725	-19.78
725.3	10.18
725.7	-9.25
726	-17.91
726.3	-11.35
726.7	5.03
727	2.46
727.3	-18.61
727.7	-26.33
728	16.73
728.3	-25.86
728.7	3.86
729	14.16
729.3	24.22
729.7	19.31
730	-13.46
730.3	-7.84
730.7	-21.65
731	-10.18
731.3	-13.93
731.7	-18.61
732	-1.76
732.3	-8.78
732.6	-7.14
733	-2.22
733.3	-8.78
733.6	0.82
734	-2.22
734.3	2.93
734.6	-8.07
735	6.9
735.3	-5.73
735.6	-9.48
736	-8.31
736.3	-23.29
736.6	-19.31
737	-0.12
737.3	-5.73
737.6	26.57
737.9	-28.44
738.3	18.37
738.6	-50.91
738.9	10.88
739.3	-20.25
739.6	-8.78
739.9	-8.07
740.3	14.86
740.6	-10.18
740.9	14.16
741.2	-24.69
741.6	26.8
741.9	-1.52
742.2	-22.59
742.6	-3.16
742.9	6.44
743.2	-11.35
743.6	-24.93
743.9	-10.65
744.2	10.42
744.6	17.91
744.9	-12.76
745.2	-51.61
745.5	-12.76
745.9	-13.93
746.2	-16.5
746.5	-8.07
746.9	13.46
747.2	-16.27
747.5	-20.95
747.8	-2.46
748.2	-5.03
748.5	16.5
748.8	9.95
749.2	11.35
749.5	13.22
749.8	-4.1
750.1	5.97
750.5	-5.27
750.8	2.69
751.1	12.52
751.5	-8.31
751.8	-8.07
752.1	-24.93
752.5	-6.44
752.8	3.86
753.1	-20.48
753.4	7.61
753.8	-5.73
754.1	-1.29
754.4	-2.93
754.7	1.05
755.1	-18.61
755.4	-24.93
755.7	-36.16
756.1	13.69
756.4	30.08
756.7	-23.29
757	-14.39
757.4	-2.46
757.7	14.63
758	-9.71
758.4	-5.73
758.7	13.22
759	12.99
759.3	-4.33
759.7	5.73
760	27.97
760.3	19.78
760.7	-11.12
761	15.56
761.3	40.61
761.6	4.33
762	-20.48
762.3	-6.9
762.6	-5.27
762.9	11.82
763.3	-33.82
763.6	15.1
763.9	-19.54
764.2	-12.29
764.6	-19.54
764.9	12.76
765.2	-26.1
765.6	10.88
765.9	13.46
766.2	-50.67
766.5	7.14
766.9	-11.12
767.2	-23.76
767.5	-4.8
767.8	-32.88
768.2	-12.76
768.5	-28.44
768.8	-15.56
769.1	16.27
769.5	0.12
769.8	15.56
770.1	-3.86
770.5	2.93
770.8	-10.88
771.1	-6.67
771.4	6.44
771.8	8.78
772.1	18.14
772.4	-17.2
772.7	-35.69
773.1	-32.88
773.4	29.37
773.7	14.86
774	-12.99
774.4	8.78
774.7	4.8
775	-8.54
775.3	-20.71
775.7	5.97
776	-22.12
776.3	5.5
776.6	7.84
777	-19.31
777.3	-13.69
777.6	21.42
777.9	-17.67
778.3	7.14
778.6	-2.93
778.9	-12.05
779.2	-15.56
779.6	-8.07
779.9	11.12
780.2	-3.63
780.5	-13.93
780.9	-4.33
781.2	-8.31
781.5	-41.78
781.8	9.48
782.2	9.25
782.5	-11.35
782.8	9.01
783.1	10.65
783.4	5.5
783.8	6.44
784.1	6.67
784.4	23.52
784.7	-10.18
785.1	24.46
785.4	2.69
785.7	-30.78
786	-14.63
786.4	-20.71
786.7	-28.67
787	-1.05
787.3	-9.48
787.7	-21.65
788	6.44
788.3	24.46
788.6	8.07
788.9	-7.37
789.3	-0.59
789.6	6.67
789.9	-4.33
790.2	-6.44
790.6	-12.99
790.9	1.52
791.2	16.27
791.5	16.73
791.9	9.01
792.2	-0.35
792.5	-9.48
792.8	13.69
793.1	11.82
793.5	-16.97
793.8	-29.61
794.1	-7.61
794.4	-25.63
794.8	1.52
795.1	17.91
795.4	-12.99
795.7	-32.18
796	26.1
796.4	1.29
796.7	26.1
797	2.46
797.3	6.44
797.7	18.84
798	-15.56
798.3	10.88
798.6	-8.31
798.9	7.37
799.3	-6.67
799.6	22.35
799.9	13.69
800.2	15.1
800.5	-9.48
800.9	-2.69
801.2	17.91
801.5	20.71
801.8	5.27
802.2	6.44
802.5	-21.18
802.8	20.71
803.1	-20.71
803.4	19.08
803.8	-4.56
804.1	-6.2
804.4	-5.03
804.7	12.52
805	-11.59
805.4	-18.61
805.7	-16.5
806	-2.69
806.3	10.88
806.6	-5.27
807	-0.35
807.3	3.16
807.6	-2.93
807.9	-15.1
808.2	-12.76
808.6	14.16
808.9	11.12
809.2	9.01
809.5	-19.54
809.8	-24.46
810.2	2.22
810.5	21.42
810.8	3.39
811.1	13.46
811.4	17.91
811.8	1.76
812.1	-4.33
812.4	-16.03
812.7	1.05
813	-17.2
813.4	-7.61
813.7	-28.91
814	0.59
814.3	-34.05
814.6	21.65
815	20.48
815.3	-17.44
815.6	-0.82
815.9	8.54
816.2	21.88
816.5	20.01
816.9	2.93
817.2	-4.1
817.5	-23.05
817.8	-3.63
818.1	7.84
818.5	-34.29
818.8	14.63
819.1	4.56
819.4	16.97
819.7	-8.07
820.1	-10.65
820.4	-11.59
820.7	33.12
821	9.48
821.3	-31.95
821.6	-14.86
822	-25.63
822.3	-5.97
822.6	-0.35
822.9	18.14
823.2	-7.84
823.5	-5.5
823.9	6.2
824.2	-14.63
824.5	-8.54
824.8	-8.31
825.1	1.05
825.5	15.56
825.8	-15.33
826.1	-7.37
826.4	10.88
826.7	17.67
827	0.35
827.4	6.9
827.7	-5.27
828	-28.2
828.3	6.44
828.6	0.35
828.9	-12.29
829.3	2.93
829.6	2.46
829.9	-9.01
830.2	-18.37
830.5	-3.16
830.8	-2.46
831.2	-17.44
831.5	4.1
831.8	12.52
832.1	-6.67
832.4	-9.01
832.7	-21.65
833.1	5.73
833.4	15.33
833.7	-6.2
834	-2.93
834.3	-14.63
834.6	-6.2
835	42.71
835.3	-5.97
835.6	3.63
835.9	32.88
836.2	-0.59
836.5	3.63
836.8	1.99
837.2	16.27
837.5	-22.35
837.8	9.48
838.1	-13.22
838.4	-6.2
838.7	5.27
839.1	8.54
839.4	10.88
839.7	16.03
840	10.88
840.3	-20.48
840.6	-286.6
840.9	-30.31
841.3	-9.95
841.6	7.61
841.9	-6.44
842.2	17.67
842.5	-22.35
842.8	-2.46
843.1	-10.65
843.5	-14.16
843.8	6.44
844.1	-3.16
844.4	9.25
844.7	11.35
845	-8.54
845.3	-30.54
845.7	-7.84
846	-41.31
846.3	-4.56
846.6	-1.52
846.9	-29.37
847.2	22.12
847.5	4.1
847.9	-14.86
848.2	16.5
848.5	-23.76
848.8	-9.48
849.1	-12.29
849.4	-0.59
849.7	-0.82
850	-13.93
850.4	-25.86
850.7	-29.84
851	45.06
851.3	-9.95
851.6	8.54
851.9	-16.5
852.2	-21.88
852.5	-0.35
852.9	-0.82
853.2	4.8
853.5	-2.93
853.8	3.86
854.1	2.93
854.4	-1.05
854.7	24.46
855.1	-8.54
855.4	1.29
855.7	-4.33
856	9.25
856.3	-13.69
856.6	4.8
856.9	-15.1
857.2	14.16
857.5	-8.31
857.9	-10.88
858.2	-5.97
858.5	-17.44
858.8	-26.57
859.1	-36.63
859.4	4.56
859.7	21.18
860	-9.71
860.4	9.95
860.7	6.67
861	8.31
861.3	11.12
861.6	13.22
861.9	-21.42
862.2	3.63
862.5	-23.52
862.8	-12.76
863.2	-7.61
863.5	10.88
863.8	4.56
864.1	-18.61
864.4	15.56
864.7	8.78
865	16.97
865.3	17.44
865.6	-3.86
866	2.22
866.3	31.01
866.6	-15.56
866.9	0.82
867.2	-9.95
867.5	12.99
867.8	-9.48
868.1	-6.44
868.4	13.69
868.7	15.56
869.1	12.52
869.4	5.5
869.7	6.2
870	-0.12
870.3	7.61
870.6	-3.16
870.9	-34.52
871.2	-1.99
871.5	33.35
871.8	15.1
872.1	-11.59
872.5	-3.39
872.8	-8.78
873.1	-1.05
873.4	-2.22
873.7	-12.99
874	26.33
874.3	1.52
874.6	0.12
874.9	-0.59
875.2	20.25
875.6	10.42
875.9	-40.84
876.2	-7.61
876.5	12.99
876.8	9.01
877.1	-11.59
877.4	4.33
877.7	-34.76
878	-11.82
878.3	17.67
878.6	-21.88
878.9	16.5
879.3	-16.73
879.6	-18.84
879.9	15.33
880.2	-22.12
880.5	-16.5
880.8	5.73
881.1	-13.69
881.4	-26.33
881.7	-11.82
882	26.33
882.3	-19.31
882.6	-4.33
882.9	-28.44
883.3	-25.39
883.6	-1.05
883.9	0.59
884.2	-19.54
884.5	-6.9
884.8	7.14
885.1	-20.48
885.4	-15.1
885.7	-13.93
886	-8.54
886.3	-11.82
886.6	1.29
886.9	1.76
887.2	-15.33
887.6	20.95
887.9	-7.37
888.2	-47.16
888.5	-24.22
888.8	24.93
889.1	1.52
889.4	16.27
889.7	-9.48
890	-18.37
890.3	5.03
890.6	-14.16
890.9	-7.37
891.2	-6.2
891.5	9.95
891.8	-16.27
892.1	-2.93
892.5	-21.42
892.8	22.82
893.1	-4.8
893.4	-2.22
893.7	2.93
894	21.42
894.3	-4.56
894.6	-12.52
894.9	-7.37
895.2	-8.07
895.5	-27.74
895.8	-1.52
896.1	21.42
896.4	0.12
896.7	-9.71
897	-13.22
897.3	-30.78
897.6	-12.05
897.9	39.91
898.3	1.99
898.6	22.59
898.9	-11.12
899.2	10.18
899.5	-0.82
899.8	-11.12
900.1	-9.01
900.4	7.14
900.7	-8.31
901	10.65
901.3	10.88
901.6	-19.08
901.9	-15.33
902.2	-7.61
902.5	-1.99
902.8	-6.67
903.1	-20.95
903.4	-4.1
903.7	11.82
904	19.54
904.3	-19.78
904.6	-31.25
904.9	-13.46
905.2	13.46
905.6	-33.82
905.9	-34.05
906.2	-17.91
906.5	-4.56
906.8	-17.44
907.1	-27.97
907.4	-18.61
907.7	-4.56
908	-25.39
908.3	-22.82
908.6	0.12
908.9	-22.12
909.2	-7.84
909.5	7.14
909.8	-15.56
910.1	-29.14
910.4	-39.91
910.7	12.52
911	5.73
911.3	-4.8
911.6	-13.69
911.9	0.82
912.2	-25.86
912.5	-8.07
912.8	-2.22
913.1	-12.05
913.4	-6.67
913.7	-25.86
914	6.2
914.3	1.29
914.6	6.67
914.9	-15.8
915.2	-15.56
915.5	9.95
915.8	1.76
916.1	-12.52
916.4	-23.29
916.7	-16.27
917	-6.9
917.3	16.5
917.6	-1.52
917.9	0.82
918.2	-16.27
918.5	7.37
918.8	-10.65
919.1	-45.29
919.5	12.99
919.8	6.67
920.1	10.18
920.4	2.93
920.7	-14.63
921	-6.67
921.3	-1.99
921.6	-5.97
921.9	-1.05
922.2	17.67
922.5	4.33
922.8	-23.76
923.1	-1.05
923.4	-32.18
923.7	2.46
924	5.73
924.3	-22.59
924.6	-13.22
924.9	-8.54
925.2	7.84
925.5	-3.86
925.8	27.74
926.1	-8.54
926.4	2.22
926.7	22.35
927	-17.2
927.3	16.27
927.6	-2.69
927.9	-1.76
928.2	16.73
928.4	-54.18
928.7	-21.65
929	48.1
929.3	2.46
929.6	27.27
929.9	-13.46
930.2	-10.18
930.5	-13.46
930.8	-2.69
931.1	-12.76
931.4	-18.14
931.7	-12.52
932	-20.95
932.3	-33.35
932.6	2.46
932.9	1.29
933.2	-2.69
933.5	-0.59
933.8	-15.56
934.1	-16.73
934.4	2.22
934.7	11.12
935	9.71
935.3	9.95
935.6	-19.54
935.9	15.33
936.2	14.86
936.5	24.69
936.8	-16.03
937.1	-20.48
937.4	12.99
937.7	4.56
938	-10.18
938.3	-24.93
938.6	-27.97
938.9	-3.86
939.2	-4.1
939.5	-14.39
939.8	-10.42
940.1	16.5
940.4	-17.2
940.7	-37.33
941	1.29
941.3	0.12
941.6	0.59
941.9	0.82
942.2	15.8
942.4	-12.99
942.7	-6.67
943	-8.78
943.3	2.69
943.6	-23.05
943.9	-12.52
944.2	-4.56
944.5	0.59
944.8	-18.84
945.1	0.35
945.4	0.35
945.7	5.03
946	-10.42
946.3	5.73
946.6	13.93
946.9	-8.78
947.2	5.03
947.5	6.2
947.8	-36.86
948.1	-16.5
948.4	-13.69
948.7	1.99
949	-31.01
949.2	-6.2
949.5	-9.01
949.8	42.01
950.1	-9.25
950.4	5.97
950.7	-16.27
951	-18.61
951.3	0.35
951.6	-9.25
951.9	-16.5
952.2	-0.59
952.5	-1.05
952.8	-17.91
953.1	-8.31
953.4	12.52
953.7	-10.18
954	15.1
954.3	-35.69
954.6	-15.33
954.8	-15.1
955.1	-7.61
955.4	-24.22
955.7	22.35
956	-11.59
956.3	8.78
956.6	-17.44
956.9	28.2
957.2	-31.95
957.5	15.8
957.8	5.5
958.1	-15.56
958.4	12.05
958.7	-12.29
959	9.95
959.2	-1.76
959.5	1.05
959.8	-36.86
960.1	9.25
960.4	-13.93
960.7	1.76
961	15.56
961.3	-27.97
961.6	11.59
961.9	6.9
962.2	33.82
962.5	21.65
962.8	8.31
963.1	14.86
963.3	-16.03
963.6	12.05
963.9	9.71
964.2	-9.48
964.5	-0.12
964.8	-12.99
965.1	-6.44
965.4	-8.31
965.7	-13.69
966	9.25
966.3	-5.27
966.6	7.84
966.9	15.1
967.1	22.12
967.4	12.76
967.7	5.27
968	7.61
968.3	21.88
968.6	11.35
968.9	9.25
969.2	-16.5
969.5	-1.52
969.8	-12.05
970.1	-21.65
970.3	-39.91
970.6	-3.39
970.9	12.05
971.2	-19.78
971.5	-19.54
971.8	-17.67
972.1	-18.61
972.4	5.97
972.7	-12.52
973	-18.37
973.3	-13.69
973.5	-4.33
973.8	16.73
974.1	9.71
974.4	32.65
974.7	-0.82
975	9.01
975.3	12.52
975.6	-2.22
975.9	6.67
976.2	-0.59
976.4	-99.12
976.7	-23.76
977	-20.95
977.3	-24.22
977.6	-12.52
977.9	-1.76
978.2	-2.22
978.5	-13.22
978.8	-2.93
979	-18.37
979.3	-10.42
979.6	1.52
979.9	14.16
980.2	-30.08
980.5	15.8
980.8	2.22
981.1	2.46
981.4	14.86
981.6	0.82
981.9	6.67
982.2	9.71
982.5	14.39
982.8	-1.52
983.1	-13.93
983.4	13.46
983.7	3.63
984	-4.1
984.2	-35.69
984.5	-16.27
984.8	-20.95
985.1	-7.37
985.4	6.2
985.7	-14.63
986	-20.01
986.3	5.27
986.5	18.61
986.8	-11.59
987.1	11.59
987.4	14.16
987.7	-13.69
988	-62.38
988.3	1.76
988.6	-4.8
988.8	-28.91
989.1	-43.18
989.4	0.12
989.7	1.99
990	2.69
990.3	21.65
990.6	2.46
990.9	-13.46
991.1	-18.84
991.4	20.25
991.7	20.71
992	0.12
992.3	-34.99
992.6	-9.01
992.9	3.39
993.1	-6.67
993.4	4.56
993.7	-12.29
994	-6.2
994.3	-14.16
994.6	4.8
994.9	-8.07
995.1	2.69
995.4	-1.05
995.7	39.2
996	-11.12
996.3	-12.29
996.6	-20.48
996.9	0.12
997.1	9.01
997.4	7.61
997.7	-34.05
998	-13.46
998.3	5.73
998.6	7.37
998.9	-8.78
999.1	-5.97
999.4	-25.16
999.7	-14.39
1000	-11.59
1000.3	2.69
1000.6	-7.61
1000.8	-15.33
1001.1	2.69
1001.4	10.42
1001.7	-22.35
1002	-22.82
1002.3	-25.63
1002.6	6.2
1002.8	-22.35
1003.1	-11.12
1003.4	-30.08
1003.7	-15.8
1004	7.37
1004.3	-28.91
1004.5	-37.33
1004.8	-33.35
1005.1	6.2
1005.4	-5.27
1005.7	-26.33
1006	-20.48
1006.2	5.27
1006.5	6.67
1006.8	-13.69
1007.1	-27.03
1007.4	-15.33
1007.7	4.56
1007.9	-19.31
1008.2	-3.86
1008.5	-27.5
1008.8	9.48
1009.1	0.82
1009.4	-36.86
1009.6	-30.54
1009.9	-29.37
1010.2	9.01
1010.5	-7.14
1010.8	-9.71
1011.1	13.93
1011.3	-1.99
1011.6	-26.33
1011.9	-35.46
1012.2	25.16
1012.5	5.97
1012.7	-16.27
1013	-29.84
1013.3	-7.84
1013.6	-10.42
1013.9	-12.52
1014.2	-30.08
1014.4	13.46
1014.7	-3.63
1015	11.35
1015.3	-14.86
1015.6	-2.46
1015.8	0.35
1016.1	5.73
1016.4	-8.31
1016.7	12.76
1017	-6.2
1017.2	-15.1
1017.5	-19.08
1017.8	-8.07
1018.1	-7.84
1018.4	2.69
1018.7	-16.73
1018.9	5.73
1019.2	4.33
1019.5	4.8
1019.8	6.2
1020.1	29.14
1020.3	-2.22
1020.6	8.07
1020.9	8.07
1021.2	8.07
