340.2	-12.18
340.6	-12.18
340.9	-12.18
341.3	7.24
341.7	8.88
342.1	15.43
342.4	-18.27
342.8	1.63
343.2	-19.44
343.6	-10.55
343.9	-17.8
344.3	-5.4
344.7	3.73
345.1	5.14
345.4	5.6
345.8	17.78
346.2	-20.61
346.6	63.18
346.9	14.97
347.3	-7.74
347.7	12.39
348	-18.04
348.4	5.84
348.8	-6.1
349.2	1.63
349.5	-12.65
349.9	-17.33
350.3	-11.01
350.7	0.46
351	-3.29
351.4	-23.18
351.8	-23.18
352.2	15.43
352.5	-13.35
352.9	10.29
353.3	-14.29
353.6	-9.84
354	6.07
354.4	-20.84
354.8	12.39
355.1	-11.95
355.5	-11.48
355.9	-1.18
356.3	-3.76
356.6	-33.01
357	-4.23
357.4	21.52
357.8	-9.61
358.1	-12.65
358.5	-9.38
358.9	-5.63
359.2	14.26
359.6	7.94
360	-31.84
360.4	-16.4
360.7	-15.93
361.1	-4.93
361.5	3.26
361.9	-0.25
362.2	8.18
362.6	-14.76
363	-17.33
363.3	-2.82
363.7	5.14
364.1	-7.97
364.5	10.75
364.8	-11.72
365.2	-12.89
365.6	-2.35
366	-21.08
366.3	21.29
366.7	-3.52
367.1	-14.52
367.4	10.29
367.8	-26.7
368.2	2.56
368.6	18.71
368.9	9.35
369.3	-38.4
369.7	-19.91
370	-0.95
370.4	-5.4
370.8	20.58
371.2	-20.84
371.5	4.2
371.9	0.46
372.3	-2.35
372.6	14.26
373	5.37
373.4	21.52
373.8	-16.4
374.1	-1.89
374.5	6.77
374.9	-7.74
375.2	-8.67
375.6	3.5
376	12.63
376.4	-16.16
376.7	-24.35
377.1	-17.8
377.5	1.86
377.8	-3.29
378.2	-8.67
378.6	-15.23
379	5.14
379.3	-9.84
379.7	6.31
380.1	14.97
380.4	-7.97
380.8	-15.46
381.2	6.77
381.6	-16.4
381.9	7.24
382.3	34.63
382.7	7.01
383	-6.1
383.4	8.65
383.8	-7.74
384.2	6.54
384.5	-4.23
384.9	1.16
385.3	-22.72
385.6	-29.97
386	9.35
386.4	-4.23
386.7	24.33
387.1	28.54
387.5	-8.44
387.9	15.9
388.2	14.97
388.6	0.92
389	3.97
389.3	22.22
389.7	-5.16
390.1	-17.57
390.5	-1.65
390.8	7.24
391.2	10.99
391.6	-25.29
391.9	-10.31
392.3	-12.65
392.7	11.92
393	-14.99
393.4	6.54
393.8	3.03
394.2	-16.16
394.5	-8.91
394.9	5.37
395.3	-26.93
395.6	13.33
396	-33.25
396.4	-3.06
396.7	-22.25
397.1	-13.35
397.5	-9.38
397.8	-19.67
398.2	-3.76
398.6	-9.38
399	-45.65
399.3	10.99
399.7	-20.38
400.1	-13.59
400.4	4.2
400.8	0.46
401.2	1.39
401.5	-0.25
401.9	12.16
402.3	-5.86
402.7	-0.25
403	-26.7
403.4	-4.46
403.8	-19.44
404.1	-31.84
404.5	9.58
404.9	-17.1
405.2	-40.5
405.6	-10.78
406	-8.44
406.3	6.07
406.7	1.86
407.1	-14.52
407.4	3.97
407.8	-9.84
408.2	-0.48
408.6	-10.78
408.9	9.12
409.3	2.8
409.7	-19.67
410	-27.63
410.4	-15.69
410.8	2.8
411.1	21.05
411.5	6.31
411.9	-4.93
412.2	2.33
412.6	-4.46
413	-4.69
413.3	-1.89
413.7	-6.1
414.1	-19.21
414.4	-45.89
414.8	14.5
415.2	-21.31
415.5	-16.63
415.9	-0.72
416.3	-8.44
416.7	-16.63
417	-11.95
417.4	-27.16
417.8	40.48
418.1	-19.21
418.5	-22.01
418.9	12.86
419.2	24.33
419.6	-6.57
420	-11.01
420.3	-0.72
420.7	3.03
421.1	-11.25
421.4	-12.65
421.8	0.69
422.2	-10.08
422.5	-13.35
422.9	-12.18
423.3	-20.14
423.6	-0.95
424	16.6
424.4	2.09
424.7	1.63
425.1	18.95
425.5	-7.97
425.8	14.03
426.2	-12.18
426.6	-11.01
426.9	-17.8
427.3	-2.12
427.7	-0.72
428	-0.01
428.4	-15.93
428.8	-11.01
429.1	6.77
429.5	-16.86
429.9	-4.46
430.2	-27.4
430.6	8.65
431	-5.86
431.3	-0.25
431.7	-0.72
432.1	-42.61
432.4	-3.76
432.8	8.41
433.2	-19.21
433.5	-2.82
433.9	-12.89
434.3	-4.93
434.6	-8.91
435	0.46
435.4	-26.46
435.7	-3.76
436.1	9.58
436.5	2.09
436.8	-26.46
437.2	-2.82
437.6	-23.42
437.9	-28.1
438.3	-7.27
438.7	-11.95
439	35.8
439.4	10.05
439.8	2.56
440.1	-14.52
440.5	3.03
440.9	-2.82
441.2	23.63
441.6	-2.12
442	-3.29
442.3	-16.86
442.7	14.73
443.1	-9.14
443.4	0.69
443.8	-3.29
444.1	7.94
444.5	23.63
444.9	11.46
445.2	14.03
445.6	-5.86
446	-20.14
446.3	-22.95
446.7	-19.67
447.1	-7.97
447.4	23.63
447.8	-7.03
448.2	-2.59
448.5	-4.69
448.9	-11.95
449.3	11.69
449.6	5.14
450	-2.82
450.4	11.69
450.7	-3.52
451.1	-16.63
451.4	1.39
451.8	-1.65
452.2	-7.5
452.5	-15.93
452.9	22.92
453.3	-14.06
453.6	-21.78
454	-2.12
454.4	-7.27
454.7	-22.72
455.1	-17.1
455.5	-10.78
455.8	-14.99
456.2	11.22
456.5	-34.42
456.9	-7.74
457.3	-14.99
457.6	4.67
458	-11.95
458.4	2.33
458.7	-7.27
459.1	-21.31
459.5	-14.06
459.8	0.92
460.2	-3.06
460.5	-20.14
460.9	-2.12
461.3	20.12
461.6	2.33
462	-18.97
462.4	-17.8
462.7	17.31
463.1	13.09
463.5	-1.89
463.8	-11.25
464.2	11.22
464.5	6.77
464.9	-1.18
465.3	25.5
465.6	27.14
466	-17.33
466.4	-18.74
466.7	-0.72
467.1	10.75
467.5	10.05
467.8	-26.93
468.2	-13.59
468.5	-6.33
468.9	28.07
469.3	-1.18
469.6	4.2
470	-18.74
470.4	-14.52
470.7	16.37
471.1	6.77
471.4	-7.74
471.8	-28.8
472.2	18.24
472.5	35.56
472.9	-41.67
473.3	12.16
473.6	0.92
474	13.8
474.3	18.01
474.7	-34.18
475.1	-0.72
475.4	7.01
475.8	-12.18
476.2	-13.82
476.5	-12.18
476.9	-5.16
477.2	-30.44
477.6	-23.42
478	4.2
478.3	18.71
478.7	3.03
479.1	-19.91
479.4	-30.67
479.8	10.05
480.1	-10.08
480.5	-3.29
480.9	-12.18
481.2	-31.61
481.6	6.77
481.9	22.69
482.3	-18.97
482.7	99.69
483	-7.27
483.4	7.71
483.8	14.73
484.1	2.33
484.5	-21.78
484.8	25.5
485.2	-9.38
485.6	4.43
485.9	20.58
486.3	3.03
486.6	-6.57
487	-0.48
487.4	2.09
487.7	-33.95
488.1	-14.76
488.5	25.03
488.8	0.92
489.2	-4.46
489.5	-13.82
489.9	14.5
490.3	-7.5
490.6	-16.4
491	-10.78
491.3	3.97
491.7	-46.36
492.1	0.69
492.4	1.39
492.8	8.88
493.1	-14.99
493.5	14.26
493.9	7.24
494.2	1.16
494.6	-19.44
494.9	-3.29
495.3	-10.78
495.7	-5.86
496	3.5
496.4	10.29
496.7	5.37
497.1	12.63
497.5	-13.59
497.8	6.07
498.2	4.9
498.5	-31.14
498.9	4.9
499.3	5.6
499.6	-21.78
500	-9.61
500.3	31.58
500.7	-13.59
501.1	-25.52
501.4	-15.93
501.8	5.14
502.1	-27.4
502.5	15.9
502.9	-19.44
503.2	-20.61
503.6	-10.31
503.9	0.46
504.3	-22.48
504.7	-9.61
505	-15.46
505.4	-12.65
505.7	14.03
506.1	8.65
506.5	-29.5
506.8	-16.16
507.2	-6.1
507.5	13.09
507.9	-4.93
508.2	-23.42
508.6	-9.61
509	9.82
509.3	23.63
509.7	-9.84
510	-3.06
510.4	-0.25
510.8	-14.99
511.1	8.18
511.5	7.01
511.8	12.16
512.2	-5.16
512.6	-0.25
512.9	3.5
513.3	-16.86
513.6	-33.95
514	-3.52
514.3	13.09
514.7	-0.01
515.1	-8.44
515.4	11.69
515.8	-13.35
516.1	-23.89
516.5	-8.67
516.9	24.33
517.2	-14.06
517.6	-12.65
517.9	22.46
518.3	-13.82
518.6	-8.91
519	-1.65
519.4	-14.52
519.7	-14.29
520.1	9.58
520.4	-9.38
520.8	-6.1
521.1	-18.74
521.5	-11.48
521.9	-6.57
522.2	-13.59
522.6	-0.95
522.9	8.88
523.3	1.16
523.6	-0.95
524	-11.95
524.4	-17.1
524.7	14.97
525.1	-18.27
525.4	-0.48
525.8	21.99
526.2	-7.74
526.5	12.39
526.9	-11.48
527.2	-9.84
527.6	-5.86
527.9	-8.2
528.3	-15.46
528.6	13.8
529	-17.8
529.4	-7.03
529.7	32.75
530.1	-15.69
530.4	6.31
530.8	6.31
531.1	10.75
531.5	-13.12
531.9	-21.78
532.2	16.6
532.6	5.37
532.9	-18.04
533.3	0.69
533.6	21.99
534	0.22
534.4	215.78
534.7	25.97
535.1	-1.18
535.4	-7.97
535.8	-2.35
536.1	17.07
536.5	14.26
536.8	38.14
537.2	7.71
537.6	-28.33
537.9	-22.25
538.3	-11.01
538.6	15.9
539	-21.78
539.3	-6.1
539.7	-21.08
540	-16.63
540.4	-6.57
540.8	-12.42
541.1	-75.38
541.5	7.94
541.8	31.35
542.2	-3.52
542.5	-5.4
542.9	-3.52
543.2	27.84
543.6	-25.99
544	15.67
544.3	0.69
544.7	7.94
545	-5.4
545.4	10.29
545.7	6.54
546.1	-4.23
546.4	4.9
546.8	5.14
547.2	-0.48
547.5	24.56
547.9	10.52
548.2	8.88
548.6	1.16
548.9	7.71
549.3	19.41
549.6	-3.76
550	5.84
550.3	7.48
550.7	-5.4
551.1	-6.33
551.4	23.39
551.8	6.77
552.1	8.88
552.5	11.92
552.8	12.16
553.2	-22.01
553.5	7.94
553.9	22.69
554.2	27.14
554.6	12.39
554.9	31.12
555.3	36.73
555.7	36.73
556	23.86
556.4	14.5
556.7	21.29
557.1	1.39
557.4	25.03
557.8	23.63
558.1	23.86
558.5	20.35
558.8	16.6
559.2	14.73
559.5	15.9
559.9	31.58
560.3	27.61
560.6	25.73
561	23.16
561.3	20.35
561.7	31.82
562	26.44
562.4	16.14
562.7	40.24
563.1	10.99
563.4	26.67
563.8	65.52
564.1	41.18
564.5	5.6
564.8	37.2
565.2	13.33
565.5	51.24
565.9	47.97
566.3	27.61
566.6	41.88
567	60.84
567.3	88.46
567.7	41.41
568	66.69
568.4	57.56
568.7	40.01
569.1	50.07
569.4	35.1
569.8	32.75
570.1	55.22
570.5	38.61
570.8	61.54
571.2	65.29
571.5	30.88
571.9	8.41
572.2	54.99
572.6	72.78
572.9	68.56
573.3	61.31
573.6	46.56
574	93.84
574.4	72.31
574.7	99.46
575.1	74.42
575.4	45.86
575.8	60.37
576.1	101.1
576.5	59.67
576.8	84.48
577.2	93.37
577.5	66.69
577.9	124.27
578.2	101.33
578.6	88.93
578.9	73.48
579.3	99.46
579.6	84.95
580	88.23
580.3	121.46
580.7	93.14
581	70.91
581.4	98.06
581.7	101.8
582.1	71.61
582.4	124.97
582.8	93.14
583.1	107.18
583.5	107.89
583.8	105.31
584.2	127.08
584.5	154.23
584.9	136.91
585.2	129.65
585.6	142.76
585.9	130.35
586.3	125.91
586.6	151.89
587	149.55
587.3	182.55
587.7	151.89
588	168.74
588.4	162.42
588.7	142.06
589.1	196.83
589.4	161.48
589.8	188.87
590.1	167.8
590.5	222.81
590.8	192.14
591.2	199.63
591.5	217.19
591.9	168.27
592.2	238.96
592.6	216.72
592.9	236.62
593.3	232.64
593.6	235.21
594	262.36
594.3	272.19
594.7	271.72
595	277.81
595.4	274.77
595.7	298.17
596.1	290.21
596.4	322.75
596.8	356.92
597.1	320.17
597.5	345.92
597.8	383.37
598.2	380.79
598.5	371.66
598.9	385.01
599.2	385.94
599.6	403.96
599.9	419.41
600.3	464.82
600.6	452.41
601	462.24
601.3	492.44
601.7	477.92
602	493.14
602.4	562.42
602.7	563.35
603.1	582.31
603.4	600.8
603.8	597.06
604.1	656.51
604.5	655.34
604.8	686.93
605.1	693.49
605.5	760.9
605.8	783.6
606.2	783.36
606.5	784.53
606.9	853.58
607.2	829.71
607.6	912.09
607.9	946.03
608.3	983.48
608.6	1009.69
609	1052.29
609.3	1066.34
609.7	1110.34
610	1181.49
610.4	1232.28
610.7	1240
611.1	1289.62
611.4	1377.86
611.8	1422.8
612.1	1502.38
612.5	1473.35
612.8	1566.74
613.1	1644.92
613.5	1724.96
613.8	1720.98
614.2	1791.43
614.5	1941.46
614.9	1962.76
615.2	2038.36
615.6	2133.62
615.9	2199.39
616.3	2319.93
616.6	2381.01
617	2456.38
617.3	2589.09
617.7	2692.31
618	2792.95
618.3	2907.4
618.7	3010.38
619	3086.22
619.4	3199.97
619.7	3349.53
620.1	3433.08
620.4	3567.2
620.8	3653.33
621.1	3796.1
621.5	3948.24
621.8	4090.07
622.2	4234.25
622.5	4352.45
622.8	4519.09
623.2	4704.93
623.5	4783.34
623.9	4994.69
624.2	5199.49
624.6	5311.83
624.9	5496.03
625.3	5699.66
625.6	5868.18
626	6079.76
626.3	6268.18
626.7	6445.82
627	6757.82
627.3	6925.87
627.7	7118.96
628	7375.95
628.4	7611.18
628.7	7822.29
629.1	8012.58
629.4	8185.78
629.8	8395.25
630.1	8623.69
630.5	8828.25
630.8	8985.3
631.1	9192.21
631.5	9329.83
631.8	9465.35
632.2	9588.23
632.5	9642.76
632.9	9651.19
633.2	9701.51
633.6	9655.4
633.9	9667.8
634.2	9509.12
634.6	9425.56
634.9	9301.28
635.3	9068.16
635.6	8839.02
636	8618.54
636.3	8451.19
636.7	8058.92
637	7868.63
637.3	7474.72
637.7	7177.24
638	6834.59
638.4	6469.93
638.7	6190.47
639.1	5814.58
639.4	5488.08
639.8	5142.14
640.1	4794.57
640.4	4587.67
640.8	4251.57
641.1	4020.09
641.5	3712.31
641.8	3497.22
642.2	3281.65
642.5	3067.26
642.8	2847.95
643.2	2698.62
643.5	2519.57
643.9	2354.8
644.2	2208.98
644.6	2070.66
644.9	1939.59
645.3	1828.88
645.6	1730.58
645.9	1616.13
646.3	1521.8
646.6	1429.12
647	1299.92
647.3	1258.02
647.7	1140.76
648	1096.53
648.3	1051.36
648.7	995.88
649	950.95
649.4	869.26
649.7	842.35
650.1	773.07
650.4	766.98
650.7	714.32
651.1	659.55
651.4	590.97
651.8	570.38
652.1	567.33
652.4	492.44
652.8	492.9
653.1	486.82
653.5	436.26
653.8	441.18
654.2	430.41
654.5	396.01
654.8	363.71
655.2	355.05
655.5	346.15
655.9	356.68
656.2	288.58
656.6	310.34
656.9	301.21
657.2	279.21
657.6	237.55
657.9	250.66
658.3	237.55
658.6	214.38
658.9	213.68
659.3	213.68
659.6	204.32
660	197.76
660.3	183.02
660.7	155.4
661	153.53
661.3	144.87
661.7	152.82
662	159.61
662.4	132.7
662.7	128.25
663	96.18
663.4	104.61
663.7	32.99
664.1	86.35
664.4	99.23
664.7	71.84
665.1	98.06
665.4	76.76
665.8	86.59
666.1	88.93
666.4	65.52
666.8	56.16
667.1	62.48
667.5	69.27
667.8	51.95
668.1	55.46
668.5	45.86
668.8	52.65
669.2	19.65
669.5	41.88
669.8	44.46
670.2	47.73
670.5	40.71
670.9	34.63
671.2	45.86
671.5	40.71
671.9	12.16
672.2	61.07
672.6	61.31
672.9	36.5
673.2	28.78
673.6	-10.78
673.9	28.07
674.3	15.43
674.6	38.37
674.9	21.05
675.3	39.31
675.6	37.2
676	47.97
676.3	21.75
676.6	37.2
677	36.27
677.3	-15.23
677.7	19.18
678	-8.91
678.3	20.35
678.7	2.33
679	32.52
679.4	-0.25
679.7	14.26
680	26.9
680.4	10.05
680.7	29.48
681	22.92
681.4	-2.59
681.7	14.5
682.1	9.12
682.4	5.84
682.7	-0.01
683.1	-13.59
683.4	30.88
683.8	19.88
684.1	15.67
684.4	9.12
684.8	28.78
685.1	14.97
685.4	0.69
685.8	32.52
686.1	81.91
686.5	20.58
686.8	-28.57
687.1	38.84
687.5	3.03
687.8	44.93
688.1	26.67
688.5	3.5
688.8	7.48
689.2	1.63
689.5	15.67
689.8	-209.26
690.2	0.22
690.5	-15.23
690.8	24.09
691.2	12.16
691.5	1.63
691.9	-10.55
692.2	-14.76
692.5	25.03
692.9	-13.82
693.2	-5.63
693.5	14.5
693.9	-23.18
694.2	14.03
694.6	-15.46
694.9	9.58
695.2	-1.65
695.6	18.71
695.9	-23.65
696.2	-13.35
696.6	1.63
696.9	14.73
697.2	0.92
697.6	39.54
697.9	-4.46
698.3	-17.1
698.6	7.01
698.9	3.73
699.3	-6.8
699.6	-27.4
699.9	22.46
700.3	14.5
700.6	-19.21
700.9	-31.61
701.3	-6.33
701.6	-4.46
702	-17.8
702.3	37.9
702.6	0.69
703	1.39
703.3	-19.44
703.6	-19.21
704	9.35
704.3	-23.18
704.6	-18.5
705	-11.25
705.3	-12.18
705.6	-13.35
706	7.24
706.3	-21.08
706.6	-24.59
707	9.82
707.3	7.94
707.7	-20.14
708	20.82
708.3	-24.82
708.7	7.01
709	-4.46
709.3	-9.14
709.7	-18.27
710	-3.52
710.3	-2.35
710.7	11.69
711	-0.25
711.3	-13.12
711.7	25.26
712	-14.06
712.3	-31.61
712.7	-10.08
713	25.03
713.3	-11.72
713.7	-14.99
714	40.71
714.3	21.99
714.7	23.39
715	-11.72
715.3	-14.29
715.7	-12.65
716	33.69
716.3	-2.12
716.7	-0.25
717	-11.01
717.3	-25.99
717.7	5.14
718	-7.5
718.4	0.46
718.7	-7.03
719	-31.84
719.4	-3.29
719.7	3.5
720	-1.89
720.4	5.84
720.7	12.39
721	-41.21
721.3	-1.89
721.7	18.71
722	1.63
722.3	-4.23
722.7	1.63
723	-6.8
723.3	-0.48
723.7	0.46
724	12.16
724.3	-3.99
724.7	-0.25
725	-0.95
725.3	9.58
725.7	0.69
726	-17.1
726.3	-6.1
726.7	-2.59
727	30.88
727.3	-21.55
727.7	-8.2
728	14.26
728.3	-28.1
728.7	19.65
729	15.67
729.3	20.35
729.7	6.77
730	4.2
730.3	-11.72
730.7	0.92
731	-29.27
731.3	-36.99
731.7	-3.29
732	-2.82
732.3	-18.97
732.6	-17.8
733	-13.35
733.3	-4.93
733.6	-16.86
734	-11.48
734.3	-28.8
734.6	-16.86
735	15.9
735.3	-17.8
735.6	-2.59
736	-10.31
736.3	-0.25
736.6	19.65
737	-16.4
737.3	-5.4
737.6	7.71
737.9	-24.82
738.3	0.92
738.6	-16.86
738.9	-2.59
739.3	6.31
739.6	3.97
739.9	-3.06
740.3	8.88
740.6	-23.89
740.9	-6.8
741.2	-10.31
741.6	-11.95
741.9	-17.57
742.2	-22.48
742.6	-6.57
742.9	0.22
743.2	16.6
743.6	-35.36
743.9	-5.63
744.2	12.16
744.6	25.97
744.9	4.9
745.2	-57.59
745.5	-9.14
745.9	-19.44
746.2	-6.1
746.5	3.5
746.9	29.24
747.2	-21.55
747.5	-9.14
747.8	-10.31
748.2	-14.29
748.5	13.56
748.8	-21.78
749.2	-22.72
749.5	16.37
749.8	-12.18
750.1	0.69
750.5	-9.61
750.8	-9.84
751.1	-6.57
751.5	-11.72
751.8	-10.55
752.1	-7.74
752.5	-0.95
752.8	-13.12
753.1	-18.5
753.4	27.84
753.8	-10.31
754.1	4.43
754.4	16.37
754.7	-1.89
755.1	-19.91
755.4	-24.82
755.7	13.09
756.1	10.99
756.4	10.29
756.7	-32.08
757	-6.33
757.4	-28.57
757.7	-29.5
758	2.56
758.4	-3.52
758.7	13.56
759	-7.97
759.3	-16.63
759.7	-3.06
760	17.78
760.3	6.07
760.7	-9.61
761	-16.86
761.3	14.73
761.6	-2.12
762	-18.74
762.3	-17.8
762.6	1.39
762.9	-23.65
763.3	-14.99
763.6	26.67
763.9	-2.82
764.2	4.67
764.6	-44.48
764.9	-12.89
765.2	-19.21
765.6	-2.12
765.9	12.16
766.2	-25.06
766.5	20.58
766.9	-7.5
767.2	-21.55
767.5	22.46
767.8	-27.4
768.2	-18.27
768.5	4.43
768.8	-4.69
769.1	-5.86
769.5	-28.33
769.8	-10.78
770.1	-12.18
770.5	10.05
770.8	-2.35
771.1	13.56
771.4	-1.42
771.8	19.18
772.1	-18.27
772.4	14.5
772.7	-8.91
773.1	-6.57
773.4	22.92
773.7	-16.4
774	-36.53
774.4	2.33
774.7	8.65
775	-15.46
775.3	-12.42
775.7	-11.95
776	-29.04
776.3	18.48
776.6	6.31
777	-26.23
777.3	-11.25
777.6	2.33
777.9	-16.16
778.3	-4.46
778.6	-5.16
778.9	2.09
779.2	-26.93
779.6	-22.01
779.9	-5.63
780.2	-6.33
780.5	-15.93
780.9	-30.67
781.2	-12.89
781.5	-11.48
781.8	-11.01
782.2	-7.27
782.5	-19.91
782.8	-14.52
783.1	4.67
783.4	-8.2
783.8	14.26
784.1	-1.89
784.4	22.92
784.7	-22.72
785.1	7.48
785.4	-3.99
785.7	-14.76
786	-29.04
786.4	-17.8
786.7	7.94
787	-17.57
787.3	7.94
787.7	-1.89
788	5.37
788.3	1.39
788.6	-4.69
788.9	-8.67
789.3	-13.35
789.6	8.65
789.9	-7.03
790.2	9.35
790.6	0.46
790.9	1.39
791.2	10.75
791.5	-9.14
791.9	11.69
792.2	-5.4
792.5	-3.29
792.8	22.69
793.1	-2.35
793.5	-0.48
793.8	-32.31
794.1	-2.35
794.4	-15.93
794.8	6.31
795.1	14.5
795.4	-11.48
795.7	-22.01
796	-18.5
796.4	15.9
796.7	-6.57
797	9.35
797.3	-15.46
797.7	4.43
798	-13.35
798.3	-12.65
798.6	-9.61
798.9	-9.61
799.3	0.22
799.6	-1.65
799.9	-20.38
800.2	19.88
800.5	-2.82
800.9	1.86
801.2	-9.84
801.5	-5.16
801.8	12.16
802.2	-7.74
802.5	-25.52
802.8	8.18
803.1	13.8
803.4	-7.03
803.8	4.43
804.1	-3.76
804.4	-23.65
804.7	18.48
805	-14.06
805.4	-8.2
805.7	-19.91
806	10.52
806.3	26.2
806.6	-7.03
807	9.58
807.3	34.86
807.6	13.09
807.9	-14.99
808.2	-15.46
808.6	3.03
808.9	-1.65
809.2	4.43
809.5	-31.61
809.8	-16.63
810.2	4.2
810.5	-12.42
810.8	11.69
811.1	4.9
811.4	26.44
811.8	-1.89
812.1	3.73
812.4	-25.52
812.7	-17.33
813	-30.91
813.4	18.24
813.7	-15.23
814	-7.74
814.3	-15.93
814.6	7.48
815	-16.16
815.3	-16.86
815.6	-7.74
815.9	8.41
816.2	-29.27
816.5	29.24
816.9	23.63
817.2	9.12
817.5	-25.52
817.8	-13.35
818.1	-5.86
818.5	-24.82
818.8	12.16
819.1	-22.01
819.4	-9.14
819.7	-9.61
820.1	-20.84
820.4	-35.59
820.7	21.29
821	18.24
821.3	-26.46
821.6	3.97
822	-31.14
822.3	-18.04
822.6	-14.99
822.9	-10.55
823.2	-24.35
823.5	10.29
823.9	3.03
824.2	-28.1
824.5	6.77
824.8	16.14
825.1	8.18
825.5	24.33
825.8	-18.04
826.1	-5.63
826.4	10.75
826.7	33.22
827	13.33
827.4	6.77
827.7	-15.46
828	-14.76
828.3	17.54
828.6	-0.95
828.9	-43.55
829.3	-8.2
829.6	-2.82
829.9	-21.31
830.2	-25.76
830.5	-12.65
830.8	-5.4
831.2	-9.14
831.5	-16.4
831.8	3.03
832.1	-10.78
832.4	-16.16
832.7	-5.86
833.1	-2.35
833.4	18.95
833.7	-15.69
834	8.88
834.3	-9.84
834.6	17.78
835	1.86
835.3	-5.4
835.6	4.9
835.9	19.88
836.2	-4.46
836.5	-5.63
836.8	-10.08
837.2	13.56
837.5	-10.08
837.8	-2.82
838.1	-3.76
838.4	17.31
838.7	5.6
839.1	4.2
839.4	-0.72
839.7	4.9
840	1.63
840.3	-0.01
840.6	-17.1
840.9	-11.95
841.3	-45.89
841.6	-0.01
841.9	-13.82
842.2	15.43
842.5	-19.44
842.8	-8.2
843.1	2.56
843.5	-31.84
843.8	-8.44
844.1	-14.99
844.4	-15.46
844.7	20.12
845	-12.65
845.3	-33.01
845.7	-2.35
846	-25.29
846.3	5.6
846.6	-7.74
846.9	-28.1
847.2	14.73
847.5	3.26
847.9	21.29
848.2	31.58
848.5	-2.12
848.8	1.86
849.1	-9.14
849.4	10.75
849.7	11.92
850	2.56
850.4	-10.55
850.7	-28.33
851	22.92
851.3	1.16
851.6	-1.89
851.9	-5.86
852.2	7.01
852.5	0.69
852.9	-3.76
853.2	-9.14
853.5	-2.59
853.8	7.94
854.1	10.99
854.4	-11.95
854.7	7.48
855.1	-21.55
855.4	-11.25
855.7	-4.69
856	-5.86
856.3	10.05
856.6	0.46
856.9	-14.76
857.2	-3.29
857.5	-8.2
857.9	21.99
858.2	-1.89
858.5	16.6
858.8	-29.97
859.1	-16.63
859.4	-6.33
859.7	15.43
860	-17.1
860.4	-3.99
860.7	-0.95
861	-12.18
861.3	-16.16
861.6	-4.69
861.9	-27.63
862.2	-5.16
862.5	-43.55
862.8	-8.91
863.2	9.82
863.5	12.86
863.8	23.39
864.1	17.07
864.4	15.43
864.7	-6.8
865	14.03
865.3	-15.69
865.6	-10.31
866	10.52
866.3	1.39
866.6	-19.91
866.9	0.22
867.2	-2.12
867.5	6.07
867.8	13.56
868.1	-14.52
868.4	-0.01
868.7	11.46
869.1	-2.82
869.4	9.35
869.7	5.84
870	-12.89
870.3	-3.29
870.6	5.84
870.9	-29.5
871.2	-7.74
871.5	21.05
871.8	-5.86
872.1	-5.4
872.5	3.73
872.8	-14.99
873.1	8.18
873.4	-0.95
873.7	-2.12
874	23.86
874.3	7.48
874.6	3.03
874.9	10.29
875.2	8.18
875.6	-23.65
875.9	-9.14
876.2	-16.16
876.5	11.92
876.8	-0.01
877.1	-10.31
877.4	14.5
877.7	-23.65
878	-8.2
878.3	16.6
878.6	-6.8
878.9	-23.18
879.3	-28.1
879.6	5.14
879.9	8.18
880.2	-15.46
880.5	-3.52
880.8	-12.65
881.1	-7.97
881.4	4.9
881.7	33.92
882	9.12
882.3	-11.72
882.6	0.92
882.9	-32.55
883.3	-24.35
883.6	-13.59
883.9	-6.33
884.2	-21.08
884.5	10.29
884.8	12.16
885.1	-6.57
885.4	-33.72
885.7	-30.21
886	-16.86
886.3	-20.14
886.6	-6.8
886.9	9.82
887.2	-5.63
887.6	-10.78
887.9	-11.25
888.2	-24.59
888.5	-16.4
888.8	-3.52
889.1	-13.12
889.4	2.56
889.7	-5.4
890	1.86
890.3	9.82
890.6	-10.78
890.9	8.88
891.2	4.67
891.5	5.14
891.8	6.77
892.1	-0.95
892.5	-3.06
892.8	11.46
893.1	-24.82
893.4	-1.89
893.7	0.69
894	15.43
894.3	12.63
894.6	-6.57
894.9	-3.52
895.2	-26.23
895.5	-11.25
895.8	3.97
896.1	13.56
896.4	4.2
896.7	-12.89
897	-27.63
897.3	-28.57
897.6	-14.99
897.9	25.97
898.3	-13.82
898.6	-8.67
898.9	14.03
899.2	32.99
899.5	-4.93
899.8	16.6
900.1	3.26
900.4	-7.97
900.7	-8.2
901	-4.46
901.3	20.58
901.6	-19.21
901.9	7.48
902.2	-12.89
902.5	5.14
902.8	-22.72
903.1	11.22
903.4	-12.42
903.7	-6.1
904	14.97
904.3	-10.78
904.6	-2.35
904.9	-14.76
905.2	8.41
905.6	-20.61
905.9	-25.29
906.2	5.84
906.5	10.52
906.8	-23.18
907.1	-29.5
907.4	4.43
907.7	-13.82
908	-20.38
908.3	-40.27
908.6	5.37
908.9	-13.59
909.2	-3.76
909.5	0.46
909.8	-24.12
910.1	-29.04
910.4	-32.55
910.7	-7.97
911	2.33
911.3	-13.82
911.6	-17.1
911.9	7.71
912.2	-21.55
912.5	-25.52
912.8	2.33
913.1	-8.67
913.4	-5.16
913.7	-13.35
914	7.24
914.3	0.69
914.6	-30.67
914.9	-18.27
915.2	-26.93
915.5	-15.23
915.8	-3.52
916.1	-36.99
916.4	-17.1
916.7	-24.59
917	-20.14
917.3	18.01
917.6	0.22
917.9	6.31
918.2	-9.14
918.5	14.5
918.8	-11.95
919.1	-25.76
919.5	7.94
919.8	-14.52
920.1	-16.4
920.4	-24.82
920.7	-22.48
921	-8.44
921.3	5.6
921.6	-4.69
921.9	5.6
922.2	-2.12
922.5	4.43
922.8	-5.16
923.1	7.24
923.4	-5.4
923.7	4.9
924	10.99
924.3	-17.1
924.6	14.73
924.9	3.97
925.2	-9.14
925.5	-2.59
925.8	11.69
926.1	-14.99
926.4	-10.08
926.7	1.86
927	-18.97
927.3	-3.76
927.6	-11.48
927.9	-21.31
928.2	-5.63
928.4	-32.08
928.7	-18.97
929	25.26
929.3	8.41
929.6	20.35
929.9	-11.48
930.2	-19.91
930.5	-2.82
930.8	-18.27
931.1	-18.74
931.4	-19.67
931.7	-25.29
932	2.09
932.3	-12.65
932.6	-9.38
932.9	23.16
933.2	-32.31
933.5	-13.59
933.8	-13.82
934.1	-11.01
934.4	6.54
934.7	-8.2
935	7.94
935.3	-3.06
935.6	-37.23
935.9	-14.52
936.2	29.48
936.5	-0.48
936.8	-1.65
937.1	4.9
937.4	6.54
937.7	0.46
938	-26.46
938.3	-9.14
938.6	-21.55
938.9	5.14
939.2	-3.06
939.5	-15.69
939.8	4.43
940.1	-9.61
940.4	-24.35
940.7	-30.67
941	-8.67
941.3	-13.35
941.6	-17.57
941.9	-18.74
942.2	-15.46
942.4	-5.16
942.7	-13.35
943	-5.86
943.3	19.18
943.6	1.63
943.9	8.88
944.2	1.86
944.5	-5.16
944.8	-13.12
945.1	-11.72
945.4	7.71
945.7	-13.82
946	2.8
946.3	13.33
946.6	1.63
946.9	8.18
947.2	0.22
947.5	-11.72
947.8	-18.5
948.1	-2.82
948.4	-11.95
948.7	-17.1
949	-47.06
949.2	-0.01
949.5	-7.03
949.8	45.39
950.1	4.43
950.4	8.88
950.7	-28.57
951	-7.74
951.3	-0.25
951.6	-17.57
951.9	-32.78
952.2	6.31
952.5	-8.44
952.8	-10.55
953.1	12.39
953.4	4.67
953.7	-17.57
954	1.39
954.3	-27.63
954.6	-29.5
954.8	-44.72
955.1	-8.67
955.4	-34.42
955.7	-4.23
956	-14.52
956.3	0.92
956.6	-11.25
956.9	13.09
957.2	-22.48
957.5	-11.95
957.8	-26.93
958.1	-1.89
958.4	-1.65
958.7	-16.86
959	-17.33
959.2	-20.38
959.5	-5.4
959.8	-47.76
960.1	-20.14
960.4	-28.33
960.7	-2.82
961	-3.06
961.3	-21.55
961.6	18.71
961.9	-15.69
962.2	25.5
962.5	10.52
962.8	-4.23
963.1	-12.18
963.3	7.48
963.6	24.09
963.9	7.94
964.2	-22.48
964.5	0.92
964.8	19.18
965.1	3.73
965.4	9.58
965.7	-14.99
966	25.03
966.3	6.31
966.6	-11.25
966.9	-9.84
967.1	5.84
967.4	15.67
967.7	-5.63
968	11.69
968.3	-18.97
968.6	4.43
968.9	5.14
969.2	-18.04
969.5	-2.12
969.8	-9.84
970.1	-0.48
970.3	-27.63
970.6	-16.86
970.9	5.84
971.2	-0.95
971.5	7.24
971.8	-8.91
972.1	-5.16
972.4	9.82
972.7	-3.52
973	-2.12
973.3	6.31
973.5	5.37
973.8	-13.59
974.1	-16.16
974.4	-2.12
974.7	-6.33
975	-8.2
975.3	6.54
975.6	-3.29
975.9	-6.57
976.2	9.58
976.4	18.48
976.7	16.37
977	-6.8
977.3	-20.38
977.6	-2.82
977.9	7.01
978.2	23.39
978.5	-20.84
978.8	-11.01
979	-6.33
979.3	16.84
979.6	-10.31
979.9	-0.25
980.2	-22.48
980.5	21.05
980.8	3.97
981.1	-21.78
981.4	2.09
981.6	8.65
981.9	-7.97
982.2	9.35
982.5	14.26
982.8	11.46
983.1	-25.06
983.4	9.58
983.7	-10.78
984	1.39
984.2	-17.33
984.5	-27.4
984.8	-6.8
985.1	-3.76
985.4	-21.78
985.7	-4.93
986	18.24
986.3	-14.29
986.5	-2.12
986.8	-27.16
987.1	-25.29
987.4	4.2
987.7	-26.23
988	-44.48
988.3	-6.33
988.6	-25.29
988.8	-12.89
989.1	5.6
989.4	7.71
989.7	15.2
990	-20.61
990.3	-3.29
990.6	-2.12
990.9	-26.23
991.1	-0.72
991.4	-19.21
991.7	23.86
992	-23.65
992.3	5.84
992.6	22.46
992.9	10.29
993.1	16.6
993.4	-10.08
993.7	-22.01
994	1.63
994.3	-15.23
994.6	-14.76
994.9	-6.1
995.1	-14.29
995.4	-38.63
995.7	34.63
996	-23.65
996.3	-6.33
996.6	-24.82
996.9	-38.4
997.1	-23.89
997.4	13.09
997.7	3.03
998	4.43
998.3	6.07
998.6	-8.91
998.9	-2.59
999.1	-31.84
999.4	-13.59
999.7	-2.59
1000	-0.95
1000.3	-1.65
1000.6	-17.1
1000.8	-20.61
1001.1	-6.1
1001.4	1.63
1001.7	-26.93
1002	-4.69
1002.3	-17.8
1002.6	-4.93
1002.8	-10.31
1003.1	7.24
1003.4	-13.35
1003.7	-13.35
1004	-15.69
1004.3	-23.89
1004.5	-24.12
1004.8	-3.99
1005.1	-0.72
1005.4	-17.33
1005.7	-9.14
1006	-31.14
1006.2	-9.14
1006.5	-0.72
1006.8	-3.29
1007.1	-7.03
1007.4	10.05
1007.7	-4.46
1007.9	-20.14
1008.2	-14.76
1008.5	3.97
1008.8	15.2
1009.1	2.56
1009.4	-4.23
1009.6	-41.44
1009.9	-48.23
1010.2	-13.82
1010.5	-1.18
1010.8	6.07
1011.1	35.56
1011.3	-24.82
1011.6	-25.29
1011.9	4.9
1012.2	-5.86
1012.5	-13.59
1012.7	5.84
1013	-23.89
1013.3	-24.59
1013.6	-4.69
1013.9	0.69
1014.2	-31.38
1014.4	-8.67
1014.7	-11.72
1015	-21.31
1015.3	-0.95
1015.6	-6.1
1015.8	-4.69
1016.1	-7.5
1016.4	-44.25
1016.7	-17.1
1017	-5.4
1017.2	-7.03
1017.5	-8.2
1017.8	-26.7
1018.1	3.73
1018.4	-22.95
1018.7	2.33
1018.9	-15.46
1019.2	-1.89
1019.5	-31.14
1019.8	-5.63
1020.1	-1.65
1020.3	-22.48
1020.6	-3.06
1020.9	-3.06
1021.2	-3.06
