340.2	21.44
340.6	21.44
340.9	21.44
341.3	-13.43
341.7	13.48
342.1	11.38
342.4	-19.75
342.8	-8.52
343.2	-20.45
343.6	-9.69
343.9	11.38
344.3	-16.94
344.7	22.85
345.1	7.16
345.4	-1.96
345.8	8.8
346.2	26.83
346.6	-75.46
346.9	23.08
347.3	17.23
347.7	15.36
348	5.76
348.4	10.91
348.8	-16.94
349.2	10.21
349.5	2.25
349.9	14.89
350.3	17.7
350.7	-1.73
351	-5.47
351.4	20.97
351.8	7.63
352.2	12.55
352.5	31.74
352.9	1.55
353.3	13.95
353.6	6.93
354	-7.35
354.4	2.72
354.8	15.12
355.1	-8.75
355.5	11.85
355.9	17.23
356.3	8.57
356.6	-4.3
357	18.87
357.4	-10.39
357.8	-12.03
358.1	7.4
358.5	-1.26
358.9	16.06
359.2	-24.67
359.6	-13.43
360	-18.11
360.4	2.48
360.7	-17.41
361.1	-2.43
361.5	5.76
361.9	13.02
362.2	9.97
362.6	-3.37
363	20.74
363.3	39.23
363.7	15.82
364.1	26.83
364.5	12.08
364.8	14.19
365.2	23.08
365.6	6.23
366	14.19
366.3	5.99
366.7	20.51
367.1	-0.79
367.4	14.42
367.8	44.15
368.2	9.97
368.6	4.82
368.9	26.36
369.3	1.08
369.7	6.7
370	33.14
370.4	-4.54
370.8	-0.79
371.2	11.61
371.5	-12.96
371.9	11.38
372.3	16.29
372.6	-12.26
373	-2.67
373.4	29.17
373.8	-1.96
374.1	12.31
374.5	-4.54
374.9	-6.41
375.2	-2.9
375.6	-1.03
376	2.95
376.4	16.53
376.7	12.55
377.1	41.8
377.5	-1.96
377.8	7.4
378.2	33.61
378.6	3.65
379	1.78
379.3	20.74
379.7	-1.73
380.1	22.14
380.4	22.85
380.8	5.99
381.2	-17.65
381.6	20.04
381.9	12.08
382.3	-1.96
382.7	-1.26
383	13.72
383.4	11.14
383.8	19.57
384.2	14.19
384.5	1.31
384.9	3.65
385.3	18.4
385.6	-7.58
386	-12.03
386.4	3.42
386.7	5.29
387.1	-6.41
387.5	19.57
387.9	16.53
388.2	-17.41
388.6	0.14
389	13.02
389.3	9.27
389.7	12.08
390.1	-4.3
390.5	12.55
390.8	-6.41
391.2	11.38
391.6	21.21
391.9	2.25
392.3	15.82
392.7	27.06
393	5.29
393.4	21.68
393.8	2.95
394.2	1.78
394.5	35.02
394.9	16.53
395.3	6.93
395.6	5.29
396	13.48
396.4	3.42
396.7	18.4
397.1	25.42
397.5	25.42
397.8	-8.99
398.2	27.06
398.6	-4.3
399	20.74
399.3	17.23
399.7	14.42
400.1	28
400.4	44.38
400.8	-10.39
401.2	-2.9
401.5	16.53
401.9	7.4
402.3	12.31
402.7	37.36
403	19.34
403.4	17.46
403.8	-7.11
404.1	9.04
404.5	37.83
404.9	-3.84
405.2	-4.3
405.6	13.02
406	25.19
406.3	28
406.7	2.02
407.1	7.16
407.4	21.68
407.8	9.74
408.2	30.57
408.6	5.53
408.9	33.85
409.3	-11.33
409.7	16.53
410	-6.41
410.4	19.8
410.8	22.61
411.1	11.61
411.5	-10.62
411.9	146.66
412.2	42.27
412.6	35.95
413	-16.47
413.3	13.95
413.7	11.38
414.1	-4.3
414.4	16.06
414.8	20.04
415.2	33.61
415.5	40.4
415.9	31.04
416.3	6.7
416.7	26.12
417	29.4
417.4	17.46
417.8	38.53
418.1	28.23
418.5	18.63
418.9	24.48
419.2	-19.75
419.6	16.29
420	5.06
420.3	-11.33
420.7	15.36
421.1	21.44
421.4	2.48
421.8	16.76
422.2	1.78
422.5	17.7
422.9	16.99
423.3	-12.03
423.6	-14.37
424	18.87
424.4	22.61
424.7	-7.35
425.1	0.61
425.5	9.97
425.8	0.38
426.2	18.4
426.6	0.61
426.9	36.66
427.3	13.95
427.7	21.91
428	18.4
428.4	-6.41
428.8	10.44
429.1	-2.43
429.5	19.57
429.9	0.38
430.2	14.19
430.6	22.38
431	3.42
431.3	-1.26
431.7	35.25
432.1	30.34
432.4	26.36
432.8	19.34
433.2	-22.56
433.5	28.7
433.9	4.59
434.3	-0.79
434.6	47.19
435	37.83
435.4	5.53
435.7	5.99
436.1	5.29
436.5	24.95
436.8	22.61
437.2	-3.37
437.6	-8.52
437.9	-179.84
438.3	-16.47
438.7	36.89
439	-5.24
439.4	18.17
439.8	19.8
440.1	4.12
440.5	21.44
440.9	-20.22
441.2	19.1
441.6	28.46
442	3.89
442.3	20.04
442.7	10.21
443.1	6.46
443.4	4.82
443.8	-16.24
444.1	8.8
444.5	28
444.9	-0.56
445.2	34.31
445.6	2.95
446	0.61
446.3	18.87
446.7	0.38
447.1	-1.03
447.4	21.68
447.8	4.12
448.2	53.27
448.5	19.1
448.9	12.08
449.3	11.85
449.6	23.08
450	11.85
450.4	15.36
450.7	13.95
451.1	31.27
451.4	26.83
451.8	28.23
452.2	17.93
452.5	26.12
452.9	-0.56
453.3	8.8
453.6	20.74
454	25.65
454.4	54.91
454.7	45.78
455.1	40.4
455.5	15.82
455.8	-8.52
456.2	11.85
456.5	5.06
456.9	22.38
457.3	28.23
457.6	32.91
458	9.97
458.4	52.1
458.7	3.42
459.1	33.61
459.5	25.42
459.8	3.89
460.2	41.1
460.5	21.91
460.9	-1.5
461.3	7.16
461.6	12.55
462	49.53
462.4	9.51
462.7	24.25
463.1	52.1
463.5	0.85
463.8	0.38
464.2	23.31
464.5	32.44
464.9	29.17
465.3	46.95
465.6	44.61
466	54.68
466.4	40.4
466.7	41.57
467.1	43.44
467.5	39.7
467.8	51.87
468.2	33.14
468.5	44.85
468.9	19.34
469.3	51.17
469.6	47.66
470	22.61
470.4	59.83
470.7	32.44
471.1	34.55
471.4	35.72
471.8	24.95
472.2	17.7
472.5	53.51
472.9	68.49
473.3	19.8
473.6	37.36
474	37.36
474.3	50
474.7	90.25
475.1	59.36
475.4	46.25
475.8	105.7
476.2	67.78
476.5	61.47
476.9	63.57
477.2	66.38
477.6	73.64
478	92.36
478.3	79.72
478.7	71.06
479.1	95.87
479.4	118.34
479.8	112.49
480.1	118.11
480.5	87.91
480.9	142.21
481.2	140.11
481.6	104.53
481.9	127.94
482.3	147.13
482.7	27.53
483	156.02
483.4	176.62
483.8	174.04
484.1	167.02
484.5	169.36
484.8	168.9
485.2	201.43
485.6	201.2
485.9	219.22
486.3	211.49
486.6	238.64
487	241.22
487.4	256.9
487.7	272.82
488.1	292.71
488.5	288.97
488.8	300.9
489.2	300.2
489.5	358.01
489.9	363.63
490.3	382.59
490.6	375.33
491	387.27
491.3	416.29
491.7	434.55
492.1	453.97
492.4	471.06
492.8	496.1
493.1	484.4
493.5	529.81
493.9	567.96
494.2	580.36
494.6	616.64
494.9	636.07
495.3	665.56
495.7	706.75
496	720.56
496.4	760.82
496.7	812.78
497.1	835.48
497.5	858.18
497.8	853.27
498.2	914.36
498.5	959.53
498.9	1011.72
499.3	1023.89
499.6	1078.43
500	1100.9
500.3	1183.99
500.7	1222.14
501.1	1268.48
501.4	1273.16
501.8	1359.06
502.1	1426.47
502.5	1481.94
502.9	1547.24
503.2	1600.84
503.6	1704.05
503.9	1738.22
504.3	1780.82
504.7	1843.08
505	1887.08
505.4	1984.22
505.7	2043.2
506.1	2114.82
506.5	2234.18
506.8	2261.33
507.2	2326.64
507.5	2410.89
507.9	2484.15
508.2	2571.46
508.6	2629.27
509	2785.38
509.3	2823.77
509.7	2908.96
510	2977.77
510.4	3043.54
510.8	3191.93
511.1	3329.32
511.5	3380.58
511.8	3429.5
512.2	3534.59
512.6	3607.61
512.9	3659.57
513.3	3855.71
513.6	3921.48
514	4006.2
514.3	4078.99
514.7	4131.89
515.1	4233.47
515.4	4264.6
515.8	4366.18
516.1	4474.78
516.5	4550.38
516.9	4558.1
517.2	4610.06
517.6	4683.79
517.9	4680.98
518.3	4744.17
518.6	4805.97
519	4882.73
519.4	4919.95
519.7	4932.82
520.1	4988.53
520.4	5008.89
520.8	5098.06
521.1	5119.13
521.5	5105.55
521.9	5151.19
522.2	5172.26
522.6	5187.71
522.9	5276.18
523.3	5245.28
523.6	5271.5
524	5205.73
524.4	5265.41
524.7	5270.56
525.1	5262.14
525.4	5239.43
525.8	5227.03
526.2	5220.01
526.5	5183.03
526.9	5214.39
527.2	5090.34
527.6	5048.68
527.9	5071.15
528.3	4993.68
528.6	4962.08
529	4987.59
529.4	4891.39
529.7	4839.2
530.1	4790.75
530.4	4702.75
530.8	4655.94
531.1	4610.76
531.5	4554.59
531.9	4501.23
532.2	4441.78
532.6	4348.86
532.9	4258.05
533.3	4236.98
533.6	4144.53
534	4114.57
534.4	4040.14
534.7	4016.27
535.1	3918.2
535.4	3855.47
535.8	3790.41
536.1	3754.6
536.5	3628.21
536.8	3634.99
537.2	3502.75
537.6	3437.69
537.9	3492.69
538.3	3368.64
538.6	3331.66
539	3331.66
539.3	3239.21
539.7	3174.14
540	3200.36
540.4	3088.25
540.8	3029.5
541.1	3074.2
541.5	2967.24
541.8	2894.92
542.2	2846.47
542.5	2820.49
542.9	2780.7
543.2	2751.21
543.6	2677.72
544	2680.99
544.3	2630.67
544.7	2625.29
545	2590.41
545.4	2541.03
545.7	2530.5
546.1	2458.41
546.4	2441.09
546.8	2408.55
547.2	2451.15
547.5	2346.53
547.9	2369.94
548.2	2325.93
548.6	2282.17
548.9	2253.14
549.3	2235.12
549.6	2186.91
550	2194.63
550.3	2196.03
550.7	2192.76
551.1	2113.41
551.4	2150.63
551.8	2118.8
552.1	2081.11
552.5	2088.84
552.8	2089.31
553.2	2080.41
553.5	2080.88
553.9	2034.07
554.2	2028.69
554.6	2008.09
554.9	1967.36
555.3	1995.68
555.7	1970.87
556	2033.83
556.4	1971.11
556.7	1967.6
557.1	1971.34
557.4	1939.04
557.8	1950.51
558.1	1982.34
558.5	1967.6
558.8	1979.77
559.2	1945.83
559.5	1979.3
559.9	1977.9
560.3	1938.57
560.6	1944.89
561	1963.38
561.3	1955.89
561.7	1960.81
562	1990.07
562.4	1996.62
562.7	1982.58
563.1	1973.45
563.4	1968.3
563.8	2039.92
564.1	1984.68
564.5	2032.43
564.8	2031.03
565.2	2011.37
565.5	2064.26
565.9	2016.75
566.3	2070.58
566.6	2068.71
567	2078.3
567.3	2054.2
567.7	2108.73
568	2129.09
568.4	2139.63
568.7	2146.88
569.1	2149.22
569.4	2172.63
569.8	2191.82
570.1	2187.61
570.5	2233.25
570.8	2239.57
571.2	2185.97
571.5	2226.93
571.9	2243.78
572.2	2249.16
572.6	2293.17
572.9	2262.5
573.3	2306.74
573.6	2295.74
574	2303.7
574.4	2329.68
574.7	2327.1
575.1	2333.42
575.4	2354.25
575.8	2383.51
576.1	2408.79
576.5	2377.43
576.8	2390.53
577.2	2391.23
577.5	2440.62
577.9	2453.96
578.2	2435.47
578.6	2448.58
578.9	2458.88
579.3	2489.54
579.6	2459.58
580	2464.49
580.3	2513.88
580.7	2523.24
581	2540.79
581.4	2532.13
581.7	2488.13
582.1	2523.94
582.4	2557.18
582.8	2550.86
583.1	2552.97
583.5	2564.2
583.8	2560.22
584.2	2617.8
584.5	2571.22
584.9	2579.18
585.2	2583.16
585.6	2602.82
585.9	2587.37
586.3	2606.8
586.6	2648.46
587	2626.69
587.3	2605.63
587.7	2629.03
588	2608.2
588.4	2611.01
588.7	2622.25
589.1	2638.39
589.4	2588.78
589.8	2565.14
590.1	2587.61
590.5	2611.48
590.8	2607.27
591.2	2619.67
591.5	2606.1
591.9	2654.31
592.2	2627.86
592.6	2584.8
592.9	2597.67
593.3	2603.05
593.6	2591.12
594	2583.86
594.3	2575.67
594.7	2597.2
595	2592.05
595.4	2591.82
595.7	2571.46
596.1	2570.05
596.4	2550.39
596.8	2490.94
597.1	2535.88
597.5	2514.81
597.8	2544.54
598.2	2523.01
598.5	2517.86
598.9	2504.52
599.2	2522.77
599.6	2468
599.9	2487.43
600.3	2492.11
600.6	2482.98
601	2489.54
601.3	2465.9
601.7	2453.96
602	2466.83
602.4	2409.72
602.7	2454.43
603.1	2436.64
603.4	2406.45
603.8	2401.3
604.1	2354.96
604.5	2358.47
604.8	2356.83
605.1	2385.15
605.5	2384.45
605.8	2370.17
606.2	2352.62
606.5	2348.17
606.9	2310.02
607.2	2314.7
607.6	2270.46
607.9	2245.18
608.3	2281.7
608.6	2272.1
609	2214.29
609.3	2216.4
609.7	2196.74
610	2172.39
610.4	2189.95
610.7	2164.67
611.1	2205.16
611.4	2131.2
611.8	2134.24
612.1	2120.67
612.5	2112.71
612.8	2076.2
613.1	2084.86
613.5	2064.26
613.8	2045.07
614.2	2072.45
614.5	2005.28
614.9	2006.92
615.2	1980.47
615.6	1964.09
615.9	1967.36
616.3	1912.59
616.6	1904.4
617	1912.83
617.3	1867.66
617.7	1889.89
618	1928.51
618.3	1866.25
618.7	1841.91
619	1838.17
619.4	1816.63
619.7	1820.61
620.1	1793.23
620.4	1791.12
620.8	1791.59
621.1	1807.04
621.5	1779.42
621.8	1720.44
622.2	1729.56
622.5	1692.58
622.8	1665.43
623.2	1669.88
623.5	1662.63
623.9	1634.77
624.2	1639.22
624.6	1630.33
624.9	1637.35
625.3	1600.13
625.6	1568.07
626	1571.34
626.3	1526.87
626.7	1537.87
627	1541.15
627.3	1491.3
627.7	1479.36
628	1511.19
628.4	1502.06
628.7	1463.21
629.1	1452.91
629.4	1440.74
629.8	1410.55
630.1	1452.45
630.5	1393
630.8	1398.85
631.1	1400.49
631.5	1385.27
631.8	1381.53
632.2	1329.8
632.5	1290.71
632.9	1315.06
633.2	1301.71
633.6	1290.95
633.9	1300.78
634.2	1259.35
634.6	1283.69
634.9	1238.75
635.3	1236.65
635.6	1224.48
636	1220.03
636.3	1180.48
636.7	1178.6
637	1163.39
637.3	1200.84
637.7	1156.6
638	1147.47
638.4	1130.39
638.7	1119.39
639.1	1118.69
639.4	1132.73
639.8	1090.6
640.1	1111.2
640.4	1078.19
640.8	1054.79
641.1	1055.02
641.5	1048.47
641.8	1048.7
642.2	993.93
642.5	1004.47
642.8	1004.94
643.2	988.08
643.5	954.61
643.9	977.32
644.2	966.32
644.6	961.87
644.9	941.97
645.3	922.78
645.6	925.36
645.9	890.72
646.3	904.29
646.6	860.76
647	916.23
647.3	901.95
647.7	860.29
648	856.78
648.3	857.48
648.7	855.61
649	820.27
649.4	829.16
649.7	785.63
650.1	774.86
650.4	816.52
650.7	766.2
651.1	787.03
651.4	768.54
651.8	742.56
652.1	785.63
652.4	727.35
652.8	756.6
653.1	729.45
653.5	721.73
653.8	706.52
654.2	707.22
654.5	715.88
654.8	659.24
655.2	714.71
655.5	681
655.9	648.71
656.2	689.2
656.6	639.58
656.9	658.77
657.2	660.17
657.6	642.62
657.9	596.51
658.3	608.21
658.6	626.24
658.9	587.15
659.3	577.79
659.6	608.45
660	582.94
660.3	550.64
660.7	556.49
661	558.83
661.3	570.3
661.7	514.12
662	554.38
662.4	510.85
662.7	533.32
663	517.17
663.4	483.7
663.7	598.85
664.1	525.13
664.4	519.27
664.7	486.74
665.1	483.7
665.4	490.95
665.8	469.19
666.1	433.84
666.4	458.19
666.8	453.04
667.1	441.33
667.5	430.57
667.8	423.55
668.1	435.72
668.5	441.1
668.8	433.84
669.2	386.57
669.5	376.5
669.8	415.12
670.2	387.5
670.5	371.35
670.9	368.31
671.2	356.37
671.5	381.42
671.9	392.88
672.2	393.59
672.6	363.86
672.9	360.59
673.2	369.95
673.6	350.76
673.9	345.14
674.3	330.39
674.6	332.03
674.9	325.01
675.3	313.07
675.6	324.54
676	321.73
676.3	308.39
676.6	317.75
677	283.35
677.3	332.97
677.7	310.03
678	270.01
678.3	280.54
678.7	313.54
679	282.18
679.4	262.05
679.7	272.58
680	291.77
680.4	271.18
680.7	248.47
681	264.39
681.4	246.13
681.7	259.01
682.1	277.26
682.4	245.9
682.7	243.79
683.1	269.3
683.4	230.69
683.8	245.43
684.1	215.71
684.4	210.79
684.8	245.2
685.1	221.09
685.4	228.58
685.8	230.92
686.1	307.46
686.5	209.62
686.8	226.71
687.1	210.09
687.5	214.54
687.8	190.9
688.1	174.98
688.5	177.56
688.8	188.09
689.2	224.83
689.5	207.05
689.8	420.74
690.2	231.39
690.5	170.07
690.8	202.6
691.2	168.9
691.5	163.75
691.9	197.92
692.2	158.13
692.5	176.15
692.9	163.51
693.2	159.77
693.5	158.6
693.9	143.85
694.2	148.06
694.6	170.77
694.9	152.51
695.2	137.77
695.6	163.04
695.9	163.98
696.2	138
696.6	152.75
696.9	164.92
697.2	127
697.6	143.62
697.9	156.72
698.3	142.45
698.6	160.47
698.9	154.85
699.3	155.79
699.6	139.64
699.9	121.38
700.3	116.7
700.6	138
700.9	116
701.3	114.83
701.6	130.28
702	129.57
702.3	109.68
702.6	107.34
703	122.08
703.3	103.13
703.6	137.53
704	139.17
704.3	103.36
704.6	105.23
705	107.11
705.3	105.7
705.6	118.57
706	117.64
706.3	96.1
706.6	106.64
707	89.32
707.3	80.42
707.7	97.98
708	98.68
708.3	88.62
708.7	109.91
709	70.36
709.3	129.81
709.7	98.91
710	86.98
710.3	118.34
710.7	102.66
711	104.53
711.3	57.95
711.7	73.4
712	94.23
712.3	85.57
712.7	113.19
713	74.34
713.3	108.98
713.7	93.76
714	42.04
714.3	87.91
714.7	77.61
715	66.15
715.3	73.4
715.7	69.19
716	103.36
716.3	53.27
716.7	59.59
717	61.47
717.3	64.27
717.7	71.53
718	69.42
718.4	94.47
718.7	78.55
719	83.23
719.4	57.02
719.7	51.87
720	48.12
720.4	99.85
720.7	89.32
721	40.87
721.3	66.61
721.7	65.21
722	67.08
722.3	58.19
722.7	45.78
723	47.66
723.3	52.57
723.7	60.29
724	63.34
724.3	60.53
724.7	62.4
725	72.7
725.3	54.21
725.7	67.78
726	48.59
726.3	61.47
726.7	43.91
727	52.81
727.3	27.29
727.7	54.68
728	60.53
728.3	44.15
728.7	50.23
729	48.12
729.3	50.7
729.7	31.74
730	44.85
730.3	82.76
730.7	44.38
731	32.91
731.3	39.46
731.7	40.63
732	33.38
732.3	46.95
732.6	22.85
733	44.61
733.3	41.34
733.6	35.02
734	25.42
734.3	52.81
734.6	31.97
735	67.08
735.3	36.42
735.6	34.55
736	35.02
736.3	64.51
736.6	33.85
737	32.91
737.3	24.72
737.6	51.17
737.9	4.82
738.3	36.42
738.6	60.53
738.9	46.49
739.3	6.23
739.6	55.85
739.9	27.53
740.3	32.21
740.6	55.85
740.9	51.17
741.2	38.06
741.6	51.4
741.9	41.57
742.2	-12.5
742.6	9.97
742.9	48.59
743.2	56.08
743.6	44.15
743.9	61.23
744.2	51.63
744.6	36.19
744.9	43.21
745.2	42.51
745.5	5.76
745.9	10.91
746.2	20.74
746.5	31.51
746.9	31.51
747.2	-2.2
747.5	36.42
747.8	30.34
748.2	37.83
748.5	12.08
748.8	24.48
749.2	5.06
749.5	38.29
749.8	13.02
750.1	28.23
750.5	4.59
750.8	-7.11
751.1	41.1
751.5	29.17
751.8	9.97
752.1	7.63
752.5	24.02
752.8	50.23
753.1	52.81
753.4	39
753.8	29.4
754.1	-11.09
754.4	7.16
754.7	-19.28
755.1	20.74
755.4	-1.26
755.7	46.72
756.1	16.76
756.4	43.44
756.7	39
757	28.93
757.4	2.02
757.7	15.36
758	9.27
758.4	15.12
758.7	5.76
759	34.55
759.3	37.36
759.7	14.19
760	19.1
760.3	38.76
760.7	17.7
761	47.66
761.3	-23.5
761.6	5.29
762	13.25
762.3	17.93
762.6	40.63
762.9	18.17
763.3	6.93
763.6	5.53
763.9	19.1
764.2	1.08
764.6	2.48
764.9	26.83
765.2	37.83
765.6	20.97
765.9	10.44
766.2	33.14
766.5	8.57
766.9	7.4
767.2	13.25
767.5	5.29
767.8	14.42
768.2	36.19
768.5	-9.45
768.8	28.93
769.1	15.36
769.5	-1.5
769.8	36.66
770.1	30.8
770.5	-3.6
770.8	1.78
771.1	22.85
771.4	33.61
771.8	26.36
772.1	14.42
772.4	19.34
772.7	18.17
773.1	24.95
773.4	-6.64
773.7	-4.07
774	17.46
774.4	25.89
774.7	34.31
775	15.59
775.3	34.31
775.7	11.38
776	3.42
776.3	18.17
776.6	-5.01
777	1.78
777.3	13.02
777.6	-3.37
777.9	33.61
778.3	-8.05
778.6	5.99
778.9	26.36
779.2	21.21
779.6	-3.37
779.9	0.61
780.2	13.95
780.5	13.95
780.9	32.68
781.2	14.42
781.5	16.06
781.8	12.55
782.2	4.12
782.5	9.51
782.8	8.57
783.1	-15.3
783.4	22.38
783.8	12.78
784.1	-4.54
784.4	19.57
784.7	-11.33
785.1	-2.43
785.4	1.31
785.7	13.95
786	48.12
786.4	26.12
786.7	7.63
787	-9.22
787.3	-10.62
787.7	5.29
788	-18.58
788.3	7.87
788.6	21.21
788.9	22.38
789.3	16.53
789.6	39.46
789.9	10.21
790.2	28.93
790.6	6.23
790.9	8.8
791.2	16.99
791.5	-16.01
791.9	5.53
792.2	13.72
792.5	35.25
792.8	-26.07
793.1	18.87
793.5	7.4
793.8	13.02
794.1	16.76
794.4	30.8
794.8	5.06
795.1	19.34
795.4	6.46
795.7	-18.58
796	10.91
796.4	3.89
796.7	28.23
797	0.14
797.3	5.99
797.7	7.87
798	19.8
798.3	6.7
798.6	-14.84
798.9	22.61
799.3	1.55
799.6	-8.75
799.9	3.89
800.2	21.44
800.5	28.23
800.9	-19.75
801.2	1.08
801.5	-18.35
801.8	41.57
802.2	14.19
802.5	11.61
802.8	6.46
803.1	14.19
803.4	-8.52
803.8	22.85
804.1	17.93
804.4	-12.03
804.7	34.31
805	10.21
805.4	36.66
805.7	22.85
806	57.02
806.3	11.85
806.6	-1.73
807	23.55
807.3	13.72
807.6	15.12
807.9	19.57
808.2	8.1
808.6	21.68
808.9	16.29
809.2	22.14
809.5	-6.64
809.8	-2.43
810.2	25.89
810.5	9.51
810.8	5.76
811.1	-5.01
811.4	9.27
811.8	-6.41
812.1	2.95
812.4	10.91
812.7	-12.73
813	16.29
813.4	4.12
813.7	-40.35
814	32.68
814.3	19.34
814.6	9.51
815	9.97
815.3	28.46
815.6	24.25
815.9	-1.03
816.2	-20.45
816.5	15.59
816.9	11.85
817.2	-2.67
817.5	1.55
817.8	10.44
818.1	10.68
818.5	-23.73
818.8	20.04
819.1	-5.94
819.4	2.25
819.7	-1.5
820.1	9.74
820.4	11.85
820.7	10.68
821	4.12
821.3	-2.9
821.6	-27.94
822	-6.41
822.3	5.53
822.6	37.12
822.9	-7.35
823.2	-9.69
823.5	-4.77
823.9	12.08
824.2	2.48
824.5	1.08
824.8	36.66
825.1	11.61
825.5	20.51
825.8	-19.99
826.1	-12.03
826.4	-31.22
826.7	6.46
827	29.4
827.4	-4.3
827.7	12.78
828	12.55
828.3	24.02
828.6	-6.41
828.9	2.02
829.3	12.78
829.6	7.87
829.9	20.74
830.2	-1.26
830.5	-1.96
830.8	-15.77
831.2	26.83
831.5	19.57
831.8	4.59
832.1	25.19
832.4	25.65
832.7	6.23
833.1	55.85
833.4	14.42
833.7	31.04
834	1.08
834.3	4.36
834.6	45.08
835	1.31
835.3	-4.77
835.6	-6.64
835.9	0.14
836.2	28.46
836.5	13.02
836.8	19.8
837.2	0.14
837.5	-9.22
837.8	-15.3
838.1	-7.81
838.4	28.46
838.7	20.04
839.1	32.44
839.4	3.19
839.7	-11.79
840	12.55
840.3	-2.9
840.6	298.56
840.9	-6.41
841.3	0.38
841.6	32.21
841.9	-5.71
842.2	3.19
842.5	33.85
842.8	7.63
843.1	16.53
843.5	33.38
843.8	18.17
844.1	0.38
844.4	2.72
844.7	28.23
845	0.38
845.3	-0.09
845.7	25.19
846	2.72
846.3	13.02
846.6	-7.81
846.9	-2.9
847.2	17.23
847.5	3.89
847.9	44.85
848.2	25.19
848.5	-18.35
848.8	7.63
849.1	2.02
849.4	6.23
849.7	-2.43
850	38.76
850.4	5.76
850.7	9.27
851	1.31
851.3	1.78
851.6	-13.9
851.9	-3.37
852.2	-3.84
852.5	-4.77
852.9	-24.2
853.2	15.82
853.5	20.97
853.8	15.59
854.1	6.46
854.4	7.63
854.7	16.53
855.1	10.21
855.4	-15.3
855.7	5.76
856	-15.07
856.3	-11.79
856.6	-9.45
856.9	3.19
857.2	-14.37
857.5	-6.41
857.9	-27.24
858.2	5.29
858.5	-7.35
858.8	-18.35
859.1	-4.54
859.4	-6.41
859.7	20.74
860	-6.64
860.4	-5.24
860.7	-0.79
861	-18.82
861.3	1.08
861.6	6.23
861.9	-9.69
862.2	9.97
862.5	-1.96
862.8	11.14
863.2	1.55
863.5	5.99
863.8	18.63
864.1	26.59
864.4	-13.9
864.7	18.17
865	7.16
865.3	20.74
865.6	35.72
866	6.46
866.3	4.82
866.6	-12.96
866.9	15.82
867.2	10.68
867.5	9.74
867.8	2.48
868.1	11.85
868.4	13.48
868.7	3.19
869.1	29.17
869.4	19.34
869.7	15.12
870	-4.77
870.3	20.74
870.6	11.85
870.9	6.93
871.2	1.31
871.5	9.97
871.8	14.89
872.1	7.63
872.5	11.61
872.8	0.85
873.1	24.95
873.4	25.19
873.7	27.76
874	-0.79
874.3	13.95
874.6	4.12
874.9	49.29
875.2	13.25
875.6	12.55
875.9	-24.43
876.2	9.97
876.5	-12.96
876.8	11.61
877.1	-2.2
877.4	12.78
877.7	10.91
878	25.65
878.3	26.59
878.6	29.63
878.9	11.61
879.3	18.63
879.6	14.42
879.9	15.59
880.2	1.55
880.5	-14.84
880.8	9.74
881.1	10.68
881.4	10.21
881.7	-20.69
882	8.57
882.3	-3.37
882.6	-11.33
882.9	3.89
883.3	39.46
883.6	14.19
883.9	-8.99
884.2	15.82
884.5	16.76
884.8	34.78
885.1	1.08
885.4	22.14
885.7	14.19
886	-6.18
886.3	31.74
886.6	-4.3
886.9	-25.6
887.2	11.38
887.6	16.76
887.9	9.97
888.2	10.68
888.5	3.65
888.8	5.06
889.1	7.4
889.4	8.1
889.7	-2.43
890	-4.77
890.3	-17.88
890.6	23.78
890.9	1.31
891.2	-29.35
891.5	5.29
891.8	15.82
892.1	22.61
892.5	1.31
892.8	-4.77
893.1	-1.26
893.4	6.46
893.7	18.63
894	5.53
894.3	11.14
894.6	16.99
894.9	-5.24
895.2	17.23
895.5	-0.33
895.8	20.04
896.1	-23.5
896.4	11.85
896.7	23.08
897	36.42
897.3	26.83
897.6	23.55
897.9	-4.54
898.3	18.4
898.6	15.82
898.9	12.78
899.2	-5.47
899.5	-4.77
899.8	24.25
900.1	41.8
900.4	-8.28
900.7	44.61
901	-2.67
901.3	8.8
901.6	-6.88
901.9	14.89
902.2	-5.24
902.5	-1.96
902.8	28.93
903.1	1.78
903.4	13.25
903.7	6.23
904	22.38
904.3	25.65
904.6	9.74
904.9	15.82
905.2	4.59
905.6	1.78
905.9	16.99
906.2	-19.52
906.5	11.14
906.8	12.55
907.1	-2.67
907.4	28
907.7	-21.39
908	24.95
908.3	22.38
908.6	-8.52
908.9	20.27
909.2	-6.41
909.5	31.27
909.8	25.65
910.1	20.97
910.4	-3.6
910.7	-19.28
911	15.12
911.3	11.14
911.6	1.55
911.9	20.27
912.2	23.08
912.5	-12.73
912.8	6.46
913.1	0.85
913.4	3.65
913.7	4.12
914	-23.73
914.3	-8.52
914.6	16.29
914.9	-21.39
915.2	9.51
915.5	7.16
915.8	-25.13
916.1	0.38
916.4	-1.03
916.7	8.8
917	19.1
917.3	6.93
917.6	16.99
917.9	35.25
918.2	12.08
918.5	6.46
918.8	11.14
919.1	25.42
919.5	23.08
919.8	6.46
920.1	14.65
920.4	4.82
920.7	10.91
921	106.4
921.3	39.93
921.6	11.38
921.9	28.7
922.2	23.31
922.5	-4.77
922.8	10.91
923.1	24.25
923.4	-22.56
923.7	20.74
924	27.76
924.3	46.02
924.6	-3.6
924.9	28.7
925.2	-23.26
925.5	8.1
925.8	-13.67
926.1	-15.3
926.4	5.29
926.7	-7.81
927	1.31
927.3	10.44
927.6	5.76
927.9	8.33
928.2	21.44
928.4	14.42
928.7	3.19
929	22.38
929.3	4.36
929.6	29.17
929.9	14.65
930.2	10.44
930.5	15.59
930.8	13.25
931.1	-20.69
931.4	10.21
931.7	5.99
932	16.53
932.3	9.97
932.6	-11.33
932.9	19.34
933.2	1.55
933.5	18.4
933.8	5.06
934.1	-6.88
934.4	-7.58
934.7	12.31
935	-0.09
935.3	6.93
935.6	9.74
935.9	10.68
936.2	58.42
936.5	18.87
936.8	24.48
937.1	-7.81
937.4	14.42
937.7	16.29
938	-1.73
938.3	23.31
938.6	-16.94
938.9	2.48
939.2	7.4
939.5	4.36
939.8	-3.13
940.1	16.53
940.4	-8.75
940.7	5.06
941	21.21
941.3	9.74
941.6	-10.62
941.9	-2.9
942.2	-29.35
942.4	3.65
942.7	23.31
943	4.36
943.3	-30.52
943.6	-12.5
943.9	-6.88
944.2	-8.99
944.5	1.78
944.8	14.19
945.1	0.38
945.4	-7.58
945.7	28.93
946	-0.09
946.3	25.19
946.6	2.95
946.9	11.85
947.2	-17.18
947.5	-7.58
947.8	-4.54
948.1	-6.64
948.4	22.61
948.7	-14.13
949	9.27
949.2	-1.26
949.5	13.95
949.8	9.97
950.1	30.34
950.4	5.99
950.7	8.8
951	-1.03
951.3	5.53
951.6	-20.45
951.9	8.33
952.2	-7.58
952.5	0.61
952.8	27.29
953.1	-10.86
953.4	-51.58
953.7	-4.54
954	-14.84
954.3	26.83
954.6	16.53
954.8	31.97
955.1	-10.39
955.4	4.59
955.7	-17.18
956	20.74
956.3	15.59
956.6	-1.73
956.9	13.25
957.2	8.33
957.5	35.49
957.8	25.42
958.1	2.72
958.4	-1.96
958.7	16.53
959	-20.92
959.2	-1.03
959.5	-5.24
959.8	-3.6
960.1	5.06
960.4	20.97
960.7	33.14
961	-2.67
961.3	-4.3
961.6	-0.79
961.9	-46.67
962.2	18.17
962.5	-21.16
962.8	28.23
963.1	5.76
963.3	6.7
963.6	-21.16
963.9	14.42
964.2	33.61
964.5	12.08
964.8	17.46
965.1	34.08
965.4	-10.86
965.7	13.48
966	-0.79
966.3	9.27
966.6	10.44
966.9	32.68
967.1	18.87
967.4	8.33
967.7	8.1
968	25.42
968.3	16.29
968.6	4.12
968.9	2.48
969.2	2.25
969.5	19.8
969.8	-1.03
970.1	-14.37
970.3	4.12
970.6	30.1
970.9	-19.05
971.2	12.55
971.5	22.38
971.8	-29.35
972.1	38.53
972.4	6.46
972.7	12.31
973	8.33
973.3	-5.24
973.5	8.57
973.8	-0.56
974.1	12.78
974.4	-6.18
974.7	3.19
975	10.68
975.3	-6.18
975.6	15.12
975.9	11.61
976.2	6.7
976.4	110.62
976.7	11.38
977	23.78
977.3	-0.79
977.6	4.59
977.9	-18.35
978.2	-8.99
978.5	-22.33
978.8	15.12
979	16.53
979.3	0.38
979.6	9.51
979.9	-32.16
980.2	21.91
980.5	7.63
980.8	-2.43
981.1	3.19
981.4	23.08
981.6	6.7
981.9	19.34
982.2	28.46
982.5	-9.22
982.8	20.04
983.1	-1.73
983.4	12.78
983.7	8.8
984	16.53
984.2	11.38
984.5	-4.77
984.8	28
985.1	-5.94
985.4	8.8
985.7	31.51
986	22.38
986.3	3.42
986.5	27.29
986.8	0.14
987.1	-4.77
987.4	-7.81
987.7	36.89
988	23.78
988.3	-10.62
988.6	12.31
988.8	-2.67
989.1	-16.24
989.4	-5.94
989.7	19.1
990	10.68
990.3	12.31
990.6	17.93
990.9	-5.01
991.1	-6.88
991.4	24.02
991.7	2.02
992	-1.73
992.3	6.23
992.6	-6.88
992.9	-4.3
993.1	2.25
993.4	26.59
993.7	24.25
994	-1.03
994.3	0.14
994.6	22.61
994.9	35.25
995.1	4.12
995.4	-12.96
995.7	17.93
996	-11.79
996.3	-1.26
996.6	-27.01
996.9	-0.09
997.1	22.14
997.4	0.85
997.7	0.14
998	9.27
998.3	20.97
998.6	2.95
998.9	33.61
999.1	38.53
999.4	-11.09
999.7	13.72
1000	-0.56
1000.3	10.68
1000.6	3.42
1000.8	16.76
1001.1	-8.05
1001.4	-3.13
1001.7	0.38
1002	-2.9
1002.3	-10.86
1002.6	-9.45
1002.8	26.36
1003.1	31.27
1003.4	12.31
1003.7	-27.24
1004	5.99
1004.3	5.06
1004.5	9.97
1004.8	-12.03
1005.1	-3.6
1005.4	34.55
1005.7	-19.52
1006	-10.16
1006.2	14.19
1006.5	12.78
1006.8	-6.88
1007.1	7.4
1007.4	1.55
1007.7	25.89
1007.9	11.61
1008.2	6.46
1008.5	12.31
1008.8	28
1009.1	-7.35
1009.4	22.38
1009.6	8.33
1009.9	-12.5
1010.2	17.46
1010.5	-5.71
1010.8	12.31
1011.1	11.61
1011.3	9.51
1011.6	-0.56
1011.9	5.76
1012.2	-4.07
1012.5	8.33
1012.7	9.04
1013	4.82
1013.3	16.53
1013.6	16.99
1013.9	-9.92
1014.2	-15.07
1014.4	30.57
1014.7	-9.45
1015	4.59
1015.3	2.02
1015.6	24.25
1015.8	8.33
1016.1	24.72
1016.4	8.1
1016.7	12.55
1017	24.95
1017.2	-0.56
1017.5	-3.6
1017.8	3.42
1018.1	-16.94
1018.4	15.82
1018.7	-4.07
1018.9	12.31
1019.2	5.29
1019.5	-13.67
1019.8	2.72
1020.1	38.76
1020.3	-4.07
1020.6	18.17
1020.9	18.17
1021.2	18.17
