340.2	0.9
340.6	0.9
340.9	0.9
341.3	-4.72
341.7	-26.96
342.1	-13.61
342.4	22.66
342.8	-20.17
343.2	4.64
343.6	1.13
343.9	3.71
344.3	-0.51
344.7	12.37
345.1	-24.38
345.4	14.94
345.8	5.81
346.2	24.3
346.6	-1.91
346.9	-23.68
347.3	-0.04
347.7	19.39
348	-1.68
348.4	-18.06
348.8	-13.38
349.2	-3.32
349.5	9.32
349.9	17.05
350.3	4.41
350.7	11.9
351	-6.36
351.4	15.17
351.8	-2.61
352.2	-2.15
352.5	8.62
352.9	-1.68
353.3	3.94
353.6	-9.4
354	20.09
354.4	-8.7
354.8	5.11
355.1	-20.87
355.5	-12.44
355.9	-9.17
356.3	22.2
356.6	5.11
357	11.2
357.4	-27.19
357.8	-3.08
358.1	3.24
358.5	5.81
358.9	1.37
359.2	10.03
359.6	-0.04
360	-18.76
360.4	14.71
360.7	4.88
361.1	-25.08
361.5	-18.76
361.9	-5.89
362.2	-5.66
362.6	-8.7
363	-14.08
363.3	-6.12
363.7	-36.32
364.1	-4.25
364.5	7.92
364.8	-14.32
365.2	5.81
365.6	-9.4
366	6.51
366.3	-19.7
366.7	-15.02
367.1	11.66
367.4	-26.96
367.8	-3.78
368.2	-14.55
368.6	1.83
368.9	-9.64
369.3	-10.1
369.7	-15.72
370	-14.08
370.4	-1.21
370.8	-23.68
371.2	43.26
371.5	19.86
371.9	-27.66
372.3	-12.44
372.6	-3.78
373	5.34
373.4	39.75
373.8	30.62
374.1	8.39
374.5	17.52
374.9	-18.06
375.2	5.11
375.6	-5.42
376	-5.42
376.4	19.39
376.7	-8.23
377.1	-2.61
377.5	-13.85
377.8	-10.81
378.2	-7.06
378.6	15.17
379	10.26
379.3	17.28
379.7	-8.7
380.1	2.77
380.4	-24.85
380.8	5.11
381.2	15.17
381.6	4.41
381.9	7.92
382.3	3
382.7	11.43
383	22.66
383.4	10.96
383.8	18.22
384.2	-2.85
384.5	-14.55
384.9	-10.34
385.3	1.13
385.6	-4.25
386	-13.85
386.4	-14.08
386.7	16.81
387.1	-21.81
387.5	2.3
387.9	0.66
388.2	27.11
388.6	9.56
389	1.37
389.3	-9.17
389.7	18.69
390.1	4.88
390.5	2.3
390.8	6.05
391.2	-10.81
391.6	13.54
391.9	4.17
392.3	-18.76
392.7	-13.15
393	-11.98
393.4	7.68
393.8	-26.49
394.2	-39.83
394.5	10.03
394.9	0.43
395.3	-11.74
395.6	43.49
396	-2.38
396.4	0.9
396.7	32.03
397.1	-18.06
397.5	11.2
397.8	12.13
398.2	4.64
398.6	6.51
399	0.43
399.3	3.94
399.7	17.05
400.1	20.09
400.4	-14.32
400.8	-22.98
401.2	-5.66
401.5	5.58
401.9	6.98
402.3	16.81
402.7	18.22
403	-3.78
403.4	3.24
403.8	1.37
404.1	10.96
404.5	1.13
404.9	14.24
405.2	17.75
405.6	25.94
406	8.86
406.3	6.51
406.7	-2.85
407.1	-22.74
407.4	17.28
407.8	-20.4
408.2	-3.32
408.6	0.2
408.9	8.15
409.3	4.17
409.7	1.37
410	-14.55
410.4	16.81
410.8	16.58
411.1	8.39
411.5	-6.12
411.9	36.71
412.2	1.13
412.6	6.05
413	-30
413.3	-4.25
413.7	9.09
414.1	-2.15
414.4	-5.42
414.8	-11.98
415.2	0.43
415.5	-11.27
415.9	7.68
416.3	3.24
416.7	6.75
417	16.11
417.4	-24.61
417.8	-17.36
418.1	-0.51
418.5	5.81
418.9	12.13
419.2	0.9
419.6	-3.78
420	-4.72
420.3	-11.51
420.7	2.77
421.1	9.32
421.4	-6.59
421.8	-16.19
422.2	-22.51
422.5	-7.76
422.9	21.03
423.3	12.6
423.6	8.15
424	-4.02
424.4	14.71
424.7	-28.36
425.1	-5.66
425.5	-7.53
425.8	-4.95
426.2	16.58
426.6	19.39
426.9	3.71
427.3	1.83
427.7	-26.72
428	21.26
428.4	15.17
428.8	24.54
429.1	-3.32
429.5	-20.64
429.9	-22.04
430.2	-18.3
430.6	26.41
431	12.83
431.3	15.88
431.7	11.66
432.1	-14.32
432.4	-33.04
432.8	-0.27
433.2	2.54
433.5	8.62
433.9	-1.91
434.3	11.2
434.6	-27.89
435	11.66
435.4	10.96
435.7	25.47
436.1	-0.74
436.5	-4.95
436.8	-9.87
437.2	5.34
437.6	4.88
437.9	12.6
438.3	12.83
438.7	20.32
439	19.15
439.4	-38.66
439.8	-40.53
440.1	0.66
440.5	-11.04
440.9	-8.23
441.2	-1.91
441.6	29.69
442	6.51
442.3	7.45
442.7	8.86
443.1	12.83
443.4	-8
443.8	-31.4
444.1	25.24
444.5	16.58
444.9	1.37
445.2	-13.38
445.6	4.64
446	2.54
446.3	8.86
446.7	-18.3
447.1	-12.44
447.4	4.88
447.8	-37.72
448.2	-26.02
448.5	2.3
448.9	21.96
449.3	1.37
449.6	10.26
450	17.98
450.4	19.86
450.7	-1.21
451.1	-26.49
451.4	43.26
451.8	26.88
452.2	-20.87
452.5	-19.47
452.9	-2.61
453.3	-5.89
453.6	21.49
454	-8.93
454.4	4.88
454.7	12.37
455.1	12.37
455.5	-8.93
455.8	-4.25
456.2	-24.38
456.5	2.54
456.9	-15.95
457.3	-26.72
457.6	10.03
458	-7.29
458.4	-8.7
458.7	39.75
459.1	-1.21
459.5	-13.61
459.8	-15.02
460.2	14.47
460.5	31.56
460.9	-16.19
461.3	6.51
461.6	-2.38
462	13.54
462.4	2.54
462.7	-11.51
463.1	-18.53
463.5	-10.34
463.8	24.3
464.2	28.52
464.5	-15.25
464.9	4.41
465.3	-3.08
465.6	-0.74
466	-11.98
466.4	-30
466.7	-19
467.1	0.66
467.5	-13.61
467.8	-3.78
468.2	-7.29
468.5	-0.74
468.9	-19.93
469.3	-15.02
469.6	6.98
470	-15.72
470.4	22.43
470.7	-19.93
471.1	30.15
471.4	-3.08
471.8	17.28
472.2	-9.64
472.5	-8
472.9	21.73
473.3	7.22
473.6	3.24
474	-20.64
474.3	1.13
474.7	8.39
475.1	-11.27
475.4	-9.87
475.8	5.81
476.2	16.34
476.5	14.71
476.9	15.17
477.2	-12.68
477.6	11.2
478	-2.85
478.3	6.51
478.7	-0.04
479.1	-0.51
479.4	-22.27
479.8	6.98
480.1	-11.98
480.5	-21.81
480.9	4.17
481.2	-10.81
481.6	10.96
481.9	-21.57
482.3	-6.59
482.7	9.09
483	0.43
483.4	21.96
483.8	-1.91
484.1	-23.44
484.5	-5.42
484.8	7.45
485.2	28.52
485.6	-8.46
485.9	-2.15
486.3	-9.87
486.6	-3.32
487	-11.98
487.4	13.77
487.7	-24.85
488.1	-4.95
488.5	-0.27
488.8	-19.93
489.2	-14.78
489.5	11.43
489.9	4.88
490.3	14.47
490.6	2.07
491	-17.83
491.3	19.15
491.7	25.71
492.1	32.03
492.4	-6.36
492.8	13.77
493.1	28.52
493.5	24.3
493.9	18.69
494.2	-25.08
494.6	17.75
494.9	-4.02
495.3	3.71
495.7	-8.23
496	-1.44
496.4	13.07
496.7	-1.91
497.1	-38.66
497.5	-17.83
497.8	-22.74
498.2	-12.91
498.5	-14.78
498.9	4.88
499.3	-9.17
499.6	-6.59
500	2.07
500.3	37.88
500.7	2.07
501.1	5.34
501.4	2.3
501.8	-32.81
502.1	0.2
502.5	-6.59
502.9	14.94
503.2	5.81
503.6	-12.44
503.9	14.94
504.3	11.9
504.7	-3.55
505	0.66
505.4	13.07
505.7	3.94
506.1	-8.7
506.5	-4.72
506.8	-2.38
507.2	-3.78
507.5	6.05
507.9	-21.1
508.2	-24.15
508.6	-23.21
509	-14.78
509.3	-2.15
509.7	-18.76
510	-19.7
510.4	-16.42
510.8	-14.08
511.1	3.94
511.5	14.47
511.8	14.94
512.2	4.17
512.6	-28.59
512.9	-11.04
513.3	15.17
513.6	-15.25
514	3
514.3	-3.78
514.7	1.83
515.1	-0.98
515.4	-30.23
515.8	-8.23
516.1	-13.61
516.5	-8.23
516.9	-8.7
517.2	5.11
517.6	-18.3
517.9	1.83
518.3	9.79
518.6	10.03
519	17.75
519.4	12.83
519.7	51.22
520.1	14
520.4	14
520.8	3.71
521.1	13.54
521.5	-5.66
521.9	23.83
522.2	7.45
522.6	-7.53
522.9	10.03
523.3	-16.42
523.6	31.32
524	1.6
524.4	6.51
524.7	2.77
525.1	-3.32
525.4	25
525.8	-14.55
526.2	17.28
526.5	-10.81
526.9	-4.02
527.2	-27.19
527.6	-9.4
527.9	16.81
528.3	-19.93
528.6	-7.53
529	5.81
529.4	-11.74
529.7	11.2
530.1	0.43
530.4	22.43
530.8	-18.06
531.1	8.15
531.5	9.32
531.9	-5.89
532.2	43.26
532.6	-17.36
532.9	-8.93
533.3	10.03
533.6	3
534	-10.81
534.4	-0.74
534.7	11.9
535.1	4.41
535.4	27.35
535.8	-2.38
536.1	20.56
536.5	-1.44
536.8	1.13
537.2	2.07
537.6	2.07
537.9	46.3
538.3	-6.36
538.6	17.05
539	-3.32
539.3	15.88
539.7	17.05
540	5.81
540.4	-2.61
540.8	-14.08
541.1	13.07
541.5	-13.15
541.8	-16.42
542.2	-11.04
542.5	12.6
542.9	18.92
543.2	11.66
543.6	3.24
544	-2.15
544.3	-3.32
544.7	2.07
545	6.51
545.4	9.09
545.7	-29.76
546.1	32.96
546.4	3.47
546.8	-0.27
547.2	-3.08
547.5	1.13
547.9	3.24
548.2	19.39
548.6	-4.02
548.9	12.83
549.3	0.9
549.6	2.3
550	-8
550.3	14.94
550.7	-8.7
551.1	6.51
551.4	21.96
551.8	-10.1
552.1	-16.89
552.5	12.6
552.8	-1.91
553.2	-11.98
553.5	-3.55
553.9	-5.66
554.2	11.9
554.6	8.86
554.9	11.43
555.3	-16.66
555.7	3
556	-4.95
556.4	8.39
556.7	25
557.1	-15.72
557.4	-0.51
557.8	17.05
558.1	-0.27
558.5	11.66
558.8	9.09
559.2	26.17
559.5	24.3
559.9	-0.51
560.3	-2.85
560.6	-3.78
561	4.64
561.3	33.2
561.7	-4.25
562	0.2
562.4	-20.87
562.7	-18.3
563.1	1.83
563.4	-20.17
563.8	29.69
564.1	11.43
564.5	2.07
564.8	10.49
565.2	-2.15
565.5	13.07
565.9	-24.15
566.3	-29.76
566.6	-3.08
567	-10.34
567.3	21.96
567.7	-0.51
568	46.3
568.4	-6.83
568.7	3.47
569.1	7.22
569.4	17.05
569.8	-9.17
570.1	9.79
570.5	-13.38
570.8	-5.89
571.2	6.75
571.5	1.37
571.9	5.58
572.2	8.39
572.6	22.9
572.9	8.39
573.3	10.73
573.6	10.03
574	-11.98
574.4	5.81
574.7	-4.25
575.1	-13.38
575.4	2.54
575.8	-6.83
576.1	-9.87
576.5	-35.15
576.8	-9.64
577.2	21.26
577.5	20.79
577.9	13.54
578.2	11.9
578.6	28.98
578.9	20.79
579.3	-15.49
579.6	27.11
580	20.32
580.3	14.24
580.7	-0.27
581	1.37
581.4	27.11
581.7	-11.74
582.1	53.33
582.4	2.77
582.8	21.49
583.1	8.86
583.5	11.9
583.8	-7.06
584.2	1.13
584.5	8.15
584.9	8.62
585.2	-26.96
585.6	-19.7
585.9	16.58
586.3	42.79
586.6	14.47
587	37.18
587.3	-37.49
587.7	-19.93
588	14.47
588.4	-11.51
588.7	-6.12
589.1	5.34
589.4	-5.66
589.8	6.51
590.1	0.2
590.5	-26.49
590.8	22.66
591.2	27.81
591.5	8.62
591.9	-6.83
592.2	-11.51
592.6	-6.83
592.9	20.56
593.3	-37.02
593.6	21.96
594	-30.23
594.3	-4.49
594.7	-4.02
595	10.96
595.4	20.09
595.7	6.98
596.1	1.83
596.4	-13.15
596.8	-6.36
597.1	-3.55
597.5	14.71
597.8	-0.74
598.2	-29.3
598.5	26.17
598.9	13.77
599.2	3.24
599.6	23.13
599.9	-6.36
600.3	17.75
600.6	11.66
601	5.58
601.3	36.47
601.7	16.58
602	-9.17
602.4	18.22
602.7	29.22
603.1	14.71
603.4	14.94
603.8	22.9
604.1	-1.21
604.5	26.41
604.8	24.77
605.1	7.45
605.5	28.75
605.8	25.94
606.2	8.62
606.5	24.77
606.9	42.56
607.2	34.6
607.6	44.2
607.9	29.22
608.3	38.81
608.6	22.2
609	17.28
609.3	55.43
609.7	49.81
610	35.54
610.4	56.37
610.7	57.54
611.1	70.18
611.4	77.43
611.8	72.28
612.1	72.05
612.5	95.45
612.8	106.46
613.1	151.39
613.5	118.39
613.8	136.18
614.2	129.39
614.5	163.1
614.9	180.88
615.2	208.27
615.6	191.88
615.9	232.14
616.3	238.93
616.6	269.82
617	318.74
617.3	336.3
617.7	366.25
618	377.26
618.3	410.26
618.7	445.83
619	517.45
619.4	555.14
619.7	557.94
620.1	614.59
620.4	657.89
620.8	693.7
621.1	737.23
621.5	809.08
621.8	836.94
622.2	929.39
622.5	932.43
622.8	962.86
623.2	999.84
623.5	1065.84
623.9	1157.36
624.2	1181.23
624.6	1212.12
624.9	1268.06
625.3	1340.62
625.6	1374.32
626	1448.05
626.3	1482.92
626.7	1551.27
627	1575.84
627.3	1591.06
627.7	1651.68
628	1732.66
628.4	1755.6
628.7	1775.96
629.1	1814.34
629.4	1864.9
629.8	1940.97
630.1	1987.31
630.5	2028.04
630.8	2048.4
631.1	2078.12
631.5	2186.72
631.8	2201
632.2	2294.39
632.5	2298.13
632.9	2365.54
633.2	2381.22
633.6	2479.76
633.9	2517.68
634.2	2520.48
634.6	2655.3
634.9	2668.41
635.3	2691.81
635.6	2788.94
636	2839.26
636.3	2896.14
636.7	2978.76
637	2985.08
637.3	3038.44
637.7	3099.77
638	3108.89
638.4	3164.6
638.7	3224.52
639.1	3283.73
639.4	3224.28
639.8	3366.82
640.1	3330.54
640.4	3379.93
640.8	3405.44
641.1	3422.06
641.5	3437.27
641.8	3506.08
642.2	3517.55
642.5	3564.13
642.8	3566.7
643.2	3546.11
643.5	3586.36
643.9	3599.7
644.2	3612.11
644.6	3659.15
644.9	3685.6
645.3	3745.75
645.6	3828.84
645.9	3788.59
646.3	3870.04
646.6	3869.1
647	3957.81
647.3	4021.7
647.7	4029.66
648	4102.69
648.3	4188.58
648.7	4192.33
649	4260.44
649.4	4348.91
649.7	4383.08
650.1	4473.43
650.4	4441.83
650.7	4560.96
651.1	4619.01
651.4	4642.41
651.8	4697.18
652.1	4728.31
652.4	4833.87
652.8	4787.99
653.1	4767.63
653.5	4821.23
653.8	4754.76
654.2	4753.82
654.5	4716.84
654.8	4655.99
655.2	4504.32
655.5	4456.11
655.9	4270.97
656.2	4164.01
656.6	3996.43
656.9	3836.1
657.2	3660.79
657.6	3494.15
657.9	3343.18
658.3	3179.11
658.6	2987.65
658.9	2840.44
659.3	2657.64
659.6	2490.53
660	2304.92
660.3	2145.06
660.7	1990.82
661	1844.07
661.3	1670.87
661.7	1552.44
662	1329.85
662.4	1185.68
662.7	1017.86
663	906.22
663.4	746.12
663.7	574.8
664.1	478.37
664.4	417.51
664.7	267.72
665.1	234.48
665.4	155.61
665.8	166.84
666.1	98.03
666.4	71.58
666.8	82.11
667.1	16.58
667.5	60.81
667.8	26.64
668.1	39.98
668.5	41.15
668.8	41.39
669.2	56.84
669.5	44.2
669.8	22.9
670.2	15.88
670.5	42.79
670.9	-4.95
671.2	3.94
671.5	-0.51
671.9	10.03
672.2	10.26
672.6	30.86
672.9	9.09
673.2	47.47
673.6	-6.59
673.9	12.13
674.3	33.43
674.6	17.28
674.9	9.32
675.3	19.62
675.6	-1.68
676	28.28
676.3	12.13
676.6	36.24
677	16.81
677.3	7.45
677.7	0.66
678	8.39
678.3	10.96
678.7	15.17
679	5.81
679.4	30.15
679.7	26.88
680	17.98
680.4	18.69
680.7	-3.78
681	1.13
681.4	29.69
681.7	10.49
682.1	0.66
682.4	-7.06
682.7	-14.78
683.1	2.54
683.4	-4.02
683.8	18.45
684.1	-3.55
684.4	23.6
684.8	7.68
685.1	-20.17
685.4	33.9
685.8	39.98
686.1	12.83
686.5	-0.51
686.8	-27.19
687.1	14.71
687.5	-3.32
687.8	35.07
688.1	-5.19
688.5	4.41
688.8	-0.27
689.2	-12.68
689.5	3.71
689.8	22.2
690.2	6.05
690.5	6.75
690.8	1.37
691.2	-5.19
691.5	13.77
691.9	12.37
692.2	25.24
692.5	14.94
692.9	26.88
693.2	-11.27
693.5	-10.1
693.9	11.9
694.2	34.37
694.6	-10.1
694.9	-10.57
695.2	-5.66
695.6	-9.17
695.9	9.09
696.2	-11.74
696.6	2.77
696.9	8.15
697.2	-9.87
697.6	-12.91
697.9	-9.64
698.3	-8.7
698.6	-21.1
698.9	31.79
699.3	-1.21
699.6	-8
699.9	-17.59
700.3	-12.21
700.6	-31.17
700.9	-2.38
701.3	3.47
701.6	38.11
702	33.2
702.3	-1.21
702.6	-8.7
703	16.34
703.3	12.83
703.6	12.83
704	-21.1
704.3	-17.12
704.6	11.2
705	30.15
705.3	-0.51
705.6	6.51
706	9.32
706.3	-20.17
706.6	-5.42
707	-0.27
707.3	23.13
707.7	2.07
708	6.98
708.3	-12.68
708.7	-16.89
709	38.58
709.3	3.71
709.7	6.28
710	6.28
710.3	2.77
710.7	-4.25
711	18.45
711.3	-9.17
711.7	12.6
712	32.96
712.3	-34.91
712.7	1.6
713	-2.38
713.3	-4.95
713.7	-1.44
714	1.37
714.3	17.28
714.7	-12.21
715	0.43
715.3	-1.68
715.7	24.3
716	-16.42
716.3	20.09
716.7	5.58
717	-21.57
717.3	31.09
717.7	-9.4
718	-5.19
718.4	15.41
718.7	7.68
719	-3.55
719.4	17.98
719.7	12.83
720	-0.74
720.4	30.15
720.7	-6.83
721	12.6
721.3	-11.74
721.7	-6.36
722	3.24
722.3	-0.04
722.7	-10.57
723	-1.68
723.3	8.15
723.7	-3.32
724	-2.38
724.3	-12.68
724.7	-2.61
725	31.09
725.3	34.13
725.7	10.03
726	-16.66
726.3	0.2
726.7	-0.98
727	1.6
727.3	1.83
727.7	27.11
728	-1.21
728.3	-30.23
728.7	-9.17
729	-9.17
729.3	-0.74
729.7	-6.12
730	21.03
730.3	12.13
730.7	22.43
731	-5.19
731.3	-17.12
731.7	-21.1
732	-17.12
732.3	-6.59
732.6	-0.27
733	-19.47
733.3	-0.04
733.6	-15.95
734	-1.44
734.3	24.07
734.6	-0.51
735	-5.42
735.3	4.17
735.6	0.66
736	-23.68
736.3	-7.53
736.6	3.71
737	3.94
737.3	-7.06
737.6	18.22
737.9	-8.23
738.3	4.88
738.6	-17.36
738.9	0.2
739.3	-11.98
739.6	-16.42
739.9	18.45
740.3	-5.89
740.6	14.71
740.9	17.05
741.2	40.22
741.6	4.17
741.9	17.05
742.2	10.49
742.6	24.54
742.9	-12.91
743.2	-13.15
743.6	16.58
743.9	13.54
744.2	0.66
744.6	-4.72
744.9	-15.25
745.2	-4.49
745.5	1.6
745.9	-9.87
746.2	-3.78
746.5	2.54
746.9	-17.12
747.2	24.07
747.5	-0.98
747.8	-24.38
748.2	21.26
748.5	-20.87
748.8	15.41
749.2	8.39
749.5	11.43
749.8	9.56
750.1	-8.23
750.5	-9.64
750.8	-23.68
751.1	-11.27
751.5	1.37
751.8	16.58
752.1	21.96
752.5	2.54
752.8	10.96
753.1	-5.42
753.4	-9.87
753.8	18.69
754.1	14
754.4	-1.91
754.7	0.43
755.1	-25.55
755.4	-14.08
755.7	-9.17
756.1	-3.78
756.4	-0.51
756.7	-25.08
757	-2.61
757.4	5.11
757.7	6.28
758	47.94
758.4	22.66
758.7	7.22
759	0.43
759.3	-1.91
759.7	20.32
760	18.45
760.3	4.17
760.7	-9.17
761	3.47
761.3	4.17
761.6	27.58
762	8.39
762.3	-0.04
762.6	1.83
762.9	4.41
763.3	34.37
763.6	28.75
763.9	-0.51
764.2	-19.23
764.6	-11.98
764.9	12.83
765.2	-0.27
765.6	-5.19
765.9	-2.61
766.2	3.94
766.5	-3.55
766.9	-9.17
767.2	-11.27
767.5	-5.66
767.8	10.73
768.2	-0.51
768.5	33.66
768.8	31.32
769.1	28.05
769.5	1.6
769.8	-4.95
770.1	9.56
770.5	4.41
770.8	34.37
771.1	7.92
771.4	-13.85
771.8	14.24
772.1	-4.49
772.4	28.05
772.7	25.24
773.1	-3.32
773.4	-11.04
773.7	-9.4
774	-10.34
774.4	15.88
774.7	-4.25
775	16.58
775.3	1.83
775.7	-15.49
776	1.83
776.3	-23.68
776.6	-9.17
777	-11.74
777.3	-17.36
777.6	-1.91
777.9	-15.02
778.3	23.83
778.6	15.17
778.9	16.81
779.2	-4.02
779.6	-10.57
779.9	-3.55
780.2	-13.61
780.5	-7.06
780.9	13.77
781.2	15.64
781.5	3.47
781.8	1.37
782.2	4.17
782.5	-1.68
782.8	-22.27
783.1	-32.34
783.4	14.94
783.8	-11.04
784.1	-4.95
784.4	26.88
784.7	-1.68
785.1	-8.93
785.4	-12.68
785.7	4.41
786	3.47
786.4	3.24
786.7	2.77
787	17.52
787.3	0.43
787.7	-6.83
788	-7.06
788.3	-18.3
788.6	17.98
788.9	-3.78
789.3	18.69
789.6	17.75
789.9	-11.51
790.2	17.28
790.6	1.13
790.9	-3.55
791.2	16.58
791.5	-16.89
791.9	-2.85
792.2	-4.49
792.5	10.96
792.8	-0.04
793.1	-1.68
793.5	7.22
793.8	21.73
794.1	29.69
794.4	6.98
794.8	3.47
795.1	2.3
795.4	-12.21
795.7	10.96
796	-33.98
796.4	-6.83
796.7	-32.34
797	8.62
797.3	-1.91
797.7	-4.02
798	10.96
798.3	13.3
798.6	-0.98
798.9	-10.57
799.3	-3.55
799.6	-8.46
799.9	-36.79
800.2	21.73
800.5	-13.61
800.9	22.66
801.2	7.45
801.5	-5.19
801.8	-0.04
802.2	-28.13
802.5	-2.38
802.8	1.6
803.1	19.62
803.4	-5.89
803.8	-5.66
804.1	-18.53
804.4	44.67
804.7	0.43
805	14.24
805.4	4.41
805.7	12.37
806	-3.78
806.3	10.49
806.6	-4.25
807	2.3
807.3	13.3
807.6	19.15
807.9	10.96
808.2	9.79
808.6	-19.23
808.9	-18.53
809.2	3.47
809.5	35.54
809.8	-15.95
810.2	-5.19
810.5	29.69
810.8	20.79
811.1	5.11
811.4	-6.59
811.8	17.05
812.1	-12.91
812.4	-4.49
812.7	3
813	-26.02
813.4	-15.95
813.7	24.3
814	12.37
814.3	12.6
814.6	-5.89
815	-35.15
815.3	-16.66
815.6	9.09
815.9	25.24
816.2	-7.76
816.5	13.54
816.9	6.51
817.2	-1.44
817.5	-9.17
817.8	-7.29
818.1	28.28
818.5	6.05
818.8	-7.06
819.1	0.66
819.4	-15.72
819.7	6.51
820.1	16.34
820.4	6.51
820.7	-4.49
821	13.07
821.3	9.56
821.6	1.6
822	-19.7
822.3	-14.55
822.6	-10.57
822.9	4.17
823.2	-16.42
823.5	18.69
823.9	-6.36
824.2	-10.57
824.5	-0.98
824.8	11.43
825.1	-13.15
825.5	7.92
825.8	10.49
826.1	17.05
826.4	4.41
826.7	-16.42
827	24.54
827.4	-13.38
827.7	-22.98
828	-27.89
828.3	20.79
828.6	-33.04
828.9	21.73
829.3	-20.4
829.6	-12.91
829.9	3.24
830.2	7.92
830.5	-12.68
830.8	5.81
831.2	-9.87
831.5	8.86
831.8	-22.98
832.1	3.47
832.4	-8.7
832.7	-11.51
833.1	12.37
833.4	19.62
833.7	7.92
834	-5.19
834.3	-8.93
834.6	7.92
835	20.56
835.3	-11.04
835.6	16.81
835.9	1.6
836.2	3
836.5	-9.17
836.8	3.47
837.2	-7.06
837.5	-2.15
837.8	18.45
838.1	38.11
838.4	-5.19
838.7	-14.55
839.1	15.64
839.4	1.13
839.7	21.73
840	23.37
840.3	-9.87
840.6	-1.68
840.9	-23.68
841.3	-2.15
841.6	-4.49
841.9	20.32
842.2	-32.34
842.5	16.81
842.8	-22.98
843.1	21.96
843.5	5.11
843.8	1.83
844.1	-5.66
844.4	15.41
844.7	25.47
845	13.77
845.3	19.15
845.7	15.88
846	21.73
846.3	6.51
846.6	-26.49
846.9	-4.49
847.2	-22.74
847.5	-3.32
847.9	12.37
848.2	-5.19
848.5	-18.76
848.8	3.71
849.1	-4.49
849.4	-3.32
849.7	1.37
850	-36.08
850.4	7.22
850.7	-18.3
851	-2.15
851.3	8.86
851.6	5.81
851.9	11.9
852.2	-20.87
852.5	21.26
852.9	42.56
853.2	15.88
853.5	20.32
853.8	-6.36
854.1	24.3
854.4	12.13
854.7	-0.98
855.1	-16.42
855.4	-3.08
855.7	13.77
856	61.99
856.3	6.75
856.6	-18.53
856.9	-22.51
857.2	-1.21
857.5	-10.1
857.9	-10.1
858.2	-12.21
858.5	9.32
858.8	17.75
859.1	2.07
859.4	-12.91
859.7	-10.34
860	-7.53
860.4	-15.49
860.7	-0.27
861	-8.93
861.3	-5.19
861.6	-20.87
861.9	18.45
862.2	-14.78
862.5	-7.29
862.8	17.28
863.2	-17.12
863.5	-11.27
863.8	-17.12
864.1	1.83
864.4	2.3
864.7	-8.23
865	1.13
865.3	8.86
865.6	-5.19
866	25.94
866.3	-36.55
866.6	-5.89
866.9	11.43
867.2	17.05
867.5	-6.83
867.8	2.07
868.1	3.94
868.4	2.3
868.7	-27.89
869.1	20.56
869.4	15.41
869.7	2.54
870	6.05
870.3	4.41
870.6	20.09
870.9	-1.44
871.2	-2.15
871.5	1.13
871.8	-2.85
872.1	-0.98
872.5	-12.21
872.8	-4.72
873.1	6.51
873.4	8.86
873.7	10.96
874	11.66
874.3	39.75
874.6	-7.53
874.9	-5.89
875.2	-12.44
875.6	7.45
875.9	25.71
876.2	-2.85
876.5	22.2
876.8	-24.61
877.1	23.13
877.4	22.43
877.7	-8
878	-19.47
878.3	-37.25
878.6	9.56
878.9	-13.15
879.3	1.13
879.6	-17.59
879.9	3.47
880.2	-8.7
880.5	-16.42
880.8	29.69
881.1	11.66
881.4	-13.15
881.7	-8.7
882	-12.21
882.3	17.75
882.6	13.77
882.9	-4.02
883.3	15.41
883.6	22.2
883.9	20.56
884.2	-4.49
884.5	-22.04
884.8	13.54
885.1	33.43
885.4	9.09
885.7	6.98
886	2.54
886.3	0.66
886.6	2.3
886.9	5.81
887.2	23.83
887.6	4.64
887.9	16.11
888.2	-25.32
888.5	-8.7
888.8	-3.32
889.1	6.28
889.4	0.2
889.7	-8.46
890	-9.17
890.3	-4.72
890.6	36.01
890.9	12.37
891.2	4.64
891.5	5.34
891.8	17.28
892.1	19.15
892.5	6.98
892.8	9.79
893.1	7.22
893.4	13.77
893.7	8.86
894	13.54
894.3	-5.19
894.6	24.54
894.9	8.86
895.2	11.2
895.5	25.71
895.8	-4.25
896.1	-16.19
896.4	9.09
896.7	3
897	9.79
897.3	32.96
897.6	-11.51
897.9	10.73
898.3	-2.38
898.6	26.17
898.9	28.52
899.2	5.58
899.5	4.64
899.8	-2.61
900.1	-37.49
900.4	28.05
900.7	6.28
901	-4.25
901.3	-26.96
901.6	-6.12
901.9	-0.98
902.2	-11.98
902.5	21.49
902.8	3.94
903.1	7.68
903.4	-6.59
903.7	-6.36
904	7.68
904.3	2.3
904.6	-9.4
904.9	12.83
905.2	17.52
905.6	-21.81
905.9	-10.57
906.2	-37.25
906.5	-4.02
906.8	8.39
907.1	30.86
907.4	21.96
907.7	22.66
908	8.62
908.3	-3.78
908.6	14.24
908.9	8.39
909.2	14.24
909.5	5.81
909.8	-13.15
910.1	-4.49
910.4	-6.12
910.7	7.45
911	-25.32
911.3	14.24
911.6	8.86
911.9	-8.7
912.2	-1.68
912.5	-11.74
912.8	-8.93
913.1	4.88
913.4	3.47
913.7	-6.83
914	-19.23
914.3	-25.08
914.6	-4.72
914.9	5.11
915.2	17.52
915.5	-41.23
915.8	6.75
916.1	-7.29
916.4	1.83
916.7	-19.23
917	-5.19
917.3	26.88
917.6	-4.95
917.9	-2.38
918.2	-9.17
918.5	13.07
918.8	-6.12
919.1	-3.08
919.5	-8.7
919.8	-0.74
920.1	-1.21
920.4	6.05
920.7	-2.85
921	26.41
921.3	-19.23
921.6	-8.46
921.9	12.6
922.2	-3.08
922.5	-11.51
922.8	6.28
923.1	-6.83
923.4	-16.42
923.7	2.54
924	21.49
924.3	-8
924.6	9.32
924.9	-36.55
925.2	25
925.5	3.94
925.8	21.49
926.1	-22.27
926.4	-0.98
926.7	-0.27
927	-4.72
927.3	-6.59
927.6	10.49
927.9	-30.23
928.2	-8.23
928.4	-0.04
928.7	28.05
929	37.18
929.3	11.66
929.6	8.86
929.9	27.58
930.2	-0.74
930.5	-14.32
930.8	39.98
931.1	17.05
931.4	6.05
931.7	31.56
932	34.6
932.3	-34.68
932.6	-34.44
932.9	-8.46
933.2	4.64
933.5	-41
933.8	-17.36
934.1	-11.04
934.4	-13.15
934.7	17.98
935	22.9
935.3	-29.76
935.6	4.88
935.9	4.17
936.2	0.66
936.5	8.86
936.8	-9.64
937.1	19.62
937.4	-0.74
937.7	5.81
938	-10.34
938.3	10.03
938.6	-8.93
938.9	-30.47
939.2	9.79
939.5	17.75
939.8	-10.57
940.1	-30.7
940.4	0.9
940.7	8.86
941	0.2
941.3	-4.95
941.6	-4.72
941.9	15.17
942.2	-25.78
942.4	-2.61
942.7	24.3
943	3.94
943.3	-17.59
943.6	6.51
943.9	-11.04
944.2	-5.89
944.5	29.69
944.8	-3.78
945.1	29.92
945.4	5.34
945.7	7.45
946	-1.68
946.3	-18.53
946.6	-11.04
946.9	30.15
947.2	-2.61
947.5	-7.06
947.8	-7.06
948.1	-17.36
948.4	-16.66
948.7	-22.51
949	-25.78
949.2	2.77
949.5	11.2
949.8	-15.72
950.1	-7.06
950.4	15.41
950.7	26.17
951	11.66
951.3	23.83
951.6	-8.23
951.9	-21.1
952.2	0.2
952.5	-6.59
952.8	-10.81
953.1	-34.68
953.4	-3.78
953.7	1.13
954	18.92
954.3	-2.15
954.6	-21.1
954.8	-10.81
955.1	-0.74
955.4	10.73
955.7	8.39
956	-4.25
956.3	-1.91
956.6	-19
956.9	4.17
957.2	7.68
957.5	20.56
957.8	-0.04
958.1	-20.4
958.4	6.51
958.7	-5.89
959	0.2
959.2	-5.66
959.5	0.43
959.8	15.64
960.1	3
960.4	-6.83
960.7	-40.3
961	5.81
961.3	1.83
961.6	23.37
961.9	-14.78
962.2	0.9
962.5	-8.7
962.8	4.88
963.1	-28.36
963.3	-19.93
963.6	-18.76
963.9	1.83
964.2	20.56
964.5	-6.36
964.8	9.79
965.1	8.86
965.4	5.34
965.7	18.22
966	-8.23
966.3	-10.81
966.6	9.09
966.9	-2.61
967.1	-13.15
967.4	13.3
967.7	-23.44
968	-10.81
968.3	11.66
968.6	-3.55
968.9	21.26
969.2	-11.04
969.5	-8
969.8	9.56
970.1	-13.15
970.3	-7.06
970.6	5.11
970.9	3.94
971.2	16.34
971.5	0.43
971.8	2.07
972.1	-11.51
972.4	20.32
972.7	16.58
973	33.43
973.3	4.17
973.5	4.64
973.8	-7.76
974.1	25.71
974.4	2.07
974.7	-4.95
975	-19.7
975.3	-25.08
975.6	-5.89
975.9	17.98
976.2	33.9
976.4	18.92
976.7	0.2
977	10.26
977.3	21.03
977.6	2.77
977.9	-9.17
978.2	14.47
978.5	11.2
978.8	-11.74
979	-3.55
979.3	2.3
979.6	3.71
979.9	10.73
980.2	23.13
980.5	34.13
980.8	-15.95
981.1	-9.87
981.4	17.75
981.6	17.05
981.9	-7.29
982.2	-15.49
982.5	3
982.8	9.32
983.1	13.54
983.4	33.66
983.7	10.96
984	-8.23
984.2	-9.4
984.5	2.3
984.8	-4.02
985.1	-22.74
985.4	9.09
985.7	-8
986	-4.95
986.3	9.79
986.5	-11.98
986.8	2.07
987.1	11.9
987.4	1.37
987.7	-15.95
988	-12.68
988.3	3.94
988.6	-6.59
988.8	12.37
989.1	15.41
989.4	33.43
989.7	-8.93
990	-15.25
990.3	-33.04
990.6	-7.76
990.9	-8.7
991.1	-24.85
991.4	-28.83
991.7	-3.08
992	8.15
992.3	-11.04
992.6	25.47
992.9	-35.85
993.1	17.05
993.4	-15.02
993.7	26.64
994	3.71
994.3	-20.87
994.6	6.51
994.9	6.51
995.1	-13.15
995.4	-14.55
995.7	-3.78
996	-24.15
996.3	-0.98
996.6	20.79
996.9	-8.46
997.1	-22.74
997.4	10.26
997.7	-20.17
998	-1.21
998.3	23.13
998.6	20.32
998.9	-20.17
999.1	22.2
999.4	34.6
999.7	-1.21
1000	10.26
1000.3	2.07
1000.6	6.51
1000.8	-14.32
1001.1	-3.55
1001.4	-1.21
1001.7	-22.51
1002	3.47
1002.3	-18.3
1002.6	14.71
1002.8	15.17
1003.1	-10.57
1003.4	-15.95
1003.7	-4.72
1004	-17.59
1004.3	4.88
1004.5	-8.93
1004.8	5.11
1005.1	11.43
1005.4	10.03
1005.7	22.66
1006	27.35
1006.2	1.37
1006.5	-8
1006.8	-13.38
1007.1	-14.55
1007.4	-30.93
1007.7	7.45
1007.9	8.15
1008.2	-15.95
1008.5	7.92
1008.8	15.88
1009.1	-20.64
1009.4	12.13
1009.6	3.47
1009.9	-5.42
1010.2	0.43
1010.5	6.98
1010.8	-15.72
1011.1	40.45
1011.3	11.43
1011.6	-7.76
1011.9	-14.55
1012.2	8.39
1012.5	-2.38
1012.7	-0.27
1013	-5.19
1013.3	-5.66
1013.6	0.66
1013.9	3
1014.2	15.88
1014.4	-2.61
1014.7	10.03
1015	-7.53
1015.3	-7.76
1015.6	-4.02
1015.8	-19.7
1016.1	7.45
1016.4	-3.08
1016.7	15.41
1017	16.58
1017.2	-12.21
1017.5	0.9
1017.8	-7.76
1018.1	-10.1
1018.4	27.81
1018.7	22.43
1018.9	-2.15
1019.2	9.32
1019.5	-6.12
1019.8	12.83
1020.1	-8.46
1020.3	9.79
1020.6	9.32
1020.9	9.32
1021.2	9.32
