340.2	8.61
340.6	8.61
340.9	8.61
341.3	-0.75
341.7	-1.22
342.1	-2.16
342.4	-3.8
342.8	-21.12
343.2	-20.88
343.6	27.8
343.9	-24.16
344.3	-14.8
344.7	16.33
345.1	1.12
345.4	5.8
345.8	-0.99
346.2	1.82
346.6	11.18
346.9	-29.78
347.3	-16.44
347.7	-9.88
348	28.5
348.4	43.48
348.8	-11.75
349.2	-3.33
349.5	-44.29
349.9	10.25
350.3	-7.31
350.7	17.74
351	10.25
351.4	19.14
351.8	-15.73
352.2	-2.63
352.5	-7.07
352.9	16.8
353.3	12.59
353.6	-7.07
354	-5.44
354.4	-16.2
354.8	-13.63
355.1	17.5
355.5	-11.05
355.9	2.05
356.3	-5.2
356.6	-10.82
357	-33.99
357.4	-27.44
357.8	8.84
358.1	-30.01
358.5	-16.67
358.9	-7.78
359.2	6.97
359.6	18.2
360	12.82
360.4	-3.33
360.7	25.23
361.1	-1.22
361.5	-18.31
361.9	-0.52
362.2	-10.12
362.6	-12.22
363	-26.03
363.3	-8.01
363.7	-9.88
364.1	-22.05
364.5	-1.69
364.8	-4.26
365.2	-5.44
365.6	4.16
366	-10.82
366.3	-2.86
366.7	-11.75
367.1	-12.46
367.4	0.18
367.8	-8.71
368.2	-23.22
368.6	11.42
368.9	-0.99
369.3	1.12
369.7	-4.73
370	-8.24
370.4	14.93
370.8	1.59
371.2	26.63
371.5	13.05
371.9	9.08
372.3	-7.78
372.6	-4.03
373	22.18
373.4	-33.29
373.8	3.46
374.1	-9.41
374.5	-7.31
374.9	-16.67
375.2	31.31
375.6	-14.56
376	-24.63
376.4	-15.97
376.7	-14.33
377.1	-18.31
377.5	-9.88
377.8	5.57
378.2	24.99
378.6	-11.05
379	-32.59
379.3	11.42
379.7	-3.8
380.1	-16.2
380.4	-10.12
380.8	11.18
381.2	-27.2
381.6	13.99
381.9	-11.29
382.3	3.69
382.7	7.2
383	-4.5
383.4	-18.31
383.8	-11.29
384.2	-38.67
384.5	-5.44
384.9	12.59
385.3	14.93
385.6	10.25
386	3.22
386.4	-1.46
386.7	-14.1
387.1	-7.31
387.5	23.12
387.9	-4.03
388.2	11.88
388.6	17.74
389	-1.69
389.3	-9.18
389.7	1.35
390.1	14.69
390.5	-13.39
390.8	-6.61
391.2	-36.56
391.6	-2.86
391.9	-35.39
392.3	-27.67
392.7	13.05
393	20.78
393.4	10.71
393.8	5.1
394.2	-2.16
394.5	4.4
394.9	24.99
395.3	8.37
395.6	-23.93
396	-31.65
396.4	21.01
396.7	-11.99
397.1	-6.37
397.5	-3.8
397.8	-34.93
398.2	-4.5
398.6	-20.18
399	10.01
399.3	3.22
399.7	16.33
400.1	1.82
400.4	-21.82
400.8	-6.37
401.2	-8.01
401.5	-8.01
401.9	-5.44
402.3	-29.78
402.7	16.33
403	-11.75
403.4	-9.88
403.8	4.86
404.1	6.74
404.5	-8.01
404.9	-14.33
405.2	-4.97
405.6	-4.26
406	-18.78
406.3	-8.48
406.7	3.46
407.1	-5.9
407.4	15.16
407.8	21.48
408.2	-3.09
408.6	-0.05
408.9	-26.5
409.3	-7.54
409.7	-46.16
410	-0.52
410.4	-11.99
410.8	2.99
411.1	-9.18
411.5	40.67
411.9	-140.95
412.2	-26.5
412.6	-8.24
413	-14.8
413.3	3.22
413.7	-17.84
414.1	-21.12
414.4	-15.27
414.8	3.93
415.2	29.44
415.5	-27.9
415.9	-16.44
416.3	18.67
416.7	-10.58
417	-7.78
417.4	-15.5
417.8	-17.14
418.1	-27.9
418.5	-25.33
418.9	7.2
419.2	-2.63
419.6	-5.9
420	25.46
420.3	-0.99
420.7	-17.37
421.1	1.59
421.4	-2.86
421.8	-21.12
422.2	-15.27
422.5	-17.61
422.9	-8.95
423.3	-10.58
423.6	-39.14
424	-107.48
424.4	-95.31
424.7	-20.88
425.1	-19.24
425.5	-12.46
425.8	8.61
426.2	-12.69
426.6	-3.8
426.9	3.93
427.3	-9.18
427.7	1.59
428	-3.09
428.4	-15.97
428.8	9.54
429.1	2.05
429.5	6.97
429.9	-20.18
430.2	-31.88
430.6	-4.97
431	-11.05
431.3	0.65
431.7	4.4
432.1	-0.29
432.4	-10.82
432.8	15.4
433.2	7.91
433.5	0.18
433.9	-30.01
434.3	-3.8
434.6	-16.67
435	-6.14
435.4	32.48
435.7	15.63
436.1	6.27
436.5	-8.24
436.8	-23.69
437.2	9.31
437.6	-14.1
437.9	217.38
438.3	15.86
438.7	-0.99
439	9.31
439.4	-3.56
439.8	6.03
440.1	5.57
440.5	4.4
440.9	2.76
441.2	-29.54
441.6	-0.75
442	-0.52
442.3	-18.54
442.7	3.46
443.1	18.2
443.4	-10.35
443.8	-0.75
444.1	19.84
444.5	2.05
444.9	-6.37
445.2	20.78
445.6	-15.03
446	1.12
446.3	-12.69
446.7	16.8
447.1	-6.37
447.4	-11.99
447.8	-3.33
448.2	-10.35
448.5	-20.65
448.9	1.59
449.3	-8.71
449.6	3.22
450	-22.05
450.4	-15.97
450.7	-6.37
451.1	-12.46
451.4	-21.35
451.8	-22.76
452.2	29.91
452.5	-17.37
452.9	28.5
453.3	-4.03
453.6	0.88
454	-0.99
454.4	8.37
454.7	23.35
455.1	12.82
455.5	3.93
455.8	-8.48
456.2	-19.71
456.5	-10.82
456.9	21.71
457.3	10.01
457.6	-5.2
458	-18.31
458.4	-3.8
458.7	-9.41
459.1	12.12
459.5	15.86
459.8	7.44
460.2	-10.35
460.5	6.5
460.9	-15.27
461.3	-10.82
461.6	-21.58
462	-19.24
462.4	0.88
462.7	-12.46
463.1	-10.82
463.5	-24.86
463.8	12.59
464.2	-14.1
464.5	9.54
464.9	-14.1
465.3	-8.01
465.6	5.33
466	8.84
466.4	-0.05
466.7	-0.29
467.1	22.89
467.5	-30.48
467.8	-7.07
468.2	-14.56
468.5	-28.84
468.9	-10.35
469.3	-29.78
469.6	10.71
470	-19.24
470.4	-15.27
470.7	-4.26
471.1	2.99
471.4	-4.26
471.8	16.1
472.2	10.95
472.5	-0.29
472.9	-23.22
473.3	16.33
473.6	-35.16
474	-21.35
474.3	-15.03
474.7	15.16
475.1	16.33
475.4	-7.31
475.8	-4.73
476.2	11.65
476.5	-27.67
476.9	-5.67
477.2	31.31
477.6	9.31
478	-12.46
478.3	15.16
478.7	8.61
479.1	-23.46
479.4	4.63
479.8	25.93
480.1	21.95
480.5	-0.52
480.9	-18.54
481.2	12.59
481.6	-0.52
481.9	5.33
482.3	14.69
482.7	-4.97
483	-7.78
483.4	2.29
483.8	-19.24
484.1	-0.29
484.5	-3.56
484.8	6.97
485.2	-6.61
485.6	-0.52
485.9	-16.44
486.3	-12.22
486.6	0.65
487	-9.41
487.4	-19.71
487.7	-7.07
488.1	8.61
488.5	-8.48
488.8	14.93
489.2	-5.44
489.5	27.1
489.9	0.65
490.3	-7.78
490.6	-2.16
491	13.05
491.3	-12.46
491.7	-2.39
492.1	-20.41
492.4	6.27
492.8	12.82
493.1	-3.8
493.5	3.46
493.9	29.44
494.2	5.33
494.6	-3.8
494.9	-15.27
495.3	-16.2
495.7	4.86
496	-2.16
496.4	11.88
496.7	10.25
497.1	-18.31
497.5	-39.84
497.8	11.18
498.2	3.46
498.5	-24.86
498.9	-17.84
499.3	-28.14
499.6	-0.75
500	7.2
500.3	-7.07
500.7	-18.78
501.1	-10.82
501.4	17.27
501.8	-25.8
502.1	-14.8
502.5	-2.86
502.9	12.82
503.2	19.37
503.6	3.22
503.9	-8.01
504.3	10.48
504.7	-9.65
505	-15.97
505.4	-19.48
505.7	-34.69
506.1	-7.54
506.5	-14.8
506.8	-14.56
507.2	-23.46
507.5	-11.29
507.9	-8.71
508.2	8.14
508.6	-6.61
509	-11.05
509.3	19.14
509.7	-3.33
510	-21.35
510.4	-0.75
510.8	-20.41
511.1	0.88
511.5	-25.56
511.8	-8.71
512.2	-21.82
512.6	12.12
512.9	-5.44
513.3	18.44
513.6	-3.56
514	-6.84
514.3	-41.95
514.7	3.22
515.1	-18.31
515.4	-0.52
515.8	-2.16
516.1	5.8
516.5	-14.33
516.9	-2.39
517.2	43.25
517.6	23.12
517.9	-24.16
518.3	-33.52
518.6	-19.01
519	1.12
519.4	-2.39
519.7	5.33
520.1	-15.27
520.4	-0.52
520.8	30.61
521.1	-17.14
521.5	-5.67
521.9	17.5
522.2	7.2
522.6	11.88
522.9	-3.8
523.3	10.95
523.6	-14.33
524	0.42
524.4	-10.58
524.7	6.74
525.1	-8.95
525.4	-6.84
525.8	-2.39
526.2	14.93
526.5	11.65
526.9	-20.65
527.2	-27.67
527.6	3.93
527.9	19.37
528.3	-5.67
528.6	-4.26
529	-19.95
529.4	-5.9
529.7	6.74
530.1	6.03
530.4	-7.31
530.8	-7.78
531.1	-16.67
531.5	-24.39
531.9	-16.9
532.2	8.61
532.6	-22.52
532.9	-46.16
533.3	-20.65
533.6	-14.1
534	-28.61
534.4	23.59
534.7	7.67
535.1	-3.8
535.4	3.22
535.8	8.14
536.1	2.05
536.5	2.05
536.8	1.35
537.2	-29.31
537.6	-1.69
537.9	21.48
538.3	-19.01
538.6	22.18
539	7.44
539.3	-21.58
539.7	18.2
540	-4.26
540.4	12.12
540.8	-31.88
541.1	199.6
541.5	-16.67
541.8	19.84
542.2	18.2
542.5	-0.75
542.9	7.44
543.2	-0.05
543.6	13.05
544	25.46
544.3	13.76
544.7	-18.07
545	-15.5
545.4	-19.24
545.7	12.12
546.1	-14.56
546.4	-28.84
546.8	-16.9
547.2	-5.67
547.5	-1.46
547.9	19.14
548.2	-25.33
548.6	-36.8
548.9	-9.41
549.3	3.93
549.6	0.42
550	7.91
550.3	-11.99
550.7	0.88
551.1	-3.8
551.4	2.99
551.8	17.74
552.1	-3.33
552.5	0.88
552.8	-8.71
553.2	18.2
553.5	1.12
553.9	-1.92
554.2	-14.8
554.6	-18.78
554.9	1.82
555.3	1.82
555.7	-13.39
556	-1.22
556.4	-34.93
556.7	-8.01
557.1	-2.39
557.4	-21.82
557.8	8.61
558.1	2.76
558.5	-10.58
558.8	-17.61
559.2	1.12
559.5	-9.65
559.9	-16.2
560.3	0.42
560.6	-5.2
561	-9.65
561.3	-0.99
561.7	-20.65
562	-1.92
562.4	2.52
562.7	21.95
563.1	17.5
563.4	-12.92
563.8	-3.09
564.1	13.05
564.5	6.03
564.8	-4.5
565.2	-9.41
565.5	-21.12
565.9	-20.41
566.3	-5.9
566.6	2.52
567	-7.78
567.3	3.22
567.7	0.18
568	-5.44
568.4	-25.33
568.7	5.1
569.1	-2.86
569.4	10.48
569.8	-26.03
570.1	0.18
570.5	9.78
570.8	3.22
571.2	-32.35
571.5	0.18
571.9	8.61
572.2	1.12
572.6	25.46
572.9	-11.52
573.3	8.14
573.6	-18.54
574	5.57
574.4	2.05
574.7	10.95
575.1	21.71
575.4	-9.65
575.8	-19.95
576.1	25.23
576.5	-8.24
576.8	13.76
577.2	20.31
577.5	2.99
577.9	37.16
578.2	-5.44
578.6	-31.18
578.9	9.78
579.3	1.12
579.6	10.01
580	0.42
580.3	-17.37
580.7	-15.03
581	9.78
581.4	-21.35
581.7	15.4
582.1	1.35
582.4	19.61
582.8	-11.99
583.1	-4.97
583.5	6.74
583.8	1.35
584.2	13.29
584.5	-6.61
584.9	-3.09
585.2	-11.75
585.6	20.54
585.9	28.74
586.3	-4.73
586.6	31.08
587	-16.2
587.3	3.93
587.7	-7.78
588	11.88
588.4	-14.33
588.7	-1.46
589.1	10.25
589.4	20.78
589.8	16.1
590.1	-13.86
590.5	-9.41
590.8	1.59
591.2	-32.35
591.5	12.12
591.9	-6.37
592.2	-27.9
592.6	-2.39
592.9	8.84
593.3	-20.65
593.6	0.65
594	-7.07
594.3	11.88
594.7	-3.56
595	-27.9
595.4	-21.82
595.7	1.59
596.1	-9.88
596.4	-1.46
596.8	-18.54
597.1	-14.56
597.5	-18.07
597.8	-30.71
598.2	-5.9
598.5	-31.18
598.9	-21.12
599.2	26.86
599.6	13.52
599.9	11.88
600.3	0.88
600.6	11.65
601	19.84
601.3	-13.39
601.7	13.76
602	13.05
602.4	-7.07
602.7	-3.56
603.1	-4.73
603.4	15.16
603.8	0.42
604.1	1.59
604.5	14.69
604.8	-7.31
605.1	-2.39
605.5	1.12
605.8	21.25
606.2	16.57
606.5	7.44
606.9	-11.29
607.2	22.18
607.6	0.88
607.9	23.12
608.3	20.31
608.6	10.25
609	19.37
609.3	-8.01
609.7	-32.12
610	-14.33
610.4	13.99
610.7	10.95
611.1	2.76
611.4	9.78
611.8	-9.41
612.1	-24.39
612.5	-22.29
612.8	-30.71
613.1	4.63
613.5	-0.75
613.8	-16.44
614.2	-16.44
614.5	-19.24
614.9	-18.78
615.2	16.8
615.6	-3.8
615.9	-10.35
616.3	-16.9
616.6	14.93
617	-0.75
617.3	-13.39
617.7	4.63
618	37.86
618.3	-8.01
618.7	-19.95
619	10.25
619.4	16.1
619.7	10.25
620.1	-5.9
620.4	-0.52
620.8	10.71
621.1	9.78
621.5	1.59
621.8	4.16
622.2	28.5
622.5	-11.52
622.8	-14.8
623.2	-32.82
623.5	-5.44
623.9	-1.46
624.2	-4.03
624.6	-27.44
624.9	-7.31
625.3	4.63
625.6	-9.41
626	-8.95
626.3	-16.2
626.7	2.29
627	-3.09
627.3	-16.9
627.7	-20.88
628	-7.07
628.4	-1.22
628.7	-2.86
629.1	-6.37
629.4	2.29
629.8	-3.56
630.1	-3.09
630.5	-46.86
630.8	37.4
631.1	16.57
631.5	-7.78
631.8	-2.16
632.2	1.59
632.5	-4.97
632.9	-38.67
633.2	-1.69
633.6	5.57
633.9	-5.2
634.2	3.93
634.6	8.61
634.9	-3.8
635.3	13.99
635.6	-18.07
636	38.1
636.3	0.18
636.7	-28.84
637	6.97
637.3	3.22
637.7	6.27
638	28.5
638.4	-1.69
638.7	-20.88
639.1	-3.56
639.4	-0.99
639.8	-17.37
640.1	-3.09
640.4	16.57
640.8	16.8
641.1	18.91
641.5	-18.31
641.8	-0.75
642.2	8.37
642.5	-19.01
642.8	-22.76
643.2	2.99
643.5	14.93
643.9	-32.35
644.2	-8.48
644.6	-11.75
644.9	-7.54
645.3	-0.05
645.6	-21.35
645.9	-9.41
646.3	1.35
646.6	-3.09
647	-13.16
647.3	-24.63
647.7	2.52
648	17.97
648.3	21.95
648.7	-18.07
649	10.25
649.4	-21.12
649.7	-16.44
650.1	6.03
650.4	7.91
650.7	10.48
651.1	14.23
651.4	5.1
651.8	-10.58
652.1	-8.48
652.4	11.88
652.8	-18.78
653.1	-2.63
653.5	2.29
653.8	5.33
654.2	-5.67
654.5	31.78
654.8	13.05
655.2	-13.86
655.5	2.76
655.9	15.63
656.2	10.71
656.6	20.54
656.9	10.71
657.2	-17.14
657.6	1.82
657.9	8.14
658.3	-16.67
658.6	11.42
658.9	-14.8
659.3	-29.78
659.6	-2.86
660	6.5
660.3	-4.03
660.7	7.44
661	-0.99
661.3	0.18
661.7	-17.37
662	4.63
662.4	12.35
662.7	4.86
663	-5.2
663.4	-31.65
663.7	20.31
664.1	-10.58
664.4	5.33
664.7	-3.8
665.1	-4.73
665.4	12.82
665.8	-0.05
666.1	-7.31
666.4	-9.41
666.8	-10.58
667.1	-24.86
667.5	-2.16
667.8	40.91
668.1	-4.26
668.5	-17.84
668.8	-0.99
669.2	-32.12
669.5	-5.67
669.8	-11.52
670.2	-9.65
670.5	3.22
670.9	2.99
671.2	5.33
671.5	-15.5
671.9	-28.14
672.2	-13.39
672.6	-0.99
672.9	23.35
673.2	-11.05
673.6	-21.35
673.9	19.14
674.3	4.4
674.6	0.18
674.9	14.69
675.3	-5.9
675.6	-4.97
676	-63.71
676.3	-5.67
676.6	2.29
677	-1.69
677.3	2.05
677.7	-25.33
678	-18.54
678.3	-1.22
678.7	6.74
679	-13.16
679.4	-18.78
679.7	-8.71
680	-8.71
680.4	-0.05
680.7	-4.5
681	14.23
681.4	-21.58
681.7	-2.86
682.1	0.42
682.4	2.99
682.7	-25.8
683.1	-3.33
683.4	-21.82
683.8	-20.41
684.1	-12.46
684.4	-22.29
684.8	-3.8
685.1	17.27
685.4	-14.56
685.8	-1.22
686.1	104.34
686.5	34.82
686.8	-27.2
687.1	2.52
687.5	-8.48
687.8	8.84
688.1	-15.27
688.5	-4.03
688.8	25.23
689.2	-0.99
689.5	-18.31
689.8	0.88
690.2	24.76
690.5	0.65
690.8	-5.2
691.2	18.67
691.5	-3.33
691.9	7.91
692.2	-14.8
692.5	-14.33
692.9	-26.73
693.2	-16.44
693.5	-12.46
693.9	-11.29
694.2	-3.8
694.6	13.29
694.9	-32.82
695.2	9.54
695.6	3.69
695.9	-2.39
696.2	-24.39
696.6	11.65
696.9	-0.52
697.2	-9.65
697.6	-20.88
697.9	-16.2
698.3	-1.92
698.6	-6.14
698.9	-15.03
699.3	1.12
699.6	-21.35
699.9	15.16
700.3	3.93
700.6	-2.16
700.9	-10.58
701.3	-32.82
701.6	-8.24
702	2.99
702.3	-0.05
702.6	2.76
703	-12.22
703.3	-21.82
703.6	-10.58
704	-18.78
704.3	10.01
704.6	2.76
705	-21.12
705.3	6.97
705.6	-14.33
706	4.4
706.3	-21.58
706.6	37.4
707	18.91
707.3	-1.69
707.7	1.35
708	-15.97
708.3	-20.88
708.7	14.23
709	26.86
709.3	5.33
709.7	23.82
710	-15.73
710.3	6.74
710.7	-19.24
711	9.31
711.3	11.42
711.7	-14.1
712	-23.93
712.3	-35.16
712.7	-19.48
713	7.44
713.3	-22.76
713.7	-0.05
714	-20.65
714.3	-1.22
714.7	-22.52
715	14.93
715.3	23.12
715.7	6.97
716	-31.88
716.3	-12.22
716.7	-9.88
717	-15.27
717.3	-8.48
717.7	10.71
718	10.25
718.4	-18.78
718.7	-0.52
719	8.37
719.4	20.78
719.7	26.16
720	-12.22
720.4	-2.39
720.7	-4.03
721	6.27
721.3	-12.92
721.7	-0.52
722	15.86
722.3	11.88
722.7	-30.01
723	-12.69
723.3	-4.5
723.7	-0.29
724	-15.73
724.3	-4.03
724.7	3.22
725	2.52
725.3	0.65
725.7	-16.44
726	-23.46
726.3	27.8
726.7	-12.46
727	-23.69
727.3	-34.22
727.7	-11.05
728	35.76
728.3	-5.67
728.7	-2.39
729	10.48
729.3	-14.56
729.7	-4.97
730	2.05
730.3	-38.44
730.7	1.59
731	-30.71
731.3	-10.58
731.7	8.84
732	-9.65
732.3	-8.71
732.6	4.63
733	13.52
733.3	-12.69
733.6	6.03
734	-0.05
734.3	-16.67
734.6	-0.05
735	-12.46
735.3	14.23
735.6	-2.39
736	-5.67
736.3	-36.1
736.6	12.12
737	-6.14
737.3	15.16
737.6	0.42
737.9	-8.95
738.3	20.78
738.6	13.76
738.9	0.42
739.3	-18.78
739.6	-11.99
739.9	-0.99
740.3	-0.75
740.6	28.03
740.9	-18.54
741.2	6.5
741.6	-11.75
741.9	-4.5
742.2	6.97
742.6	6.03
742.9	10.95
743.2	-11.05
743.6	-9.88
743.9	-18.31
744.2	-13.86
744.6	-5.9
744.9	14.46
745.2	10.01
745.5	0.65
745.9	13.05
746.2	-15.27
746.5	12.12
746.9	9.78
747.2	1.35
747.5	18.91
747.8	7.44
748.2	6.5
748.5	7.2
748.8	-25.33
749.2	-16.9
749.5	-3.09
749.8	-9.88
750.1	4.4
750.5	1.35
750.8	9.31
751.1	-12.69
751.5	24.29
751.8	-12.46
752.1	19.84
752.5	-17.84
752.8	1.59
753.1	12.82
753.4	31.31
753.8	11.88
754.1	22.65
754.4	-4.03
754.7	2.29
755.1	5.8
755.4	-9.41
755.7	-5.67
756.1	-18.31
756.4	-10.35
756.7	-4.26
757	-5.2
757.4	-13.63
757.7	-7.78
758	19.84
758.4	1.59
758.7	-22.52
759	-30.01
759.3	11.88
759.7	3.22
760	-23.69
760.3	3.69
760.7	-4.26
761	-1.92
761.3	4.86
761.6	7.2
762	13.29
762.3	-24.86
762.6	-13.39
762.9	-33.29
763.3	-18.31
763.6	15.16
763.9	-13.16
764.2	-4.73
764.6	-13.39
764.9	10.71
765.2	-11.29
765.6	-3.09
765.9	16.1
766.2	-7.31
766.5	-17.14
766.9	-18.54
767.2	-9.88
767.5	20.54
767.8	-18.54
768.2	-32.59
768.5	-26.73
768.8	7.91
769.1	-5.2
769.5	-2.86
769.8	11.42
770.1	-4.26
770.5	-12.92
770.8	8.84
771.1	-7.54
771.4	-5.9
771.8	-8.24
772.1	-10.58
772.4	-13.86
772.7	5.57
773.1	-8.95
773.4	6.03
773.7	8.61
774	0.65
774.4	10.01
774.7	-7.78
775	-8.01
775.3	-17.14
775.7	-4.03
776	0.88
776.3	-14.8
776.6	6.5
777	-18.07
777.3	11.88
777.6	-13.63
777.9	6.27
778.3	-12.22
778.6	-23.93
778.9	13.52
779.2	31.78
779.6	-5.9
779.9	16.8
780.2	-4.73
780.5	27.57
780.9	27.8
781.2	-16.9
781.5	0.88
781.8	-8.71
782.2	-2.16
782.5	10.71
782.8	5.1
783.1	-10.82
783.4	-15.03
783.8	-17.84
784.1	-8.95
784.4	-8.71
784.7	-11.99
785.1	-3.56
785.4	-0.29
785.7	3.69
786	1.59
786.4	9.78
786.7	6.5
787	-14.56
787.3	-6.84
787.7	-1.46
788	13.29
788.3	12.35
788.6	-13.86
788.9	-17.14
789.3	-11.52
789.6	12.59
789.9	6.27
790.2	-3.8
790.6	-11.75
790.9	13.05
791.2	2.52
791.5	6.97
791.9	-2.86
792.2	7.2
792.5	9.31
792.8	-5.67
793.1	-9.65
793.5	28.27
793.8	12.59
794.1	-21.58
794.4	11.88
794.8	-5.44
795.1	-5.2
795.4	-8.71
795.7	5.57
796	-30.48
796.4	-2.63
796.7	19.37
797	-13.16
797.3	-22.76
797.7	-0.99
798	-0.75
798.3	4.16
798.6	-0.52
798.9	-2.86
799.3	7.91
799.6	-10.35
799.9	17.97
800.2	-7.31
800.5	-8.01
800.9	-15.73
801.2	-18.54
801.5	-0.29
801.8	-5.9
802.2	-26.5
802.5	-12.92
802.8	3.46
803.1	10.25
803.4	13.76
803.8	5.57
804.1	-26.03
804.4	-20.65
804.7	-19.48
805	6.74
805.4	-9.88
805.7	2.05
806	6.74
806.3	-1.69
806.6	-9.18
807	25.69
807.3	9.31
807.6	-36.33
807.9	-7.78
808.2	-4.26
808.6	17.27
808.9	-16.9
809.2	-2.16
809.5	-0.99
809.8	7.44
810.2	7.2
810.5	-8.71
810.8	11.42
811.1	-5.9
811.4	-10.82
811.8	-17.84
812.1	-5.67
812.4	-26.5
812.7	-12.22
813	1.12
813.4	-17.84
813.7	1.59
814	43.25
814.3	23.59
814.6	-6.14
815	-11.75
815.3	-30.48
815.6	3.69
815.9	10.48
816.2	-39.37
816.5	-22.76
816.9	-10.35
817.2	0.42
817.5	11.42
817.8	-5.44
818.1	-7.54
818.5	8.14
818.8	6.03
819.1	-6.37
819.4	-16.44
819.7	14.46
820.1	1.35
820.4	-1.46
820.7	-1.46
821	21.95
821.3	-6.37
821.6	0.65
822	7.2
822.3	7.44
822.6	9.78
822.9	19.84
823.2	-5.67
823.5	-7.78
823.9	-18.31
824.2	15.86
824.5	10.71
824.8	3.22
825.1	-5.44
825.5	-6.61
825.8	2.29
826.1	24.06
826.4	7.44
826.7	-1.92
827	-20.18
827.4	11.88
827.7	-1.46
828	20.08
828.3	-22.76
828.6	-11.05
828.9	-8.71
829.3	-21.82
829.6	23.35
829.9	8.61
830.2	-22.05
830.5	-23.69
830.8	-44.29
831.2	2.99
831.5	2.29
831.8	-29.54
832.1	-26.5
832.4	-19.48
832.7	6.5
833.1	-48.5
833.4	4.4
833.7	-30.24
834	21.01
834.3	-2.63
834.6	20.54
835	-8.71
835.3	-7.07
835.6	7.44
835.9	-4.73
836.2	-9.41
836.5	22.18
836.8	2.76
837.2	-6.84
837.5	-17.37
837.8	23.35
838.1	7.91
838.4	-7.31
838.7	29.2
839.1	1.12
839.4	13.99
839.7	-11.75
840	-4.26
840.3	3.93
840.6	-0.05
840.9	0.65
841.3	8.84
841.6	13.52
841.9	14.46
842.2	-14.1
842.5	-10.58
842.8	0.42
843.1	-3.8
843.5	-17.37
843.8	-5.2
844.1	12.12
844.4	2.76
844.7	0.65
845	16.1
845.3	15.63
845.7	1.59
846	-22.05
846.3	-12.22
846.6	-25.8
846.9	-29.31
847.2	20.08
847.5	-3.8
847.9	-8.71
848.2	39.5
848.5	10.25
848.8	-11.05
849.1	-2.16
849.4	2.99
849.7	15.4
850	23.12
850.4	-5.44
850.7	-26.73
851	-1.69
851.3	8.84
851.6	4.63
851.9	30.84
852.2	-11.75
852.5	-31.88
852.9	-3.56
853.2	-23.22
853.5	61.97
853.8	-13.39
854.1	-20.41
854.4	-18.78
854.7	-18.78
855.1	29.91
855.4	-2.63
855.7	-6.14
856	3.93
856.3	6.74
856.6	8.14
856.9	-4.97
857.2	-5.2
857.5	-28.37
857.9	22.65
858.2	-7.78
858.5	-4.26
858.8	-12.22
859.1	-2.16
859.4	-4.26
859.7	-10.12
860	8.37
860.4	-7.54
860.7	-13.16
861	18.91
861.3	-6.37
861.6	3.69
861.9	-20.18
862.2	26.16
862.5	6.97
862.8	-16.2
863.2	-33.29
863.5	17.97
863.8	15.86
864.1	-7.31
864.4	-18.54
864.7	-22.29
865	-18.07
865.3	1.82
865.6	-6.37
866	3.93
866.3	-9.65
866.6	-24.16
866.9	17.03
867.2	-14.56
867.5	-23.93
867.8	6.74
868.1	-13.63
868.4	-7.54
868.7	-16.2
869.1	-25.1
869.4	24.99
869.7	-14.33
870	-14.33
870.3	6.97
870.6	-33.52
870.9	4.4
871.2	-2.63
871.5	-16.9
871.8	16.1
872.1	-27.2
872.5	1.12
872.8	-8.48
873.1	-18.07
873.4	17.97
873.7	-4.5
874	-1.69
874.3	14.93
874.6	15.4
874.9	6.5
875.2	-19.71
875.6	18.67
875.9	1.12
876.2	-17.61
876.5	10.25
876.8	-26.97
877.1	-11.52
877.4	-17.37
877.7	-12.46
878	14.93
878.3	17.5
878.6	-5.44
878.9	-4.97
879.3	7.44
879.6	-9.18
879.9	-3.09
880.2	-0.75
880.5	15.16
880.8	-8.95
881.1	-6.84
881.4	-14.8
881.7	25.23
882	9.31
882.3	-2.86
882.6	-24.86
882.9	-5.2
883.3	1.35
883.6	-14.1
883.9	-32.59
884.2	2.52
884.5	-22.05
884.8	-4.97
885.1	-2.86
885.4	-8.24
885.7	2.05
886	10.71
886.3	13.52
886.6	-9.88
886.9	17.27
887.2	0.18
887.6	10.48
887.9	9.31
888.2	11.88
888.5	-0.99
888.8	29.2
889.1	3.46
889.4	28.03
889.7	4.16
890	-11.75
890.3	-17.37
890.6	12.59
890.9	-14.33
891.2	10.95
891.5	-0.99
891.8	-6.61
892.1	-19.01
892.5	-37.27
892.8	-14.8
893.1	-12.22
893.4	-5.44
893.7	13.05
894	-33.76
894.3	-24.16
894.6	-35.63
894.9	-17.14
895.2	-24.86
895.5	15.4
895.8	-0.52
896.1	-25.8
896.4	9.31
896.7	-8.01
897	-11.99
897.3	-9.88
897.6	0.88
897.9	16.57
898.3	-2.39
898.6	-4.73
898.9	-34.69
899.2	4.4
899.5	-26.97
899.8	6.74
900.1	2.29
900.4	-5.67
900.7	-10.82
901	7.44
901.3	-14.33
901.6	9.08
901.9	-4.73
902.2	-8.95
902.5	10.48
902.8	-9.41
903.1	1.12
903.4	-8.01
903.7	-20.41
904	-36.8
904.3	-30.24
904.6	-1.22
904.9	-15.97
905.2	-20.18
905.6	16.33
905.9	-32.82
906.2	-14.1
906.5	13.52
906.8	31.55
907.1	2.05
907.4	-5.44
907.7	-17.14
908	19.61
908.3	28.5
908.6	-7.31
908.9	2.99
909.2	-0.05
909.5	13.76
909.8	-0.52
910.1	-7.54
910.4	-31.65
910.7	-24.39
911	6.03
911.3	-28.37
911.6	2.52
911.9	-10.82
912.2	18.67
912.5	0.18
912.8	14.46
913.1	-11.29
913.4	23.82
913.7	-25.56
914	-7.07
914.3	-15.5
914.6	-2.16
914.9	13.05
915.2	8.84
915.5	-19.24
915.8	0.88
916.1	5.57
916.4	25.23
916.7	-1.22
917	-4.97
917.3	7.67
917.6	-18.31
917.9	-6.84
918.2	-0.99
918.5	-17.61
918.8	21.25
919.1	1.82
919.5	-5.9
919.8	14.46
920.1	8.61
920.4	-14.8
920.7	-5.67
921	-2.63
921.3	-5.9
921.6	-4.97
921.9	-6.61
922.2	-14.1
922.5	-20.88
922.8	19.14
923.1	19.37
923.4	-21.35
923.7	10.25
924	-20.65
924.3	-27.9
924.6	-3.33
924.9	-32.35
925.2	-2.86
925.5	-26.03
925.8	71.33
926.1	16.57
926.4	0.65
926.7	35.06
927	1.82
927.3	-2.86
927.6	10.25
927.9	-5.67
928.2	12.59
928.4	6.03
928.7	-18.07
929	9.08
929.3	-5.44
929.6	-0.52
929.9	-6.61
930.2	16.57
930.5	-16.2
930.8	10.48
931.1	0.42
931.4	11.65
931.7	22.89
932	22.65
932.3	-23.22
932.6	-28.37
932.9	-25.8
933.2	-12.69
933.5	5.1
933.8	-28.84
934.1	-1.22
934.4	18.67
934.7	11.88
935	-13.16
935.3	7.44
935.6	10.71
935.9	-33.52
936.2	-0.75
936.5	-9.65
936.8	-10.58
937.1	11.88
937.4	-22.99
937.7	-19.71
938	-7.78
938.3	-19.71
938.6	-20.41
938.9	-0.52
939.2	15.16
939.5	-13.16
939.8	-7.07
940.1	-3.56
940.4	-17.84
940.7	-10.82
941	-9.18
941.3	-13.39
941.6	5.1
941.9	0.42
942.2	6.03
942.4	2.29
942.7	-30.24
943	10.48
943.3	-0.29
943.6	-24.16
943.9	-44.76
944.2	-17.61
944.5	-21.82
944.8	-31.88
945.1	6.74
945.4	-30.95
945.7	-1.69
946	-15.03
946.3	-8.24
946.6	-29.78
946.9	-7.31
947.2	-36.33
947.5	-1.92
947.8	-11.29
948.1	40.44
948.4	1.59
948.7	-33.99
949	16.33
949.2	-26.73
949.5	-7.78
949.8	-8.24
950.1	-0.75
950.4	-14.8
950.7	-4.5
951	-1.69
951.3	-20.88
951.6	19.84
951.9	1.35
952.2	-11.05
952.5	1.82
952.8	22.89
953.1	-0.52
953.4	11.18
953.7	-11.52
954	11.18
954.3	-30.48
954.6	25.93
954.8	-8.95
955.1	-2.39
955.4	2.52
955.7	-3.8
956	-8.01
956.3	14.46
956.6	-15.73
956.9	-19.95
957.2	-17.84
957.5	2.76
957.8	-33.99
958.1	8.14
958.4	-11.52
958.7	-14.8
959	37.16
959.2	-9.65
959.5	10.25
959.8	4.63
960.1	14.46
960.4	5.33
960.7	-19.24
961	-19.95
961.3	20.54
961.6	-11.75
961.9	-20.18
962.2	1.35
962.5	1.59
962.8	-8.01
963.1	-4.5
963.3	-3.8
963.6	32.72
963.9	-7.07
964.2	-4.5
964.5	-12.92
964.8	30.84
965.1	24.99
965.4	12.12
965.7	-40.31
966	7.67
966.3	-32.82
966.6	14.93
966.9	-9.18
967.1	8.61
967.4	13.99
967.7	4.4
968	-5.9
968.3	16.1
968.6	13.52
968.9	8.37
969.2	-22.05
969.5	6.74
969.8	3.69
970.1	-9.88
970.3	-3.33
970.6	3.22
970.9	-5.44
971.2	-8.95
971.5	11.65
971.8	-15.5
972.1	14.23
972.4	20.54
972.7	-29.54
973	4.86
973.3	-22.05
973.5	-8.48
973.8	1.35
974.1	9.54
974.4	11.42
974.7	0.18
975	20.31
975.3	-4.73
975.6	-28.37
975.9	3.93
976.2	-25.1
976.4	17.74
976.7	-23.93
977	-21.58
977.3	-10.12
977.6	2.76
977.9	9.54
978.2	-6.14
978.5	-19.01
978.8	19.14
979	8.61
979.3	-1.22
979.6	-0.75
979.9	-12.92
980.2	-1.22
980.5	-11.99
980.8	3.93
981.1	-2.16
981.4	1.12
981.6	203.57
981.9	2.29
982.2	1.82
982.5	-19.71
982.8	-23.46
983.1	-12.46
983.4	-25.1
983.7	-30.24
984	-17.14
984.2	4.86
984.5	-4.97
984.8	19.84
985.1	-2.86
985.4	-18.78
985.7	-7.07
986	43.01
986.3	6.97
986.5	3.69
986.8	-9.65
987.1	12.12
987.4	-25.56
987.7	-41.71
988	10.01
988.3	-4.97
988.6	6.97
988.8	9.54
989.1	21.95
989.4	-14.1
989.7	-42.65
990	-27.2
990.3	-51.54
990.6	-0.05
990.9	-7.07
991.1	5.1
991.4	23.82
991.7	19.37
992	10.01
992.3	-9.88
992.6	6.74
992.9	-26.5
993.1	5.1
993.4	10.71
993.7	-3.33
994	4.4
994.3	-18.07
994.6	-10.35
994.9	-4.26
995.1	-49.44
995.4	-26.97
995.7	8.61
996	-43.12
996.3	26.63
996.6	-19.48
996.9	-5.2
997.1	-18.78
997.4	-5.67
997.7	-6.84
998	-4.73
998.3	11.65
998.6	24.99
998.9	12.82
999.1	-12.22
999.4	-35.63
999.7	-4.5
1000	-23.93
1000.3	-17.61
1000.6	11.42
1000.8	38.57
1001.1	24.52
1001.4	-2.63
1001.7	-10.58
1002	-28.84
1002.3	-0.75
1002.6	-4.97
1002.8	-34.93
1003.1	-1.46
1003.4	10.25
1003.7	-5.67
1004	18.2
1004.3	-4.03
1004.5	-10.35
1004.8	9.08
1005.1	12.59
1005.4	-6.61
1005.7	-5.67
1006	5.57
1006.2	16.33
1006.5	-5.2
1006.8	-18.31
1007.1	12.82
1007.4	35.99
1007.7	-11.99
1007.9	6.97
1008.2	15.86
1008.5	-33.76
1008.8	10.48
1009.1	3.46
1009.4	-10.58
1009.6	-12.69
1009.9	-17.37
1010.2	-4.5
1010.5	-23.46
1010.8	-27.2
1011.1	2.76
1011.3	15.16
1011.6	23.35
1011.9	4.86
1012.2	-1.92
1012.5	-8.48
1012.7	4.63
1013	10.48
1013.3	6.74
1013.6	14.46
1013.9	-8.48
1014.2	-11.75
1014.4	25.93
1014.7	9.78
1015	-33.29
1015.3	-5.2
1015.6	-31.88
1015.8	6.97
1016.1	-18.54
1016.4	-35.39
1016.7	-22.29
1017	-35.39
1017.2	9.08
1017.5	-15.27
1017.8	-8.48
1018.1	-28.14
1018.4	-4.26
1018.7	-0.99
1018.9	-14.8
1019.2	-38.67
1019.5	-25.33
1019.8	-1.69
1020.1	-17.37
1020.3	10.48
1020.6	1.82
1020.9	1.82
1021.2	1.82
