340.2	1.5
340.6	1.5
340.9	1.5
341.3	1.26
341.7	29.35
342.1	5.71
342.4	-37.36
342.8	2.2
343.2	-13.48
343.6	17.41
343.9	-19.57
344.3	-15.12
344.7	-4.59
345.1	9.45
345.4	-2.95
345.8	6.88
346.2	-0.38
346.6	16.71
346.9	1.73
347.3	-22.14
347.7	16.94
348	-18.63
348.4	21.62
348.8	-15.12
349.2	-25.65
349.5	-2.72
349.9	-14.65
350.3	-1.08
350.7	6.41
351	7.11
351.4	2.67
351.8	-14.19
352.2	-4.36
352.5	4.54
352.9	-12.55
353.3	16.01
353.6	14.6
354	34.5
354.4	1.03
354.8	-0.85
355.1	-1.08
355.5	3.37
355.9	5.47
356.3	-9.51
356.6	-18.87
357	-8.57
357.4	-12.55
357.8	12.73
358.1	2.67
358.5	-11.61
358.9	-15.36
359.2	3.84
359.6	-3.19
360	-17.93
360.4	-23.08
360.7	-38.76
361.1	-16.29
361.5	-14.65
361.9	11.09
362.2	-9.27
362.6	4.07
363	-32.91
363.3	-2.95
363.7	17.65
364.1	3.84
364.5	8.99
364.8	-9.27
365.2	15.3
365.6	7.35
366	7.11
366.3	13.2
366.7	-20.51
367.1	-29.4
367.4	-8.1
367.8	-14.65
368.2	-19.1
368.6	-7.87
368.9	-6.7
369.3	-4.36
369.7	2.2
370	-10.68
370.4	-26.59
370.8	1.73
371.2	0.79
371.5	-7.63
371.9	-12.08
372.3	-12.55
372.6	27.48
373	-16.29
373.4	33.79
373.8	-9.04
374.1	4.77
374.5	18.82
374.9	-13.72
375.2	7.35
375.6	11.79
376	-13.02
376.4	16.94
376.7	-1.55
377.1	-42.51
377.5	-12.55
377.8	-28.7
378.2	4.77
378.6	-12.78
379	25.84
379.3	0.33
379.7	12.5
380.1	-15.82
380.4	-16.76
380.8	-27.76
381.2	-23.78
381.6	-7.87
381.9	-5.29
382.3	24.2
382.7	-2.48
383	-12.55
383.4	-13.02
383.8	23.26
384.2	11.09
384.5	-11.38
384.9	10.16
385.3	-4.59
385.6	-28.7
386	-3.42
386.4	15.07
386.7	18.58
387.1	33.33
387.5	-21.44
387.9	2.2
388.2	-14.19
388.6	-10.68
389	-8.8
389.3	13.43
389.7	2.2
390.1	-30.57
390.5	5.47
390.8	12.5
391.2	-15.36
391.6	-27.53
391.9	-12.31
392.3	-6.93
392.7	11.79
393	-21.91
393.4	-9.74
393.8	2.2
394.2	-7.63
394.5	-9.74
394.9	-17.46
395.3	-9.51
395.6	10.16
396	-24.48
396.4	16.01
396.7	2.67
397.1	-26.12
397.5	-22.14
397.8	-18.63
398.2	-0.38
398.6	7.81
399	-4.12
399.3	7.35
399.7	-7.16
400.1	2.43
400.4	-20.74
400.8	-9.51
401.2	-2.48
401.5	5.47
401.9	1.5
402.3	-3.89
402.7	-11.85
403	-2.48
403.4	3.84
403.8	4.54
404.1	-7.4
404.5	2.2
404.9	-23.31
405.2	-36.89
405.6	-15.59
406	-14.65
406.3	-7.87
406.7	12.96
407.1	8.99
407.4	7.11
407.8	17.88
408.2	9.22
408.6	-28.46
408.9	2.43
409.3	-5.29
409.7	-13.02
410	-18.63
410.4	0.56
410.8	-2.02
411.1	8.52
411.5	0.33
411.9	128.35
412.2	18.58
412.6	-1.08
413	-16.29
413.3	-1.55
413.7	10.86
414.1	-26.59
414.4	-45.78
414.8	24.9
415.2	-20.74
415.5	-2.48
415.9	5.47
416.3	7.81
416.7	-23.08
417	1.26
417.4	-39.46
417.8	18.82
418.1	9.45
418.5	10.16
418.9	29.35
419.2	27.48
419.6	-9.51
420	-6.7
420.3	-10.44
420.7	2.2
421.1	8.05
421.4	-17.7
421.8	-1.08
422.2	-24.25
422.5	-8.8
422.9	13.43
423.3	-11.38
423.6	2.43
424	109.86
424.4	99.1
424.7	9.69
425.1	-0.85
425.5	3.84
425.8	30.28
426.2	17.18
426.6	-24.02
426.9	-1.78
427.3	-12.31
427.7	-13.72
428	-22.85
428.4	-13.48
428.8	6.18
429.1	6.18
429.5	-30.57
429.9	-9.04
430.2	-15.12
430.6	17.65
431	-21.21
431.3	-18.17
431.7	8.75
432.1	-8.1
432.4	0.33
432.8	9.92
433.2	32.62
433.5	7.58
433.9	-5.53
434.3	-20.74
434.6	-7.16
435	-10.21
435.4	-9.04
435.7	-9.04
436.1	2.9
436.5	6.18
436.8	-3.89
437.2	14.13
437.6	-19.8
437.9	-31.04
438.3	8.52
438.7	-21.21
439	27.94
439.4	-1.31
439.8	-3.42
440.1	-16.53
440.5	8.52
440.9	-4.82
441.2	16.47
441.6	-4.59
442	-0.61
442.3	-8.8
442.7	-1.55
443.1	11.79
443.4	20.69
443.8	-20.04
444.1	7.35
444.5	12.26
444.9	-5.76
445.2	0.79
445.6	-20.27
446	-14.89
446.3	-39.23
446.7	1.5
447.1	-1.08
447.4	18.58
447.8	-3.42
448.2	-7.4
448.5	7.11
448.9	-6.23
449.3	13.43
449.6	-2.02
450	-5.76
450.4	0.09
450.7	3.13
451.1	0.33
451.4	1.5
451.8	-1.08
452.2	-19.8
452.5	-7.63
452.9	25.84
453.3	-12.31
453.6	-15.12
454	3.6
454.4	-16.99
454.7	-4.59
455.1	-25.42
455.5	-19.34
455.8	-28.23
456.2	-2.48
456.5	-31.27
456.9	24.67
457.3	-10.68
457.6	7.58
458	11.79
458.4	-13.48
458.7	-28
459.1	-5.99
459.5	-8.33
459.8	14.13
460.2	9.69
460.5	-1.78
460.9	-6.7
461.3	23.5
461.6	-4.12
462	-0.85
462.4	8.05
462.7	10.86
463.1	-8.1
463.5	-11.38
463.8	12.96
464.2	22.79
464.5	34.03
464.9	27.71
465.3	-3.89
465.6	8.52
466	-18.17
466.4	-5.06
466.7	5.71
467.1	-1.55
467.5	-11.61
467.8	-18.63
468.2	16.71
468.5	-1.08
468.9	8.05
469.3	-11.85
469.6	1.26
470	-35.25
470.4	-21.44
470.7	0.33
471.1	-14.19
471.4	5.71
471.8	-16.99
472.2	14.6
472.5	10.86
472.9	-8.57
473.3	4.77
473.6	-15.12
474	9.92
474.3	16.94
474.7	-11.61
475.1	-16.99
475.4	-4.12
475.8	-16.76
476.2	-20.74
476.5	5.01
476.9	18.58
477.2	-23.08
477.6	-12.31
478	7.35
478.3	6.88
478.7	-16.99
479.1	-28.93
479.4	-25.42
479.8	8.05
480.1	-7.16
480.5	-4.36
480.9	-26.12
481.2	-27.06
481.6	-13.48
481.9	19.28
482.3	-12.55
482.7	-13.25
483	-10.68
483.4	11.56
483.8	-1.31
484.1	17.65
484.5	5.94
484.8	-0.38
485.2	-13.25
485.6	19.05
485.9	-2.25
486.3	10.39
486.6	-12.55
487	15.54
487.4	-17.46
487.7	-0.14
488.1	-5.06
488.5	-1.31
488.8	11.79
489.2	-5.76
489.5	-16.06
489.9	11.56
490.3	2.43
490.6	9.45
491	17.88
491.3	6.88
491.7	-24.95
492.1	-12.78
492.4	0.09
492.8	9.69
493.1	-26.59
493.5	7.81
493.9	18.82
494.2	38.48
494.6	1.26
494.9	-25.65
495.3	-9.74
495.7	-14.42
496	-4.12
496.4	5.47
496.7	-9.27
497.1	13.67
497.5	1.03
497.8	2.9
498.2	-7.63
498.5	-9.51
498.9	14.6
499.3	-22.85
499.6	-3.42
500	5.47
500.3	18.58
500.7	10.86
501.1	-12.55
501.4	-13.02
501.8	7.58
502.1	-23.08
502.5	25.84
502.9	-9.51
503.2	2.67
503.6	18.82
503.9	-22.38
504.3	-36.19
504.7	-9.74
505	-4.12
505.4	11.09
505.7	-6.46
506.1	5.24
506.5	-48.59
506.8	-27.06
507.2	5.71
507.5	-8.33
507.9	-9.27
508.2	-19.34
508.6	-6.7
509	16.01
509.3	10.62
509.7	-16.29
510	9.45
510.4	-12.31
510.8	-5.53
511.1	12.5
511.5	7.35
511.8	5.94
512.2	12.96
512.6	29.11
512.9	2.2
513.3	-19.57
513.6	-23.08
514	-3.19
514.3	-13.25
514.7	27.48
515.1	-9.04
515.4	-3.65
515.8	-5.53
516.1	-28.7
516.5	16.01
516.9	13.67
517.2	13.43
517.6	-17.7
517.9	13.2
518.3	13.9
518.6	3.6
519	-22.14
519.4	14.84
519.7	-35.49
520.1	-9.27
520.4	-23.31
520.8	-3.65
521.1	-31.27
521.5	30.28
521.9	-8.57
522.2	0.09
522.6	-11.85
522.9	-6.7
523.3	-0.38
523.6	-10.68
524	-27.06
524.4	4.07
524.7	13.43
525.1	11.33
525.4	-3.42
525.8	2.67
526.2	-7.4
526.5	0.09
526.9	4.3
527.2	8.05
527.6	-9.97
527.9	-17.23
528.3	-19.57
528.6	-9.97
529	-1.55
529.4	-30.34
529.7	8.28
530.1	-3.42
530.4	-24.02
530.8	6.41
531.1	-12.78
531.5	14.84
531.9	-18.87
532.2	5.24
532.6	24.43
532.9	-8.8
533.3	15.54
533.6	-4.82
534	3.6
534.4	209.1
534.7	30.05
535.1	-12.08
535.4	-5.76
535.8	-9.97
536.1	-5.06
536.5	-16.99
536.8	36.6
537.2	24.9
537.6	-0.85
537.9	-45.08
538.3	-10.91
538.6	-0.61
539	-3.42
539.3	-2.25
539.7	-15.82
540	5.24
540.4	-15.12
540.8	-11.14
541.1	143.8
541.5	12.96
541.8	5.71
542.2	-49.76
542.5	-18.63
542.9	-13.02
543.2	-5.99
543.6	-4.59
544	1.26
544.3	14.37
544.7	12.96
545	-17.46
545.4	-5.99
545.7	26.77
546.1	11.33
546.4	-5.76
546.8	-4.36
547.2	2.43
547.5	-2.95
547.9	-15.59
548.2	-0.85
548.6	7.11
548.9	32.62
549.3	34.5
549.6	-31.27
550	13.43
550.3	3.84
550.7	-8.1
551.1	-21.44
551.4	32.39
551.8	-2.72
552.1	3.13
552.5	8.52
552.8	2.67
553.2	-28
553.5	8.52
553.9	3.6
554.2	6.18
554.6	-24.25
554.9	5.24
555.3	41.75
555.7	14.13
556	2.43
556.4	0.09
556.7	13.43
557.1	6.41
557.4	8.28
557.8	12.73
558.1	1.26
558.5	-13.48
558.8	-2.48
559.2	-17.7
559.5	-20.04
559.9	19.05
560.3	5.94
560.6	13.43
561	19.52
561.3	-10.91
561.7	13.2
562	-5.76
562.4	4.77
562.7	16.01
563.1	-13.25
563.4	6.88
563.8	20.69
564.1	14.13
564.5	-28.46
564.8	20.45
565.2	-8.1
565.5	-9.27
565.9	3.37
566.3	5.01
566.6	7.58
567	53.69
567.3	36.37
567.7	11.56
568	37.54
568.4	-13.25
568.7	1.03
569.1	-4.82
569.4	3.6
569.8	-0.14
570.1	16.47
570.5	15.3
570.8	9.69
571.2	18.35
571.5	2.2
571.9	-15.36
572.2	-9.04
572.6	34.97
572.9	-0.61
573.3	31.92
573.6	24.43
574	5.47
574.4	19.52
574.7	13.2
575.1	45.97
575.4	-2.02
575.8	15.07
576.1	38.01
576.5	-22.38
576.8	30.75
577.2	42.92
577.5	6.88
577.9	81.54
578.2	10.16
578.6	21.39
578.9	19.05
579.3	42.45
579.6	29.58
580	12.03
580.3	5.24
580.7	21.39
581	2.67
581.4	21.39
581.7	27.71
582.1	17.41
582.4	54.86
582.8	15.77
583.1	0.09
583.5	18.58
583.8	2.43
584.2	39.41
584.5	39.18
584.9	27.48
585.2	50.65
585.6	63.29
585.9	37.77
586.3	17.18
586.6	8.52
587	26.77
587.3	38.71
587.7	43.39
588	49.94
588.4	54.16
588.7	29.82
589.1	50.41
589.4	41.05
589.8	59.54
590.1	25.84
590.5	59.31
590.8	23.03
591.2	62.35
591.5	51.58
591.9	27.48
592.2	54.16
592.6	59.31
592.9	55.33
593.3	44.09
593.6	64.46
594	57.2
594.3	74.75
594.7	71.24
595	59.31
595.4	53.92
595.7	74.29
596.1	64.92
596.4	76.16
596.8	115.25
597.1	68.2
597.5	63.52
597.8	62.82
598.2	108.69
598.5	68.43
598.9	83.41
599.2	72.41
599.6	102.61
599.9	109.63
600.3	133.03
600.6	100.97
601	122.03
601.3	112.2
601.7	132.8
602	135.84
602.4	137.48
602.7	160.89
603.1	162.76
603.4	177.27
603.8	143.33
604.1	160.89
604.5	183.59
604.8	181.48
605.1	187.1
605.5	206.99
605.8	242.57
606.2	213.08
606.5	223.61
606.9	224.08
607.2	221.97
607.6	258.25
607.9	252.17
608.3	272.53
608.6	287.98
609	290.32
609.3	300.85
609.7	310.91
610	339.47
610.4	353.98
610.7	320.04
611.1	358.43
611.4	400.32
611.8	388.15
612.1	398.22
612.5	397.28
612.8	423.73
613.1	464.22
613.5	500.73
613.8	492.54
614.2	504.48
614.5	573.05
614.9	537.71
615.2	560.18
615.6	592.95
615.9	665.51
616.3	629.46
616.6	654.74
617	697.57
617.3	750.93
617.7	774.57
618	795.64
618.3	850.88
618.7	888.79
619	880.6
619.4	916.64
619.7	926.94
620.1	988.03
620.4	1036.71
620.8	1076.74
621.1	1105.29
621.5	1131.74
621.8	1166.61
622.2	1253.21
622.5	1271.94
622.8	1296.05
623.2	1316.17
623.5	1379.6
623.9	1448.41
624.2	1482.82
624.6	1525.18
624.9	1595.17
625.3	1670.77
625.6	1690.89
626	1743.79
626.3	1783.35
626.7	1818.22
627	1930.8
627.3	1982.29
627.7	2024.89
628	2101.19
628.4	2151.28
628.7	2223.37
629.1	2234.37
629.4	2303.18
629.8	2365.44
630.1	2431.91
630.5	2442.21
630.8	2455.78
631.1	2551.27
631.5	2518.74
631.8	2524.83
632.2	2582.87
632.5	2538.87
632.9	2526.93
633.2	2506.8
633.6	2486.91
633.9	2448.29
634.2	2365.44
634.6	2296.39
634.9	2272.52
635.3	2223.83
635.6	2117.57
636	1982.99
636.3	1920.97
636.7	1837.18
637	1765.09
637.3	1645.02
637.7	1607.1
638	1486.1
638.4	1392.48
638.7	1334.43
639.1	1236.36
639.4	1165.21
639.8	1099.44
640.1	1013.54
640.4	994.12
640.8	902.84
641.1	823.26
641.5	762.17
641.8	726.59
642.2	682.59
642.5	623.84
642.8	587.8
643.2	557.61
643.5	496.28
643.9	486.22
644.2	445.26
644.6	406.17
644.9	405.94
645.3	393.07
645.6	365.92
645.9	354.21
646.3	315.36
646.6	313.25
647	276.98
647.3	264.34
647.7	234.85
648	229
648.3	216.82
648.7	202.55
649	202.31
649.4	189.67
649.7	158.78
650.1	153.63
650.4	172.12
650.7	159.25
651.1	141.46
651.4	109.16
651.8	108.22
652.1	112.2
652.4	86.46
652.8	89.27
653.1	115.01
653.5	97.46
653.8	112.67
654.2	88.1
654.5	117.35
654.8	71.01
655.2	57.2
655.5	98.86
655.9	88.56
656.2	61.88
656.6	75.46
656.9	84.58
657.2	72.41
657.6	37.54
657.9	60.71
658.3	44.8
658.6	26.07
658.9	49.94
659.3	51.82
659.6	30.05
660	74.29
660.3	46.43
660.7	30.99
661	38.94
661.3	33.09
661.7	26.07
662	38.94
662.4	12.26
662.7	13.9
663	10.39
663.4	11.09
663.7	34.73
664.1	5.01
664.4	22.56
664.7	25.6
665.1	24.9
665.4	-16.99
665.8	26.31
666.1	30.75
666.4	23.5
666.8	22.79
667.1	16.24
667.5	29.58
667.8	-2.02
668.1	22.33
668.5	12.03
668.8	19.75
669.2	13.2
669.5	12.96
669.8	21.39
670.2	2.43
670.5	4.54
670.9	-27.06
671.2	-3.42
671.5	7.11
671.9	-10.91
672.2	13.67
672.6	34.5
672.9	9.92
673.2	22.56
673.6	20.45
673.9	22.33
674.3	-4.59
674.6	27.24
674.9	22.09
675.3	20.22
675.6	17.18
676	1.73
676.3	5.47
676.6	8.52
677	19.05
677.3	-9.27
677.7	5.71
678	-13.95
678.3	-12.55
678.7	26.31
679	13.43
679.4	-4.36
679.7	6.64
680	-2.48
680.4	20.22
680.7	20.92
681	13.9
681.4	-7.16
681.7	-13.95
682.1	15.77
682.4	17.18
682.7	-32.68
683.1	-2.48
683.4	28.18
683.8	20.22
684.1	-17.93
684.4	2.9
684.8	-20.51
685.1	-9.51
685.4	8.99
685.8	7.81
686.1	52.05
686.5	10.16
686.8	-6.23
687.1	8.99
687.5	2.9
687.8	-0.38
688.1	18.82
688.5	-3.65
688.8	3.13
689.2	-6.46
689.5	-1.08
689.8	-16.99
690.2	10.39
690.5	-7.63
690.8	-1.55
691.2	30.05
691.5	-4.59
691.9	7.11
692.2	-14.89
692.5	23.73
692.9	7.81
693.2	-11.14
693.5	-13.48
693.9	-25.19
694.2	-1.55
694.6	12.73
694.9	-16.06
695.2	-3.65
695.6	-5.76
695.9	-36.66
696.2	-10.44
696.6	5.94
696.9	-5.53
697.2	43.62
697.6	28.65
697.9	-3.65
698.3	-14.89
698.6	-24.02
698.9	-0.38
699.3	-18.4
699.6	-20.27
699.9	24.2
700.3	1.5
700.6	-5.29
700.9	-11.14
701.3	12.03
701.6	-31.97
702	-28.7
702.3	41.75
702.6	23.96
703	1.96
703.3	3.6
703.6	9.92
704	16.24
704.3	1.5
704.6	-30.57
705	-9.51
705.3	-23.55
705.6	7.35
706	1.03
706.3	-16.76
706.6	-19.1
707	-2.72
707.3	20.92
707.7	7.11
708	0.56
708.3	-3.42
708.7	-9.27
709	-12.08
709.3	1.73
709.7	-13.25
710	2.2
710.3	-21.91
710.7	15.3
711	-18.17
711.3	-10.68
711.7	7.11
712	-6.46
712.3	-15.82
712.7	-3.42
713	27.24
713.3	0.79
713.7	16.71
714	13.67
714.3	-7.87
714.7	12.5
715	1.26
715.3	-20.04
715.7	-26.83
716	25.37
716.3	-2.02
716.7	-8.1
717	4.3
717.3	12.03
717.7	-1.55
718	-1.08
718.4	9.92
718.7	13.2
719	-20.04
719.4	2.2
719.7	-3.42
720	-6.93
720.4	-6.23
720.7	5.47
721	-10.44
721.3	-13.95
721.7	5.01
722	23.73
722.3	1.03
722.7	-4.36
723	8.05
723.3	-5.53
723.7	-6.93
724	9.22
724.3	9.69
724.7	-8.33
725	6.88
725.3	16.01
725.7	2.43
726	16.01
726.3	-14.42
726.7	5.24
727	20.92
727.3	8.05
727.7	1.26
728	39.41
728.3	-20.51
728.7	-0.14
729	28.65
729.3	8.28
729.7	3.6
730	13.9
730.3	-2.95
730.7	-14.42
731	-7.63
731.3	-23.08
731.7	-7.63
732	10.16
732.3	-7.16
732.6	7.58
733	5.47
733.3	8.52
733.6	10.86
734	0.56
734.3	3.6
734.6	-8.57
735	26.07
735.3	-30.8
735.6	-7.4
736	-4.36
736.3	4.3
736.6	-5.06
737	-0.61
737.3	9.92
737.6	22.79
737.9	-5.53
738.3	11.56
738.6	-24.02
738.9	12.5
739.3	-19.1
739.6	-15.12
739.9	-7.63
740.3	9.45
740.6	-23.08
740.9	14.13
741.2	3.37
741.6	3.13
741.9	-21.44
742.2	-23.55
742.6	-1.55
742.9	0.33
743.2	-0.85
743.6	-25.65
743.9	-26.59
744.2	13.9
744.6	18.35
744.9	4.77
745.2	-31.51
745.5	-4.12
745.9	-15.82
746.2	14.6
746.5	-24.25
746.9	8.05
747.2	-12.78
747.5	-16.99
747.8	-8.57
748.2	16.94
748.5	15.77
748.8	-10.21
749.2	1.73
749.5	12.73
749.8	15.07
750.1	11.09
750.5	-28.23
750.8	-6.46
751.1	-24.95
751.5	-5.06
751.8	-12.08
752.1	-11.61
752.5	-8.57
752.8	2.43
753.1	-31.51
753.4	-13.25
753.8	-25.65
754.1	-31.51
754.4	-12.08
754.7	-3.19
755.1	-26.83
755.4	-15.12
755.7	-0.38
756.1	-1.78
756.4	20.45
756.7	-10.44
757	5.47
757.4	4.07
757.7	-5.06
758	-6.46
758.4	-6.7
758.7	19.99
759	-1.78
759.3	-14.42
759.7	-5.99
760	16.71
760.3	22.56
760.7	-11.38
761	14.6
761.3	5.24
761.6	6.41
762	-10.91
762.3	9.22
762.6	8.05
762.9	-19.34
763.3	-24.72
763.6	7.81
763.9	-1.31
764.2	-20.04
764.6	-9.97
764.9	-9.97
765.2	-11.85
765.6	-9.51
765.9	28.41
766.2	-18.4
766.5	10.16
766.9	-4.82
767.2	-6.46
767.5	1.73
767.8	-22.85
768.2	-29.4
768.5	-14.89
768.8	-11.14
769.1	-27.29
769.5	1.26
769.8	-13.95
770.1	7.35
770.5	-21.21
770.8	2.2
771.1	8.99
771.4	-1.08
771.8	6.18
772.1	11.56
772.4	8.28
772.7	0.33
773.1	-14.89
773.4	26.07
773.7	9.69
774	-30.1
774.4	1.26
774.7	-11.61
775	-2.72
775.3	-25.89
775.7	8.75
776	-33.61
776.3	3.13
776.6	-5.06
777	-22.61
777.3	-7.87
777.6	5.01
777.9	-27.29
778.3	12.26
778.6	17.41
778.9	-13.25
779.2	6.18
779.6	-5.29
779.9	4.07
780.2	17.18
780.5	8.99
780.9	-23.55
781.2	-4.12
781.5	-3.89
781.8	1.26
782.2	-21.91
782.5	-3.65
782.8	-3.65
783.1	-6.46
783.4	-33.14
783.8	-17.46
784.1	14.6
784.4	38.71
784.7	2.67
785.1	0.09
785.4	-1.31
785.7	-23.55
786	20.22
786.4	-19.8
786.7	-15.36
787	7.35
787.3	20.69
787.7	-4.12
788	5.94
788.3	18.58
788.6	-12.08
788.9	16.71
789.3	-5.53
789.6	2.67
789.9	-25.89
790.2	1.03
790.6	15.3
790.9	-3.89
791.2	-4.59
791.5	-11.61
791.9	5.71
792.2	16.01
792.5	0.09
792.8	6.18
793.1	18.82
793.5	-24.72
793.8	-20.74
794.1	4.54
794.4	-17.23
794.8	14.84
795.1	6.64
795.4	-25.89
795.7	-29.63
796	20.45
796.4	13.43
796.7	6.88
797	18.82
797.3	1.03
797.7	22.33
798	-21.68
798.3	-9.51
798.6	-22.85
798.9	-0.61
799.3	3.37
799.6	12.73
799.9	6.41
800.2	4.54
800.5	15.07
800.9	-3.65
801.2	-10.91
801.5	14.84
801.8	-4.59
802.2	-17.93
802.5	-16.29
802.8	17.88
803.1	8.75
803.4	35.67
803.8	19.52
804.1	-26.59
804.4	4.07
804.7	12.5
805	-15.36
805.4	-7.4
805.7	-12.78
806	-1.55
806.3	3.13
806.6	0.33
807	12.26
807.3	7.58
807.6	18.58
807.9	-12.55
808.2	-5.29
808.6	-13.95
808.9	4.07
809.2	5.01
809.5	2.2
809.8	-26.12
810.2	-4.12
810.5	9.92
810.8	-4.36
811.1	3.13
811.4	18.58
811.8	5.47
812.1	-1.08
812.4	-10.44
812.7	5.47
813	-14.42
813.4	18.58
813.7	-13.25
814	-20.51
814.3	-20.27
814.6	-4.36
815	27.01
815.3	-8.33
815.6	-10.91
815.9	-8.33
816.2	-10.21
816.5	10.16
816.9	1.73
817.2	-1.78
817.5	-29.4
817.8	1.26
818.1	20.69
818.5	-6.93
818.8	13.9
819.1	3.13
819.4	22.56
819.7	-5.76
820.1	-1.78
820.4	-10.68
820.7	45.5
821	10.39
821.3	-53.51
821.6	-7.4
822	-25.42
822.3	-29.87
822.6	-13.72
822.9	-9.97
823.2	-12.31
823.5	-17.23
823.9	-27.06
824.2	-14.19
824.5	-17.23
824.8	7.58
825.1	-1.08
825.5	19.52
825.8	-10.44
826.1	10.86
826.4	12.96
826.7	30.99
827	-10.21
827.4	-9.04
827.7	-23.78
828	-5.99
828.3	23.5
828.6	-14.19
828.9	-23.78
829.3	15.77
829.6	-0.85
829.9	-0.61
830.2	2.9
830.5	-38.29
830.8	-31.04
831.2	10.39
831.5	18.35
831.8	7.81
832.1	-18.63
832.4	-13.95
832.7	-29.17
833.1	12.5
833.4	18.82
833.7	9.45
834	-1.55
834.3	-10.21
834.6	13.2
835	6.18
835.3	6.18
835.6	19.99
835.9	0.33
836.2	-10.44
836.5	2.9
836.8	-8.8
837.2	1.5
837.5	11.33
837.8	10.16
838.1	-21.44
838.4	1.5
838.7	-3.19
839.1	10.39
839.4	13.67
839.7	19.28
840	-0.14
840.3	-19.1
840.6	-279.13
840.9	-21.44
841.3	-30.1
841.6	-2.48
841.9	9.45
842.2	14.84
842.5	0.79
842.8	2.67
843.1	-4.36
843.5	-31.27
843.8	11.56
844.1	4.54
844.4	-21.44
844.7	13.67
845	-6.7
845.3	-24.72
845.7	1.26
846	-70.59
846.3	-4.36
846.6	-6.23
846.9	-4.59
847.2	25.37
847.5	-7.87
847.9	-10.91
848.2	1.73
848.5	-19.34
848.8	3.6
849.1	-9.74
849.4	-21.68
849.7	5.01
850	-13.72
850.4	-5.06
850.7	-35.25
851	22.09
851.3	-5.99
851.6	24.43
851.9	0.09
852.2	-42.04
852.5	-6.23
852.9	7.11
853.2	-3.65
853.5	19.28
853.8	16.94
854.1	25.37
854.4	9.22
854.7	-5.06
855.1	3.13
855.4	-13.02
855.7	0.09
856	4.07
856.3	14.6
856.6	-4.36
856.9	-7.87
857.2	17.41
857.5	2.9
857.9	-8.8
858.2	5.01
858.5	-8.1
858.8	6.88
859.1	-4.82
859.4	1.73
859.7	14.6
860	14.6
860.4	11.33
860.7	7.11
861	-1.31
861.3	-15.59
861.6	1.03
861.9	19.75
862.2	5.47
862.5	-23.31
862.8	-11.61
863.2	23.03
863.5	7.11
863.8	21.16
864.1	14.13
864.4	15.3
864.7	12.03
865	4.77
865.3	14.84
865.6	-5.99
866	-5.29
866.3	22.09
866.6	-24.25
866.9	0.33
867.2	-7.16
867.5	13.43
867.8	16.94
868.1	-13.25
868.4	12.5
868.7	-3.89
869.1	9.92
869.4	7.11
869.7	5.47
870	3.84
870.3	-11.38
870.6	4.07
870.9	-15.59
871.2	-35.25
871.5	-2.48
871.8	11.09
872.1	0.56
872.5	6.41
872.8	7.11
873.1	5.01
873.4	-5.53
873.7	-0.85
874	18.35
874.3	-5.06
874.6	19.75
874.9	7.58
875.2	-10.91
875.6	0.09
875.9	-17.46
876.2	-30.57
876.5	14.84
876.8	-17.7
877.1	-6.93
877.4	12.96
877.7	-6.93
878	-10.91
878.3	34.97
878.6	8.99
878.9	-17.93
879.3	-19.1
879.6	-10.44
879.9	-9.04
880.2	-2.95
880.5	-1.08
880.8	-0.85
881.1	-17.23
881.4	-49.29
881.7	-4.12
882	20.92
882.3	-12.55
882.6	1.03
882.9	-38.29
883.3	-33.14
883.6	-15.36
883.9	2.9
884.2	-10.21
884.5	16.47
884.8	20.45
885.1	-13.48
885.4	-3.65
885.7	-13.48
886	-8.57
886.3	-20.27
886.6	-21.44
886.9	-2.02
887.2	-0.61
887.6	0.79
887.9	-1.31
888.2	-17.93
888.5	-12.31
888.8	-4.59
889.1	15.07
889.4	18.35
889.7	8.52
890	-16.76
890.3	14.13
890.6	3.37
890.9	19.28
891.2	4.77
891.5	23.26
891.8	-5.06
892.1	12.26
892.5	-27.53
892.8	31.45
893.1	-4.59
893.4	-12.55
893.7	-11.14
894	5.01
894.3	-2.25
894.6	-8.1
894.9	-5.29
895.2	9.45
895.5	-12.31
895.8	16.47
896.1	25.13
896.4	11.79
896.7	-16.99
897	-20.51
897.3	-13.95
897.6	-31.51
897.9	22.56
898.3	-17.23
898.6	14.13
898.9	-11.38
899.2	30.52
899.5	7.81
899.8	-1.08
900.1	-1.78
900.4	4.54
900.7	-6.93
901	1.96
901.3	9.92
901.6	0.09
901.9	11.33
902.2	-20.04
902.5	18.58
902.8	-1.31
903.1	-3.89
903.4	7.11
903.7	-15.36
904	6.41
904.3	2.2
904.6	-2.02
904.9	-24.72
905.2	11.33
905.6	-23.55
905.9	-35.95
906.2	-12.55
906.5	11.33
906.8	-10.68
907.1	-7.87
907.4	1.96
907.7	2.9
908	1.03
908.3	-31.04
908.6	-6.23
908.9	-18.17
909.2	-4.12
909.5	1.96
909.8	1.5
910.1	7.58
910.4	-17.93
910.7	12.5
911	28.41
911.3	11.79
911.6	-19.8
911.9	5.01
912.2	-24.25
912.5	-6.46
912.8	-21.68
913.1	-26.59
913.4	2.43
913.7	-12.08
914	-2.25
914.3	-11.38
914.6	-30.8
914.9	-8.8
915.2	-21.44
915.5	-11.14
915.8	-37.12
916.1	-20.04
916.4	-18.4
916.7	-13.25
917	-10.91
917.3	15.54
917.6	18.35
917.9	30.52
918.2	-12.78
918.5	7.35
918.8	-30.34
919.1	-20.04
919.5	5.24
919.8	-11.85
920.1	5.47
920.4	-9.74
920.7	-13.95
921	-14.89
921.3	10.86
921.6	-4.82
921.9	1.5
922.2	-1.55
922.5	-5.76
922.8	7.35
923.1	10.86
923.4	-29.4
923.7	-10.68
924	-2.02
924.3	-7.87
924.6	8.75
924.9	9.69
925.2	-4.12
925.5	-6.93
925.8	-21.91
926.1	-7.16
926.4	-18.63
926.7	-17.7
927	-29.4
927.3	7.11
927.6	-2.48
927.9	-2.95
928.2	2.2
928.4	-30.34
928.7	-28.46
929	54.39
929.3	6.18
929.6	13.9
929.9	6.41
930.2	-0.38
930.5	0.33
930.8	1.5
931.1	17.88
931.4	-24.95
931.7	-18.17
932	-31.74
932.3	-19.34
932.6	-4.36
932.9	16.71
933.2	-8.1
933.5	0.33
933.8	2.67
934.1	-8.57
934.4	-6.7
934.7	5.47
935	7.11
935.3	1.03
935.6	-18.63
935.9	-9.51
936.2	5.24
936.5	-10.44
936.8	-11.38
937.1	-7.63
937.4	5.24
937.7	-10.91
938	0.09
938.3	-7.16
938.6	-29.4
938.9	-5.76
939.2	-2.25
939.5	-13.72
939.8	0.79
940.1	-10.21
940.4	-33.85
940.7	-23.31
941	1.5
941.3	10.16
941.6	-0.38
941.9	-7.87
942.2	0.79
942.4	-17.7
942.7	10.39
943	13.43
943.3	-5.29
943.6	21.62
943.9	1.96
944.2	2.9
944.5	20.45
944.8	-6.7
945.1	-9.51
945.4	-5.29
945.7	-4.82
946	-2.02
946.3	20.22
946.6	25.84
946.9	-17.93
947.2	-1.78
947.5	7.81
947.8	4.54
948.1	19.75
948.4	-2.02
948.7	-4.59
949	-26.59
949.2	-10.21
949.5	-14.89
949.8	20.69
950.1	4.54
950.4	4.07
950.7	-1.08
951	-2.48
951.3	-20.97
951.6	-23.78
951.9	-3.19
952.2	-8.1
952.5	-5.29
952.8	-39.46
953.1	-4.12
953.4	12.03
953.7	-2.25
954	11.33
954.3	-27.29
954.6	-2.02
954.8	-14.42
955.1	7.81
955.4	-3.19
955.7	12.26
956	-10.68
956.3	-4.59
956.6	-26.83
956.9	28.41
957.2	-2.72
957.5	-27.53
957.8	-19.34
958.1	-10.91
958.4	-4.82
958.7	-29.87
959	-7.16
959.2	-15.36
959.5	-15.82
959.8	-31.74
960.1	-9.04
960.4	1.5
960.7	-3.19
961	9.92
961.3	-11.85
961.6	22.79
961.9	-2.48
962.2	35.2
962.5	-9.27
962.8	3.13
963.1	25.84
963.3	21.62
963.6	35.2
963.9	-0.61
964.2	-8.33
964.5	13.2
964.8	11.09
965.1	-16.06
965.4	16.24
965.7	-4.36
966	-2.72
966.3	23.73
966.6	17.65
966.9	-9.97
967.1	-2.72
967.4	5.47
967.7	-10.68
968	1.73
968.3	-13.95
968.6	12.03
968.9	2.43
969.2	-19.34
969.5	-7.4
969.8	2.9
970.1	14.84
970.3	-8.8
970.6	-5.29
970.9	17.41
971.2	-18.4
971.5	10.16
971.8	-28.7
972.1	5.71
972.4	17.41
972.7	-15.59
973	-15.36
973.3	-11.85
973.5	-5.06
973.8	0.56
974.1	13.9
974.4	4.77
974.7	9.69
975	-10.44
975.3	-1.08
975.6	-7.63
975.9	1.26
976.2	21.86
976.4	10.39
976.7	5.47
977	-0.61
977.3	-8.57
977.6	-3.89
977.9	-11.61
978.2	3.84
978.5	19.28
978.8	-10.68
979	-20.51
979.3	19.05
979.6	-3.89
979.9	-4.59
980.2	-19.1
980.5	-2.02
980.8	-6.46
981.1	0.56
981.4	8.99
981.6	-220.15
981.9	-7.87
982.2	26.54
982.5	15.77
982.8	-0.61
983.1	-13.02
983.4	12.5
983.7	1.96
984	-5.06
984.2	-47.19
984.5	-13.95
984.8	-20.74
985.1	-5.76
985.4	14.84
985.7	-3.65
986	5.47
986.3	-4.82
986.5	0.33
986.8	7.81
987.1	-12.31
987.4	7.58
987.7	-17.46
988	-55.38
988.3	-7.16
988.6	-5.29
988.8	-17.23
989.1	-23.55
989.4	-12.78
989.7	-0.85
990	19.99
990.3	5.94
990.6	9.69
990.9	-10.68
991.1	10.86
991.4	-6.7
991.7	11.33
992	8.05
992.3	-11.38
992.6	16.71
992.9	-7.4
993.1	8.05
993.4	-5.29
993.7	7.58
994	-14.65
994.3	-0.85
994.6	-2.25
994.9	-8.33
995.1	-17.93
995.4	-23.55
995.7	16.24
996	-20.51
996.3	-9.74
996.6	-26.83
996.9	-20.51
997.1	-4.59
997.4	5.47
997.7	-23.78
998	-18.17
998.3	-4.59
998.6	0.56
998.9	-5.53
999.1	-19.34
999.4	-0.61
999.7	3.37
1000	6.64
1000.3	-11.14
1000.6	-12.55
1000.8	-6.23
1001.1	9.45
1001.4	-9.74
1001.7	-10.21
1002	-13.48
1002.3	16.71
1002.6	-1.31
1002.8	-12.08
1003.1	15.07
1003.4	10.62
1003.7	-31.27
1004	-20.74
1004.3	3.13
1004.5	-28.7
1004.8	-21.21
1005.1	6.41
1005.4	-17.46
1005.7	-11.38
1006	5.24
1006.2	1.03
1006.5	10.62
1006.8	-8.1
1007.1	-16.76
1007.4	3.84
1007.7	7.58
1007.9	-10.68
1008.2	-9.04
1008.5	15.54
1008.8	4.3
1009.1	4.54
1009.4	-11.61
1009.6	-35.95
1009.9	-40.17
1010.2	13.43
1010.5	-1.78
1010.8	-13.02
1011.1	14.37
1011.3	-23.78
1011.6	-23.55
1011.9	-10.68
1012.2	2.9
1012.5	2.43
1012.7	-3.42
1013	-42.27
1013.3	-35.25
1013.6	-4.12
1013.9	-16.76
1014.2	-28.93
1014.4	-15.82
1014.7	-15.12
1015	-13.02
1015.3	-11.14
1015.6	-11.38
1015.8	-1.31
1016.1	11.33
1016.4	-0.85
1016.7	5.24
1017	15.77
1017.2	-20.74
1017.5	-21.21
1017.8	-7.4
1018.1	-13.02
1018.4	4.77
1018.7	5.01
1018.9	-28.46
1019.2	9.92
1019.5	-0.85
1019.8	-10.91
1020.1	-7.4
1020.3	-15.12
1020.6	-13.25
1020.9	-13.25
1021.2	-13.25
