340.2	9.96
340.6	9.96
340.9	9.96
341.3	2.24
341.7	-6.66
342.1	0.83
342.4	-12.51
342.8	3.64
343.2	5.51
343.6	-15.08
343.9	-31.94
344.3	1.3
344.7	11.13
345.1	4.58
345.4	-1.51
345.8	9.26
346.2	-8.76
346.6	8.09
346.9	11.13
347.3	-9.93
347.7	34.07
348	-14.62
348.4	-14.85
348.8	4.81
349.2	-13.21
349.5	-32.87
349.9	-25.15
350.3	-46.68
350.7	-12.74
351	2.7
351.4	-10.17
351.8	-26.79
352.2	12.53
352.5	-11.57
352.9	-21.4
353.3	-2.21
353.6	-13.91
354	17.22
354.4	2.7
354.8	0.36
355.1	13
355.5	-3.15
355.9	5.98
356.3	-5.25
356.6	-27.49
357	-0.81
357.4	24.71
357.8	-7.59
358.1	-3.61
358.5	17.45
358.9	-14.15
359.2	4.81
359.6	7.62
360	-16.25
360.4	-24.21
360.7	5.51
361.1	-19.53
361.5	-8.53
361.9	23.3
362.2	-4.55
362.6	-4.55
363	5.98
363.3	21.9
363.7	-14.85
364.1	-21.87
364.5	-0.57
364.8	2
365.2	15.11
365.6	7.85
366	18.62
366.3	14.64
366.7	-35.45
367.1	-29.36
367.4	-6.66
367.8	-21.87
368.2	-11.57
368.6	-0.34
368.9	-3.61
369.3	-26.08
369.7	-6.19
370	-14.15
370.4	-33.57
370.8	7.39
371.2	8.09
371.5	7.15
371.9	-17.42
372.3	-24.91
372.6	21.9
373	16.05
373.4	28.68
373.8	-11.57
374.1	-18.36
374.5	-5.25
374.9	14.64
375.2	-7.36
375.6	1.53
376	-1.51
376.4	-0.57
376.7	-5.72
377.1	-20.47
377.5	-27.72
377.8	5.51
378.2	8.79
378.6	-1.51
379	-1.51
379.3	-16.49
379.7	3.17
380.1	-16.25
380.4	2.47
380.8	-16.25
381.2	6.68
381.6	-5.72
381.9	-12.27
382.3	22.6
382.7	10.43
383	-18.36
383.4	-6.42
383.8	1.3
384.2	-12.74
384.5	-8.53
384.9	7.62
385.3	12.3
385.6	-29.13
386	-10.64
386.4	-6.42
386.7	15.11
387.1	27.98
387.5	-5.25
387.9	16.28
388.2	-5.25
388.6	-7.59
389	-1.74
389.3	7.62
389.7	-2.44
390.1	-17.19
390.5	-7.83
390.8	-7.83
391.2	5.05
391.6	-13.91
391.9	-31.7
392.3	-10.64
392.7	12.53
393	-20.23
393.4	-16.49
393.8	-11.81
394.2	-8.53
394.5	-15.32
394.9	23.54
395.3	3.41
395.6	9.96
396	-9
396.4	-6.42
396.7	-19.53
397.1	-14.38
397.5	-1.98
397.8	4.34
398.2	-5.72
398.6	10.43
399	-18.59
399.3	7.15
399.7	-30.77
400.1	-23.51
400.4	-21.64
400.8	4.58
401.2	11.13
401.5	-8.76
401.9	-5.96
402.3	-9.7
402.7	-3.85
403	-0.34
403.4	3.64
403.8	-0.1
404.1	-27.49
404.5	34.77
404.9	-21.4
405.2	-30.77
405.6	-31.7
406	-16.72
406.3	1.53
406.7	28.22
407.1	-7.83
407.4	-7.13
407.8	-8.06
408.2	1.53
408.6	-13.21
408.9	-8.3
409.3	20.96
409.7	-8.06
410	-25.85
410.4	-4.32
410.8	3.41
411.1	-18.59
411.5	-6.42
411.9	122.07
412.2	15.11
412.6	7.15
413	-10.4
413.3	9.73
413.7	-26.32
414.1	4.58
414.4	-35.68
414.8	-8.3
415.2	5.98
415.5	-11.57
415.9	12.3
416.3	-9.7
416.7	-41.06
417	1.53
417.4	-33.57
417.8	17.45
418.1	-6.89
418.5	-37.55
418.9	6.68
419.2	28.22
419.6	14.17
420	-2.91
420.3	6.92
420.7	18.15
421.1	1.53
421.4	-8.06
421.8	-9.23
422.2	4.58
422.5	-4.08
422.9	-7.83
423.3	-13.21
423.6	12.77
424	126.52
424.4	76.9
424.7	-9.47
425.1	4.11
425.5	-27.25
425.8	24.71
426.2	-15.79
426.6	-33.57
426.9	-13.45
427.3	-1.51
427.7	9.96
428	-25.38
428.4	-14.85
428.8	-11.34
429.1	-15.08
429.5	12.77
429.9	2.24
430.2	-24.21
430.6	3.64
431	-24.91
431.3	21.66
431.7	1.3
432.1	-14.85
432.4	10.43
432.8	13.94
433.2	13.94
433.5	27.05
433.9	8.79
434.3	10.66
434.6	-0.1
435	-5.72
435.4	-11.34
435.7	25.41
436.1	23.54
436.5	9.49
436.8	-4.32
437.2	16.51
437.6	-28.89
437.9	-18.36
438.3	9.26
438.7	14.41
439	17.22
439.4	5.28
439.8	-9.23
440.1	1.53
440.5	7.39
440.9	-8.06
441.2	6.22
441.6	-7.83
442	21.19
442.3	-17.89
442.7	11.13
443.1	9.26
443.4	-12.98
443.8	-12.51
444.1	1.07
444.5	19.79
444.9	-16.72
445.2	-10.17
445.6	10.43
446	-15.32
446.3	-19.53
446.7	-12.27
447.1	6.68
447.4	0.83
447.8	-8.3
448.2	5.51
448.5	9.96
448.9	-20.23
449.3	13.71
449.6	2.7
450	-0.57
450.4	-12.04
450.7	3.41
451.1	-17.89
451.4	17.68
451.8	9.96
452.2	-10.64
452.5	-2.21
452.9	-8.06
453.3	5.51
453.6	-2.91
454	7.15
454.4	-10.64
454.7	-22.11
455.1	-22.34
455.5	13.24
455.8	-20.93
456.2	-3.38
456.5	-40.6
456.9	24.94
457.3	-25.38
457.6	2
458	-6.42
458.4	-7.83
458.7	-16.72
459.1	-8.53
459.5	-3.85
459.8	-6.66
460.2	1.3
460.5	-2.91
460.9	-8.76
461.3	13.24
461.6	-0.81
462	-11.81
462.4	11.36
462.7	9.02
463.1	7.85
463.5	-26.32
463.8	-17.66
464.2	24.71
464.5	3.17
464.9	-11.81
465.3	-5.49
465.6	8.09
466	-6.42
466.4	-21.4
466.7	-12.74
467.1	-6.89
467.5	2.24
467.8	-15.32
468.2	-13.45
468.5	-9.47
468.9	5.28
469.3	9.02
469.6	6.45
470	-19.06
470.4	20.02
470.7	-10.17
471.1	-14.85
471.4	-7.36
471.8	-2.68
472.2	6.92
472.5	23.77
472.9	-11.81
473.3	2.7
473.6	-9.7
474	19.79
474.3	15.11
474.7	-17.42
475.1	7.15
475.4	-13.91
475.8	-29.83
476.2	-23.28
476.5	-1.98
476.9	10.19
477.2	8.09
477.6	-17.89
478	7.85
478.3	22.13
478.7	-5.72
479.1	-29.13
479.4	-20.47
479.8	17.92
480.1	-8.06
480.5	-9.93
480.9	-2.21
481.2	-39.66
481.6	-27.02
481.9	-11.81
482.3	-29.83
482.7	105.69
483	-4.55
483.4	1.77
483.8	10.9
484.1	2.47
484.5	-34.74
484.8	13
485.2	8.32
485.6	-2.44
485.9	23.07
486.3	5.75
486.6	-12.74
487	-1.74
487.4	-1.74
487.7	-18.13
488.1	2.94
488.5	20.02
488.8	23.77
489.2	21.9
489.5	-5.02
489.9	23.07
490.3	-7.13
490.6	-23.98
491	8.56
491.3	7.39
491.7	-19.06
492.1	-5.02
492.4	2.24
492.8	12.53
493.1	-20.47
493.5	2
493.9	-10.4
494.2	15.34
494.6	2
494.9	-22.34
495.3	-27.25
495.7	-32.4
496	-4.08
496.4	-0.57
496.7	-5.72
497.1	-1.04
497.5	-5.96
497.8	-2.44
498.2	-8.3
498.5	-25.62
498.9	15.34
499.3	-15.32
499.6	-9.7
500	-2.68
500.3	23.07
500.7	-8.53
501.1	22.13
501.4	-18.83
501.8	23.07
502.1	-15.79
502.5	-3.85
502.9	-11.34
503.2	-4.79
503.6	2
503.9	-23.28
504.3	-5.49
504.7	5.51
505	-14.62
505.4	4.81
505.7	7.39
506.1	9.26
506.5	-33.81
506.8	-8.76
507.2	7.85
507.5	8.32
507.9	-5.96
508.2	-4.08
508.6	-17.66
509	6.92
509.3	20.49
509.7	-32.64
510	-23.98
510.4	12.77
510.8	-29.36
511.1	17.45
511.5	12.53
511.8	-2.91
512.2	6.45
512.6	-11.34
512.9	2
513.3	-5.02
513.6	2.7
514	-24.68
514.3	-6.42
514.7	1.07
515.1	-29.36
515.4	6.92
515.8	-33.57
516.1	-30.3
516.5	7.85
516.9	-3.85
517.2	3.64
517.6	-2.68
517.9	-4.32
518.3	-8.3
518.6	-15.79
519	-23.51
519.4	-12.04
519.7	-17.19
520.1	-15.55
520.4	-27.49
520.8	-1.04
521.1	-20.47
521.5	19.32
521.9	-15.55
522.2	-16.25
522.6	11.13
522.9	-16.02
523.3	6.92
523.6	-32.64
524	-38.25
524.4	-23.51
524.7	5.51
525.1	8.56
525.4	-0.57
525.8	-11.34
526.2	-19.53
526.5	-6.89
526.9	-12.27
527.2	16.28
527.6	20.02
527.9	-16.72
528.3	-24.68
528.6	-1.04
529	-5.96
529.4	-11.34
529.7	-1.27
530.1	-17.66
530.4	-1.74
530.8	21.66
531.1	-4.79
531.5	7.85
531.9	-29.83
532.2	9.96
532.6	-11.34
532.9	-6.89
533.3	6.45
533.6	-14.38
534	-9.47
534.4	207.97
534.7	-3.15
535.1	10.43
535.4	-8.76
535.8	5.75
536.1	10.19
536.5	-14.85
536.8	17.45
537.2	-12.74
537.6	-24.68
537.9	-54.4
538.3	0.36
538.6	-20.23
539	-5.72
539.3	8.32
539.7	-13.91
540	-23.04
540.4	-9
540.8	-1.27
541.1	131.43
541.5	13
541.8	0.13
542.2	-30.3
542.5	-11.57
542.9	-2.44
543.2	16.98
543.6	-34.04
544	-3.15
544.3	-2.21
544.7	8.32
545	-8.3
545.4	6.92
545.7	10.19
546.1	-31.47
546.4	-1.04
546.8	5.98
547.2	-9.23
547.5	0.36
547.9	9.26
548.2	-6.19
548.6	-10.4
548.9	9.02
549.3	22.6
549.6	-15.32
550	30.09
550.3	-0.1
550.7	-15.08
551.1	-13.21
551.4	11.13
551.8	1.53
552.1	10.43
552.5	25.88
552.8	7.85
553.2	-31.23
553.5	-17.66
553.9	2.94
554.2	-16.25
554.6	-14.15
554.9	17.68
555.3	17.92
555.7	-0.1
556	18.15
556.4	-0.34
556.7	15.34
557.1	16.28
557.4	21.19
557.8	14.41
558.1	5.28
558.5	7.62
558.8	8.79
559.2	-3.85
559.5	9.02
559.9	7.85
560.3	12.3
560.6	-19.53
561	0.36
561.3	2.94
561.7	-11.34
562	-8.76
562.4	10.19
562.7	24.24
563.1	-0.57
563.4	-3.38
563.8	12.3
564.1	40.62
564.5	-10.87
564.8	13.47
565.2	1.07
565.5	10.19
565.9	9.02
566.3	-15.32
566.6	18.62
567	20.49
567.3	32.9
567.7	5.51
568	39.22
568.4	4.81
568.7	1.3
569.1	-2.68
569.4	35
569.8	-5.02
570.1	8.09
570.5	16.75
570.8	15.34
571.2	9.49
571.5	-2.21
571.9	-14.62
572.2	-7.13
572.6	15.58
572.9	7.62
573.3	13.71
573.6	16.98
574	9.96
574.4	4.58
574.7	16.28
575.1	37.81
575.4	11.83
575.8	9.02
576.1	28.92
576.5	-5.02
576.8	9.26
577.2	50.45
577.5	9.02
577.9	85.33
578.2	21.66
578.6	22.6
578.9	21.43
579.3	41.09
579.6	23.54
580	28.92
580.3	23.54
580.7	14.41
581	-4.32
581.4	-2.21
581.7	-5.49
582.1	16.05
582.4	53.96
582.8	29.39
583.1	35.47
583.5	35
583.8	7.39
584.2	38.98
584.5	31.73
584.9	60.05
585.2	38.75
585.6	31.49
585.9	21.43
586.3	15.34
586.6	-16.72
587	31.49
587.3	20.02
587.7	32.43
588	43.43
588.4	50.45
588.7	47.41
589.1	55.6
589.4	38.75
589.8	55.6
590.1	36.64
590.5	49.28
590.8	25.41
591.2	41.79
591.5	41.56
591.9	33.37
592.2	67.07
592.6	51.62
592.9	68.94
593.3	52.09
593.6	55.6
594	61.45
594.3	68.71
594.7	55.83
595	65.43
595.4	83.69
595.7	67.07
596.1	58.64
596.4	101.94
596.8	93.28
597.1	69.88
597.5	81.11
597.8	101.24
598.2	108.03
598.5	91.88
598.9	73.62
599.2	81.35
599.6	115.75
599.9	140.33
600.3	138.46
600.6	128.39
601	127.92
601.3	121.14
601.7	118.33
602	123.01
602.4	144.31
602.7	137.29
603.1	163.73
603.4	172.86
603.8	131.2
604.1	158.58
604.5	170.52
604.8	188.54
605.1	185.03
605.5	210.31
605.8	205.4
606.2	210.08
606.5	216.16
606.9	253.14
607.2	213.12
607.6	268.82
607.9	263.91
608.3	286.61
608.6	282.4
609	296.68
609.3	290.12
609.7	276.78
610	349.81
610.4	330.15
610.7	365.96
611.1	343.25
611.4	389.36
611.8	382.11
612.1	413.94
612.5	408.55
612.8	425.17
613.1	440.15
613.5	476.43
613.8	459.11
614.2	494.92
614.5	565.6
614.9	567.01
615.2	597.67
615.6	592.29
615.9	654.08
616.3	651.03
616.6	667.65
617	735.99
617.3	733.19
617.7	762.68
618	803.17
618.3	835.23
618.7	846.94
619	887.19
619.4	922.07
619.7	967.71
620.1	975.67
620.4	1032.31
620.8	1065.78
621.1	1084.5
621.5	1084.73
621.8	1166.65
622.2	1210.89
622.5	1237.1
622.8	1292.57
623.2	1333.3
623.5	1351.79
623.9	1434.88
624.2	1476.07
624.6	1518.2
624.9	1588.18
625.3	1691.87
625.6	1671.27
626	1713.64
626.3	1773.79
626.7	1834.64
627	1944.88
627.3	1990.05
627.7	2042.95
628	2072.44
628.4	2158.34
628.7	2218.02
629.1	2234.87
629.4	2322.64
629.8	2360.33
630.1	2407.14
630.5	2438.27
630.8	2476.42
631.1	2515.27
631.5	2518.78
631.8	2539.61
632.2	2536.57
632.5	2538.68
632.9	2524.87
633.2	2515.5
633.6	2471.97
633.9	2443.88
634.2	2349.09
634.6	2355.18
634.9	2234.87
635.3	2172.85
635.6	2109.19
636	1975.78
636.3	1933.18
636.7	1845.88
637	1762.09
637.3	1696.08
637.7	1580.23
638	1481.22
638.4	1446.11
638.7	1333.3
639.1	1224.7
639.4	1194.04
639.8	1105.57
640.1	1062.5
640.4	989.47
640.8	879.47
641.1	856.3
641.5	778.12
641.8	728.04
642.2	683.33
642.5	618.27
642.8	608.44
643.2	568.65
643.5	520.43
643.9	490.24
644.2	453.49
644.6	403.4
644.9	390.77
645.3	392.17
645.6	403.4
645.9	359.17
646.3	307.21
646.6	303.23
647	273.97
647.3	263.21
647.7	249.16
648	218.03
648.3	195.8
648.7	208.67
649	196.27
649.4	187.37
649.7	167.48
650.1	166.31
650.4	154.84
650.7	154.37
651.1	140.56
651.4	109.9
651.8	129.8
652.1	115.05
652.4	73.62
652.8	94.45
653.1	121.14
653.5	74.56
653.8	96.56
654.2	103.58
654.5	114.58
654.8	82.98
655.2	80.41
655.5	85.56
655.9	61.92
656.2	54.43
656.6	72.22
656.9	75.5
657.2	62.62
657.6	41.79
657.9	47.41
658.3	48.58
658.6	37.11
658.9	56.54
659.3	61.45
659.6	44.13
660	60.75
660.3	36.88
660.7	30.09
661	17.45
661.3	34.07
661.7	30.09
662	59.81
662.4	4.58
662.7	-4.79
663	12.3
663.4	37.34
663.7	31.73
664.1	7.15
664.4	3.41
664.7	-4.55
665.1	25.88
665.4	20.73
665.8	43.9
666.1	38.05
666.4	15.58
666.8	7.39
667.1	15.34
667.5	41.09
667.8	13.24
668.1	35.94
668.5	2.94
668.8	-7.36
669.2	-15.08
669.5	13.94
669.8	-13.45
670.2	13
670.5	-14.85
670.9	-11.81
671.2	7.39
671.5	7.85
671.9	-2.44
672.2	20.49
672.6	31.73
672.9	-15.55
673.2	13.47
673.6	6.92
673.9	19.79
674.3	-0.34
674.6	6.45
674.9	-1.74
675.3	20.73
675.6	23.07
676	14.64
676.3	20.26
676.6	-12.27
677	11.6
677.3	-5.25
677.7	8.56
678	-23.98
678.3	3.64
678.7	-2.68
679	12.77
679.4	-6.19
679.7	6.45
680	13.24
680.4	12.07
680.7	3.41
681	7.15
681.4	5.05
681.7	-8.3
682.1	14.41
682.4	-2.44
682.7	-17.89
683.1	-16.72
683.4	22.83
683.8	25.17
684.1	21.66
684.4	7.62
684.8	7.62
685.1	11.36
685.4	7.15
685.8	26.34
686.1	44.13
686.5	13
686.8	4.81
687.1	17.22
687.5	-3.38
687.8	14.64
688.1	19.09
688.5	7.15
688.8	6.92
689.2	10.19
689.5	-6.89
689.8	-18.13
690.2	27.05
690.5	13.94
690.8	-2.44
691.2	17.68
691.5	14.88
691.9	6.68
692.2	-7.59
692.5	-10.87
692.9	-2.68
693.2	-24.68
693.5	-37.79
693.9	2
694.2	7.85
694.6	-2.68
694.9	-23.98
695.2	-24.68
695.6	10.9
695.9	-29.36
696.2	-0.57
696.6	23.07
696.9	0.83
697.2	-3.85
697.6	28.45
697.9	-11.57
698.3	-9.93
698.6	-22.81
698.9	-8.06
699.3	3.41
699.6	-5.49
699.9	-9.93
700.3	4.11
700.6	-5.72
700.9	-20.23
701.3	-1.74
701.6	-17.89
702	-19.3
702.3	31.03
702.6	27.28
703	-1.27
703.3	0.6
703.6	-9
704	-2.21
704.3	2.94
704.6	-19.53
705	-18.59
705.3	-10.64
705.6	4.11
706	5.51
706.3	-18.59
706.6	-13.91
707	-3.85
707.3	-10.4
707.7	-20.7
708	-2.91
708.3	-24.68
708.7	-7.83
709	18.85
709.3	7.39
709.7	-17.42
710	-19.06
710.3	-28.19
710.7	-14.15
711	0.6
711.3	-19.06
711.7	15.11
712	7.62
712.3	-18.36
712.7	2.7
713	9.96
713.3	-1.51
713.7	10.66
714	12.77
714.3	26.81
714.7	2.94
715	-11.1
715.3	-7.13
715.7	-12.27
716	11.83
716.3	-20.23
716.7	-23.28
717	-8.3
717.3	-0.1
717.7	-32.87
718	-15.79
718.4	4.81
718.7	6.92
719	-8.76
719.4	-4.55
719.7	14.41
720	-17.66
720.4	-11.81
720.7	2.7
721	-3.85
721.3	-10.87
721.7	18.85
722	1.3
722.3	-0.1
722.7	-5.96
723	3.41
723.3	-21.64
723.7	-6.66
724	9.26
724.3	4.81
724.7	2.94
725	3.87
725.3	26.81
725.7	10.9
726	2.7
726.3	16.28
726.7	6.45
727	33.13
727.3	-10.17
727.7	-16.25
728	35.47
728.3	-3.15
728.7	37.58
729	18.39
729.3	2
729.7	4.58
730	17.92
730.3	-13.91
730.7	-14.38
731	-15.32
731.3	1.07
731.7	-15.08
732	-0.1
732.3	-4.08
732.6	-5.96
733	-0.81
733.3	-9.23
733.6	6.22
734	-5.72
734.3	-14.15
734.6	-15.55
735	2
735.3	-9
735.6	-6.89
736	15.58
736.3	-1.98
736.6	15.81
737	-4.08
737.3	8.56
737.6	24.94
737.9	-1.98
738.3	22.13
738.6	-42.47
738.9	10.43
739.3	-16.25
739.6	-17.89
739.9	-9.7
740.3	9.26
740.6	-10.64
740.9	7.39
741.2	-24.45
741.6	-20
741.9	-3.38
742.2	-23.04
742.6	2.94
742.9	2.7
743.2	-24.21
743.6	-22.34
743.9	-4.55
744.2	20.02
744.6	9.26
744.9	-1.51
745.2	-33.11
745.5	-4.79
745.9	-9.47
746.2	5.98
746.5	-0.1
746.9	1.53
747.2	-13.45
747.5	-8.06
747.8	17.68
748.2	-12.04
748.5	-5.25
748.8	-6.19
749.2	-3.85
749.5	17.45
749.8	17.68
750.1	25.41
750.5	-5.96
750.8	-8.76
751.1	-5.72
751.5	-10.17
751.8	-13.68
752.1	4.11
752.5	-10.64
752.8	-11.81
753.1	-3.38
753.4	13.24
753.8	-18.59
754.1	-27.02
754.4	-5.96
754.7	-15.32
755.1	-8.06
755.4	-14.38
755.7	-27.25
756.1	-7.59
756.4	25.64
756.7	-16.72
757	-0.81
757.4	-21.4
757.7	-30.06
758	-24.68
758.4	-19.76
758.7	7.62
759	8.56
759.3	-15.08
759.7	9.26
760	30.09
760.3	10.19
760.7	15.11
761	4.11
761.3	21.19
761.6	16.28
762	-15.32
762.3	-13.21
762.6	12.53
762.9	-7.13
763.3	-56.51
763.6	11.6
763.9	-32.4
764.2	-7.59
764.6	-16.49
764.9	-14.15
765.2	-18.59
765.6	-2.91
765.9	22.83
766.2	-27.96
766.5	0.83
766.9	-14.38
767.2	-5.72
767.5	8.32
767.8	-29.36
768.2	-27.96
768.5	-19.53
768.8	3.17
769.1	1.3
769.5	-14.15
769.8	-17.42
770.1	-18.83
770.5	-2.68
770.8	-14.62
771.1	24.47
771.4	12.3
771.8	20.02
772.1	-9.47
772.4	2.24
772.7	-29.36
773.1	-7.13
773.4	19.32
773.7	3.87
774	-33.81
774.4	-11.34
774.7	13.94
775	-12.98
775.3	-27.96
775.7	-7.36
776	-23.98
776.3	-1.27
776.6	31.49
777	-8.06
777.3	6.22
777.6	2.47
777.9	-18.36
778.3	-3.85
778.6	23.77
778.9	-18.36
779.2	-6.42
779.6	4.81
779.9	-9.7
780.2	16.05
780.5	-13.45
780.9	8.32
781.2	-18.13
781.5	-7.36
781.8	-22.57
782.2	-21.17
782.5	-21.17
782.8	10.19
783.1	1.3
783.4	-11.81
783.8	0.36
784.1	14.41
784.4	-2.68
784.7	-33.11
785.1	25.17
785.4	1.3
785.7	-24.68
786	-3.61
786.4	-36.15
786.7	-19.53
787	-5.72
787.3	-4.08
787.7	-7.59
788	0.83
788.3	31.49
788.6	1.07
788.9	18.85
789.3	-11.1
789.6	-9
789.9	0.13
790.2	11.13
790.6	9.26
790.9	-29.13
791.2	-21.64
791.5	-9
791.9	-3.38
792.2	14.17
792.5	22.13
792.8	-3.61
793.1	1.07
793.5	-26.08
793.8	-23.04
794.1	19.32
794.4	0.83
794.8	12.3
795.1	17.45
795.4	-20.23
795.7	-45.98
796	18.85
796.4	-10.64
796.7	11.6
797	26.81
797.3	9.96
797.7	13
798	-15.79
798.3	-28.89
798.6	-21.87
798.9	3.17
799.3	16.05
799.6	11.36
799.9	-16.02
800.2	10.43
800.5	-4.32
800.9	-9
801.2	-6.19
801.5	-8.76
801.8	7.62
802.2	-1.98
802.5	-1.74
802.8	4.58
803.1	21.19
803.4	14.17
803.8	-2.21
804.1	-22.81
804.4	-7.13
804.7	-12.04
805	-22.11
805.4	3.64
805.7	-9.23
806	2
806.3	36.88
806.6	14.64
807	-0.1
807.3	2.7
807.6	1.3
807.9	-0.81
808.2	-4.08
808.6	-3.38
808.9	2
809.2	-10.87
809.5	-24.21
809.8	-8.3
810.2	21.9
810.5	-4.55
810.8	0.6
811.1	-10.64
811.4	3.17
811.8	-5.02
812.1	-3.61
812.4	-30.06
812.7	-10.64
813	-9.93
813.4	-0.81
813.7	-14.15
814	-11.57
814.3	-11.34
814.6	3.64
815	-7.83
815.3	3.41
815.6	-19.53
815.9	-21.64
816.2	-14.85
816.5	10.19
816.9	-0.34
817.2	13.24
817.5	2.7
817.8	-7.83
818.1	-23.28
818.5	-11.1
818.8	13.24
819.1	-3.85
819.4	-14.85
819.7	-1.04
820.1	-9
820.4	-23.98
820.7	8.32
821	11.83
821.3	-14.38
821.6	-2.44
822	-23.04
822.3	-2.68
822.6	-0.34
822.9	-6.19
823.2	-28.66
823.5	-4.79
823.9	-3.61
824.2	-9.23
824.5	-8.06
824.8	-4.32
825.1	-0.1
825.5	-1.98
825.8	-5.25
826.1	5.28
826.4	8.09
826.7	28.22
827	-1.27
827.4	0.83
827.7	-2.44
828	-20.7
828.3	19.32
828.6	2.47
828.9	-4.79
829.3	-10.64
829.6	-9.23
829.9	-18.13
830.2	-26.08
830.5	-8.76
830.8	-15.32
831.2	-12.04
831.5	5.51
831.8	2.24
832.1	-20.47
832.4	-15.55
832.7	-18.13
833.1	-3.38
833.4	29.15
833.7	-24.68
834	6.68
834.3	-1.27
834.6	-9.7
835	5.05
835.3	-1.51
835.6	1.53
835.9	7.62
836.2	-1.04
836.5	-1.98
836.8	-15.79
837.2	-1.51
837.5	-11.1
837.8	-0.1
838.1	-12.27
838.4	5.75
838.7	11.6
839.1	2.7
839.4	13.94
839.7	21.19
840	-3.61
840.3	2.47
840.6	-279.1
840.9	-15.55
841.3	-35.91
841.6	-9
841.9	-5.96
842.2	18.85
842.5	-15.32
842.8	-9.7
843.1	2.24
843.5	-16.72
843.8	-14.85
844.1	-30.77
844.4	-13.91
844.7	13
845	-22.81
845.3	-15.79
845.7	5.98
846	-18.83
846.3	-14.62
846.6	-10.87
846.9	2.47
847.2	20.26
847.5	-6.42
847.9	4.11
848.2	15.34
848.5	-22.34
848.8	-6.19
849.1	-3.61
849.4	-3.38
849.7	-12.04
850	-7.36
850.4	2.94
850.7	-16.02
851	27.51
851.3	-2.44
851.6	6.68
851.9	-24.21
852.2	-15.79
852.5	14.17
852.9	21.19
853.2	2.24
853.5	-16.96
853.8	25.88
854.1	20.02
854.4	9.96
854.7	-5.96
855.1	-5.49
855.4	3.41
855.7	-9
856	-1.51
856.3	2.24
856.6	-3.38
856.9	-12.98
857.2	8.32
857.5	8.56
857.9	-8.3
858.2	-13.21
858.5	4.34
858.8	-26.79
859.1	-25.38
859.4	-8.53
859.7	-0.57
860	11.36
860.4	3.87
860.7	16.28
861	-10.4
861.3	5.75
861.6	5.05
861.9	-20
862.2	2.47
862.5	-22.57
862.8	0.13
863.2	-6.89
863.5	22.13
863.8	3.64
864.1	-8.06
864.4	13.47
864.7	8.32
865	-15.08
865.3	0.36
865.6	-2.91
866	-2.21
866.3	24.24
866.6	-7.59
866.9	1.77
867.2	-1.04
867.5	-4.08
867.8	6.68
868.1	-1.27
868.4	4.11
868.7	-9.23
869.1	31.26
869.4	9.49
869.7	-2.68
870	-14.62
870.3	-5.96
870.6	-9.47
870.9	-26.55
871.2	-8.06
871.5	25.17
871.8	-4.08
872.1	-13.91
872.5	5.28
872.8	-12.74
873.1	11.13
873.4	-0.34
873.7	1.3
874	29.62
874.3	-5.49
874.6	25.41
874.9	8.09
875.2	-4.55
875.6	-30.06
875.9	-15.32
876.2	-1.27
876.5	13.94
876.8	5.28
877.1	-4.79
877.4	0.36
877.7	8.32
878	6.92
878.3	3.64
878.6	-12.04
878.9	44.13
879.3	-30.3
879.6	-12.98
879.9	11.6
880.2	-5.96
880.5	-30.3
880.8	-18.13
881.1	-4.32
881.4	-24.68
881.7	-13.45
882	7.15
882.3	4.81
882.6	0.6
882.9	-18.36
883.3	-12.04
883.6	-5.96
883.9	-26.08
884.2	-20.23
884.5	11.83
884.8	17.92
885.1	-0.57
885.4	5.98
885.7	6.92
886	-0.34
886.3	-45.98
886.6	-12.04
886.9	3.41
887.2	-5.25
887.6	-15.08
887.9	24.71
888.2	-9.93
888.5	-18.36
888.8	12.3
889.1	-9.47
889.4	19.32
889.7	-15.08
890	-16.25
890.3	0.83
890.6	18.15
890.9	-17.89
891.2	-11.1
891.5	2.24
891.8	8.09
892.1	12.07
892.5	-5.02
892.8	31.96
893.1	-19.3
893.4	-19.3
893.7	13.94
894	-5.96
894.3	13.47
894.6	-27.72
894.9	-5.72
895.2	-20
895.5	-16.49
895.8	6.22
896.1	17.45
896.4	-4.55
896.7	-27.96
897	-33.11
897.3	-11.81
897.6	5.51
897.9	46.47
898.3	2.47
898.6	-2.91
898.9	-19.06
899.2	18.15
899.5	22.6
899.8	27.75
900.1	-3.15
900.4	14.64
900.7	7.85
901	12.77
901.3	8.79
901.6	-18.36
901.9	18.85
902.2	-5.72
902.5	24.47
902.8	9.73
903.1	4.81
903.4	-10.64
903.7	1.77
904	0.83
904.3	1.53
904.6	-26.55
904.9	-12.51
905.2	9.02
905.6	-30.3
905.9	-19.06
906.2	-5.96
906.5	23.07
906.8	-16.72
907.1	-16.25
907.4	-2.21
907.7	0.36
908	4.34
908.3	-8.06
908.6	14.17
908.9	-15.08
909.2	4.11
909.5	23.77
909.8	-24.21
910.1	-3.15
910.4	-22.57
910.7	13.71
911	-18.83
911.3	-12.04
911.6	-16.96
911.9	-17.89
912.2	-22.11
912.5	8.79
912.8	-13.68
913.1	-19.76
913.4	-13.21
913.7	-30.53
914	18.62
914.3	2.7
914.6	-21.17
914.9	-6.42
915.2	3.87
915.5	4.58
915.8	-3.38
916.1	1.3
916.4	-5.72
916.7	-2.68
917	2.7
917.3	10.43
917.6	4.11
917.9	9.96
918.2	-43.17
918.5	-0.34
918.8	3.41
919.1	-24.68
919.5	-12.27
919.8	0.13
920.1	-10.64
920.4	-23.04
920.7	-6.19
921	10.66
921.3	-6.66
921.6	-1.51
921.9	12.77
922.2	35
922.5	-14.62
922.8	-12.04
923.1	-8.76
923.4	-19.3
923.7	-13.21
924	4.34
924.3	-12.04
924.6	0.13
924.9	-0.81
925.2	4.34
925.5	5.75
925.8	-16.72
926.1	-12.98
926.4	-6.89
926.7	0.36
927	-35.91
927.3	14.41
927.6	-6.19
927.9	-24.68
928.2	0.13
928.4	-24.68
928.7	-20.93
929	7.15
929.3	23.3
929.6	38.28
929.9	28.45
930.2	-0.34
930.5	-4.79
930.8	8.32
931.1	-17.42
931.4	-34.04
931.7	-26.55
932	-11.57
932.3	0.83
932.6	-2.44
932.9	22.6
933.2	-13.21
933.5	5.51
933.8	-2.44
934.1	-2.91
934.4	-33.81
934.7	-10.17
935	12.77
935.3	-7.59
935.6	-18.83
935.9	2.7
936.2	9.96
936.5	7.62
936.8	0.36
937.1	16.28
937.4	2
937.7	-9.7
938	-3.38
938.3	8.32
938.6	-16.02
938.9	-16.02
939.2	-2.91
939.5	10.43
939.8	5.28
940.1	-0.81
940.4	-43.17
940.7	-22.57
941	-3.61
941.3	3.17
941.6	9.02
941.9	-0.34
942.2	0.36
942.4	-12.27
942.7	15.34
943	2
943.3	27.05
943.6	-0.57
943.9	-6.42
944.2	-16.02
944.5	20.26
944.8	-9.7
945.1	-9.93
945.4	-16.96
945.7	-24.21
946	8.32
946.3	-5.96
946.6	-2.44
946.9	4.58
947.2	-0.57
947.5	5.98
947.8	-7.36
948.1	-6.89
948.4	-19.3
948.7	-35.68
949	-25.62
949.2	-0.1
949.5	8.09
949.8	11.6
950.1	9.26
950.4	10.19
950.7	-35.21
951	-2.21
951.3	-9.23
951.6	-20.7
951.9	-17.89
952.2	-9.93
952.5	6.45
952.8	-15.79
953.1	-3.61
953.4	17.68
953.7	-23.28
954	22.13
954.3	-19.76
954.6	-1.04
954.8	-40.6
955.1	3.17
955.4	-14.15
955.7	19.32
956	-10.17
956.3	2
956.6	-28.19
956.9	30.56
957.2	-25.85
957.5	-2.21
957.8	-8.76
958.1	-23.51
958.4	3.64
958.7	-25.62
959	6.22
959.2	-10.87
959.5	9.02
959.8	-28.42
960.1	-15.08
960.4	-1.74
960.7	6.45
961	-7.36
961.3	-19.3
961.6	8.32
961.9	-4.55
962.2	29.39
962.5	-12.27
962.8	-3.85
963.1	2.94
963.3	20.49
963.6	35.94
963.9	23.07
964.2	-12.98
964.5	-20.23
964.8	-16.96
965.1	20.73
965.4	23.3
965.7	-31.94
966	18.15
966.3	-5.25
966.6	2.47
966.9	2.24
967.1	-3.15
967.4	3.41
967.7	2.24
968	10.19
968.3	-20.7
968.6	2.7
968.9	4.81
969.2	-23.74
969.5	10.43
969.8	-15.55
970.1	-0.81
970.3	-31.94
970.6	-12.27
970.9	27.51
971.2	0.36
971.5	4.34
971.8	-12.98
972.1	-12.74
972.4	7.39
972.7	0.83
973	-16.02
973.3	-5.49
973.5	2.47
973.8	8.32
974.1	26.11
974.4	4.11
974.7	-4.32
975	-9.7
975.3	-1.51
975.6	-3.85
975.9	-11.34
976.2	-9.7
976.4	21.19
976.7	-14.15
977	-8.76
977.3	-21.64
977.6	2.24
977.9	6.92
978.2	-2.91
978.5	-4.79
978.8	-8.53
979	4.11
979.3	-14.38
979.6	26.34
979.9	7.62
980.2	-12.74
980.5	-1.98
980.8	-7.59
981.1	3.64
981.4	0.83
981.6	-186.88
981.9	3.87
982.2	35.71
982.5	-9.7
982.8	-1.74
983.1	-32.87
983.4	3.17
983.7	-11.34
984	-11.1
984.2	-23.28
984.5	-15.32
984.8	9.73
985.1	-8.06
985.4	5.98
985.7	9.73
986	2
986.3	-14.85
986.5	14.41
986.8	10.9
987.1	8.09
987.4	-7.59
987.7	-10.17
988	-37.32
988.3	-0.34
988.6	5.28
988.8	-30.3
989.1	-3.38
989.4	7.62
989.7	12.77
990	7.15
990.3	11.6
990.6	-7.83
990.9	-19.3
991.1	4.81
991.4	1.53
991.7	-11.81
992	-1.51
992.3	-4.55
992.6	-4.79
992.9	4.34
993.1	-14.85
993.4	-15.32
993.7	-11.34
994	-13.21
994.3	-17.66
994.6	1.3
994.9	15.34
995.1	-2.21
995.4	-30.77
995.7	33.37
996	-15.08
996.3	-6.66
996.6	-31.23
996.9	-12.27
997.1	10.19
997.4	7.15
997.7	-13.45
998	-11.1
998.3	-10.4
998.6	0.13
998.9	7.85
999.1	-18.59
999.4	-37.08
999.7	4.34
1000	-21.87
1000.3	10.9
1000.6	2.24
1000.8	-9.93
1001.1	-10.17
1001.4	7.62
1001.7	-42.94
1002	5.28
1002.3	-0.1
1002.6	2.7
1002.8	-15.08
1003.1	-12.98
1003.4	-1.27
1003.7	3.64
1004	-1.27
1004.3	-6.42
1004.5	-35.21
1004.8	-26.55
1005.1	-9.7
1005.4	-1.98
1005.7	-26.32
1006	-23.51
1006.2	-20.47
1006.5	20.02
1006.8	-12.98
1007.1	-17.89
1007.4	11.36
1007.7	-16.72
1007.9	-20.93
1008.2	3.17
1008.5	-6.42
1008.8	-18.36
1009.1	-2.91
1009.4	2.7
1009.6	-24.68
1009.9	-44.81
1010.2	3.87
1010.5	14.17
1010.8	-5.25
1011.1	6.22
1011.3	-36.15
1011.6	-14.62
1011.9	8.09
1012.2	2.24
1012.5	-12.04
1012.7	13.71
1013	-16.72
1013.3	-19.3
1013.6	-10.87
1013.9	11.6
1014.2	-15.32
1014.4	-6.19
1014.7	-10.87
1015	-25.15
1015.3	4.11
1015.6	2.24
1015.8	0.83
1016.1	5.51
1016.4	-22.34
1016.7	9.49
1017	2.94
1017.2	-41.53
1017.5	-5.72
1017.8	3.17
1018.1	-15.79
1018.4	-13.68
1018.7	-1.74
1018.9	-17.89
1019.2	2.24
1019.5	6.68
1019.8	6.92
1020.1	9.26
1020.3	-20.93
1020.6	1.53
1020.9	1.53
1021.2	1.53
