340.2	0.94
340.6	0.94
340.9	0.94
341.3	13.11
341.7	-12.87
342.1	2.57
342.4	-4.45
342.8	0.23
343.2	9.36
343.6	-4.21
343.9	-4.45
344.3	-2.34
344.7	14.51
345.1	-3.28
345.4	-17.55
345.8	24.34
346.2	-11.7
346.6	-6.09
346.9	9.83
347.3	1.64
347.7	21.3
348	-3.04
348.4	-5.38
348.8	-0
349.2	-5.15
349.5	-5.15
349.9	-17.09
350.3	-1.4
350.7	-3.04
351	-0.7
351.4	6.55
351.8	-43.53
352.2	3.74
352.5	-15.68
352.9	27.38
353.3	26.92
353.6	11
354	32.77
354.4	18.26
354.8	3.74
355.1	29.96
355.5	-3.51
355.9	13.11
356.3	3.98
356.6	-32.3
357	9.6
357.4	24.11
357.8	-3.04
358.1	1.17
358.5	-5.38
358.9	-18.02
359.2	22.94
359.6	15.45
360	0.47
360.4	-24.34
360.7	17.55
361.1	8.66
361.5	18.72
361.9	7.72
362.2	-6.79
362.6	-14.28
363	12.87
363.3	21.77
363.7	10.06
364.1	-11.7
364.5	7.49
364.8	-2.11
365.2	-7.26
365.6	42.83
366	16.15
366.3	12.64
366.7	18.26
367.1	-3.51
367.4	-13.34
367.8	-0.7
368.2	11.23
368.6	18.96
368.9	-1.4
369.3	-7.02
369.7	20.6
370	0.47
370.4	11
370.8	-3.28
371.2	-16.62
371.5	11.23
371.9	4.45
372.3	11
372.6	5.62
373	-5.38
373.4	36.28
373.8	-5.38
374.1	-17.09
374.5	20.13
374.9	8.66
375.2	-0.47
375.6	20.6
376	4.21
376.4	-4.92
376.7	5.15
377.1	6.09
377.5	-24.11
377.8	4.92
378.2	-7.96
378.6	4.68
379	31.83
379.3	-12.87
379.7	-10.77
380.1	9.13
380.4	27.62
380.8	-5.38
381.2	-15.21
381.6	-26.92
381.9	13.34
382.3	20.6
382.7	33
383	3.04
383.4	-11.7
383.8	10.77
384.2	11
384.5	19.43
384.9	10.77
385.3	26.92
385.6	-14.51
386	-2.57
386.4	24.11
386.7	18.96
387.1	19.43
387.5	-3.51
387.9	14.28
388.2	-14.75
388.6	-8.89
389	7.96
389.3	33
389.7	-0
390.1	8.19
390.5	13.58
390.8	8.89
391.2	19.89
391.6	3.28
391.9	-9.13
392.3	14.51
392.7	3.04
393	-3.28
393.4	6.79
393.8	17.55
394.2	5.38
394.5	-0.23
394.9	25.51
395.3	5.38
395.6	2.34
396	-18.49
396.4	13.11
396.7	1.64
397.1	-3.28
397.5	-1.4
397.8	-18.26
398.2	3.04
398.6	16.85
399	-12.17
399.3	9.83
399.7	-25.28
400.1	24.34
400.4	-1.17
400.8	13.34
401.2	1.87
401.5	16.62
401.9	19.43
402.3	3.28
402.7	-8.19
403	-3.51
403.4	18.96
403.8	-14.04
404.1	-25.28
404.5	35.58
404.9	5.85
405.2	-38.15
405.6	-19.89
406	-11.47
406.3	25.04
406.7	50.79
407.1	15.68
407.4	17.09
407.8	-7.72
408.2	10.3
408.6	-4.45
408.9	-9.36
409.3	5.62
409.7	11.7
410	-4.68
410.4	-32.07
410.8	-16.62
411.1	13.11
411.5	20.6
411.9	143.71
412.2	51.49
412.6	11.7
413	-7.96
413.3	-4.68
413.7	5.15
414.1	-6.55
414.4	-31.36
414.8	13.34
415.2	20.83
415.5	7.49
415.9	17.09
416.3	19.43
416.7	-13.11
417	-1.4
417.4	-30.43
417.8	46.11
418.1	-3.74
418.5	-7.96
418.9	17.32
419.2	21.3
419.6	-4.68
420	-2.81
420.3	3.04
420.7	19.19
421.1	-0.47
421.4	-22.7
421.8	24.81
422.2	7.72
422.5	-0.47
422.9	25.75
423.3	8.19
423.6	26.21
424	136.92
424.4	96.43
424.7	8.19
425.1	7.96
425.5	8.19
425.8	36.04
426.2	18.26
426.6	-7.26
426.9	-9.13
427.3	6.55
427.7	-10.3
428	10.06
428.4	-22.47
428.8	1.64
429.1	-1.87
429.5	16.38
429.9	2.11
430.2	-18.96
430.6	13.81
431	-14.51
431.3	15.21
431.7	11
432.1	-1.64
432.4	-0.47
432.8	19.66
433.2	6.09
433.5	4.21
433.9	-11.7
434.3	-3.98
434.6	25.98
435	19.66
435.4	-1.64
435.7	13.81
436.1	27.15
436.5	24.58
436.8	2.57
437.2	13.34
437.6	3.51
437.9	-20.13
438.3	-9.13
438.7	12.17
439	26.21
439.4	31.36
439.8	-3.28
440.1	-7.49
440.5	-5.15
440.9	10.77
441.2	20.36
441.6	18.26
442	-2.34
442.3	-16.85
442.7	-0.7
443.1	-3.28
443.4	15.45
443.8	-1.64
444.1	34.17
444.5	32.07
444.9	10.3
445.2	-7.72
445.6	25.98
446	-6.09
446.3	-6.09
446.7	-9.36
447.1	-0.94
447.4	-3.28
447.8	0.47
448.2	25.28
448.5	-1.4
448.9	-7.02
449.3	21.53
449.6	2.11
450	13.81
450.4	16.38
450.7	18.72
451.1	-24.34
451.4	28.32
451.8	23.64
452.2	0.47
452.5	11.23
452.9	16.15
453.3	17.55
453.6	8.66
454	20.6
454.4	-13.11
454.7	2.11
455.1	-21.3
455.5	0.47
455.8	-31.36
456.2	19.66
456.5	-19.19
456.9	22.47
457.3	0.23
457.6	-1.64
458	10.53
458.4	4.68
458.7	8.43
459.1	-11.23
459.5	-12.4
459.8	21.3
460.2	0
460.5	-1.64
460.9	-6.09
461.3	25.04
461.6	-8.19
462	-10.77
462.4	6.09
462.7	20.13
463.1	-2.34
463.5	1.87
463.8	0.94
464.2	24.34
464.5	22.94
464.9	-3.98
465.3	2.11
465.6	2.11
466	0.7
466.4	-16.85
466.7	13.81
467.1	13.34
467.5	1.87
467.8	-9.36
468.2	14.04
468.5	11.23
468.9	14.04
469.3	-0.47
469.6	31.36
470	-11.47
470.4	5.15
470.7	13.34
471.1	-4.21
471.4	6.55
471.8	8.43
472.2	11.23
472.5	44
472.9	-16.15
473.3	41.66
473.6	-4.45
474	20.36
474.3	3.04
474.7	-6.09
475.1	-0.94
475.4	22.24
475.8	5.38
476.2	-22
476.5	18.26
476.9	29.26
477.2	12.17
477.6	-2.11
478	35.58
478.3	-3.51
478.7	10.3
479.1	-16.62
479.4	3.51
479.8	14.51
480.1	2.11
480.5	-11
480.9	13.11
481.2	-23.87
481.6	7.02
481.9	-0.23
482.3	-3.51
482.7	8.66
483	0.23
483.4	34.64
483.8	18.96
484.1	5.85
484.5	0.47
484.8	24.58
485.2	0.7
485.6	16.15
485.9	27.62
486.3	-6.32
486.6	-2.34
487	18.49
487.4	-6.79
487.7	14.04
488.1	11
488.5	-0.23
488.8	18.72
489.2	9.36
489.5	-23.41
489.9	14.28
490.3	8.89
490.6	-10.53
491	8.66
491.3	6.55
491.7	-4.45
492.1	-4.92
492.4	11.23
492.8	-6.32
493.1	-5.85
493.5	13.81
493.9	1.17
494.2	14.75
494.6	0.94
494.9	-13.58
495.3	7.49
495.7	-10.77
496	7.96
496.4	24.81
496.7	-3.74
497.1	3.51
497.5	22
497.8	30.9
498.2	-3.51
498.5	-3.04
498.9	1.4
499.3	-1.64
499.6	17.79
500	11.23
500.3	17.32
500.7	21.77
501.1	7.26
501.4	-15.45
501.8	11.47
502.1	7.26
502.5	9.36
502.9	2.11
503.2	-3.28
503.6	35.81
503.9	-3.04
504.3	-2.81
504.7	-5.62
505	-1.87
505.4	7.02
505.7	9.83
506.1	20.83
506.5	-15.21
506.8	1.87
507.2	-11.23
507.5	5.15
507.9	25.04
508.2	9.36
508.6	-0.94
509	14.98
509.3	10.77
509.7	-3.98
510	-18.96
510.4	13.34
510.8	-5.85
511.1	34.87
511.5	13.11
511.8	24.11
512.2	4.45
512.6	11.7
512.9	5.15
513.3	-0.47
513.6	4.21
514	9.6
514.3	14.75
514.7	13.11
515.1	5.62
515.4	10.06
515.8	3.28
516.1	-14.28
516.5	19.66
516.9	25.04
517.2	17.55
517.6	9.6
517.9	-14.75
518.3	0.47
518.6	18.26
519	-14.51
519.4	-13.58
519.7	-22.94
520.1	6.32
520.4	16.85
520.8	-2.34
521.1	-20.13
521.5	36.28
521.9	28.09
522.2	-2.11
522.6	-0.94
522.9	19.19
523.3	10.53
523.6	7.26
524	-1.4
524.4	-14.98
524.7	18.72
525.1	7.49
525.4	5.62
525.8	-1.17
526.2	5.62
526.5	33
526.9	7.26
527.2	14.51
527.6	11.94
527.9	-7.02
528.3	-11
528.6	-3.04
529	-2.11
529.4	6.09
529.7	31.83
530.1	-4.21
530.4	-1.4
530.8	18.26
531.1	9.83
531.5	-2.11
531.9	-27.85
532.2	18.02
532.6	10.53
532.9	3.51
533.3	23.64
533.6	21.3
534	25.75
534.4	201.75
534.7	40.26
535.1	-4.21
535.4	-1.17
535.8	19.43
536.1	-7.02
536.5	11.7
536.8	42.13
537.2	10.53
537.6	16.15
537.9	-15.45
538.3	-5.85
538.6	10.06
539	-4.68
539.3	-6.32
539.7	-5.38
540	-7.49
540.4	1.4
540.8	9.83
541.1	154.94
541.5	17.79
541.8	-6.32
542.2	-17.32
542.5	-0.7
542.9	-11
543.2	15.45
543.6	14.51
544	19.66
544.3	9.83
544.7	-0.47
545	14.98
545.4	16.85
545.7	21.53
546.1	9.83
546.4	15.92
546.8	6.09
547.2	-1.4
547.5	29.02
547.9	18.49
548.2	7.96
548.6	15.68
548.9	18.49
549.3	9.13
549.6	8.89
550	39.32
550.3	7.49
550.7	15.92
551.1	13.34
551.4	22.47
551.8	-1.17
552.1	-3.98
552.5	26.92
552.8	-0.7
553.2	-13.81
553.5	-2.11
553.9	-0.23
554.2	18.49
554.6	-7.96
554.9	43.53
555.3	18.26
555.7	6.55
556	32.77
556.4	9.36
556.7	21.77
557.1	6.55
557.4	32.53
557.8	25.28
558.1	-1.4
558.5	15.92
558.8	22
559.2	-21.3
559.5	-16.62
559.9	15.45
560.3	-7.02
560.6	15.68
561	26.92
561.3	-24.34
561.7	11.94
562	-20.13
562.4	-5.85
562.7	15.45
563.1	10.77
563.4	-0.7
563.8	22.47
564.1	17.32
564.5	-22
564.8	24.81
565.2	0.47
565.5	26.45
565.9	29.02
566.3	19.19
566.6	24.58
567	37.68
567.3	34.64
567.7	26.21
568	41.43
568.4	18.49
568.7	8.19
569.1	17.09
569.4	8.19
569.8	-9.36
570.1	1.64
570.5	34.87
570.8	46.11
571.2	22
571.5	-7.02
571.9	-3.51
572.2	-24.81
572.6	12.64
572.9	31.13
573.3	27.62
573.6	27.38
574	23.17
574.4	24.58
574.7	7.49
575.1	27.38
575.4	25.04
575.8	15.21
576.1	19.66
576.5	-6.55
576.8	41.19
577.2	45.41
577.5	-3.51
577.9	87.07
578.2	46.81
578.6	4.92
578.9	8.89
579.3	43.3
579.6	30.66
580	29.72
580.3	20.83
580.7	11
581	5.38
581.4	53.83
581.7	27.85
582.1	58.75
582.4	58.75
582.8	27.15
583.1	8.43
583.5	30.66
583.8	35.11
584.2	36.75
584.5	61.79
584.9	48.68
585.2	37.68
585.6	71.62
585.9	40.96
586.3	55.47
586.6	29.02
587	29.02
587.3	24.58
587.7	61.56
588	57.11
588.4	57.11
588.7	59.22
589.1	57.81
589.4	68.34
589.8	47.04
590.1	40.96
590.5	73.02
590.8	62.26
591.2	48.22
591.5	55.24
591.9	34.17
592.2	65.07
592.6	50.56
592.9	64.83
593.3	38.38
593.6	66.24
594	103.45
594.3	80.51
594.7	93.62
595	86.37
595.4	62.26
595.7	77.47
596.1	64.83
596.4	99.71
596.8	115.15
597.1	84.96
597.5	104.39
597.8	103.45
598.2	117.26
598.5	100.41
598.9	83.56
599.2	101.11
599.6	116.79
599.9	138.79
600.3	155.65
600.6	139.96
601	149.09
601.3	152.84
601.7	124.75
602	137.62
602.4	154.01
602.7	156.35
603.1	165.94
603.4	168.05
603.8	150.5
604.1	152.6
604.5	169.45
604.8	180.69
605.1	185.6
605.5	220.71
605.8	245.52
606.2	215.1
606.5	223.05
606.9	255.59
607.2	218.37
607.6	252.31
607.9	255.82
608.3	267.06
608.6	291.16
609	288.82
609.3	293.27
609.7	304.97
610	328.85
610.4	351.31
610.7	350.38
611.1	349.91
611.4	405.38
611.8	392.27
612.1	426.68
612.5	431.36
612.8	444.94
613.1	443.3
613.5	500.87
613.8	487.53
614.2	508.36
614.5	566.64
614.9	577.88
615.2	576.24
615.6	613.22
615.9	624.45
616.3	662.84
616.6	683.2
617	704.27
617.3	732.12
617.7	755.29
618	814.97
618.3	822.46
618.7	872.55
619	876.76
619.4	937.15
619.7	949.09
620.1	1011.58
620.4	1005.73
620.8	1053.94
621.1	1080.86
621.5	1123.46
621.8	1222.23
622.2	1232.53
622.5	1263.42
622.8	1305.32
623.2	1335.74
623.5	1361.72
623.9	1455.35
624.2	1507.54
624.6	1534.69
624.9	1575.41
625.3	1645.4
625.6	1677.46
626	1708.12
626.3	1817.19
626.7	1855.81
627	1932.35
627.3	1984.31
627.7	2014.73
628	2094.55
628.4	2185.36
628.7	2221.87
629.1	2287.17
629.4	2326.96
629.8	2366.05
630.1	2405.13
630.5	2438.84
630.8	2486.35
631.1	2496.88
631.5	2530.35
631.8	2542.06
632.2	2555.16
632.5	2531.76
632.9	2506.71
633.2	2503.44
633.6	2463.41
633.9	2448.43
634.2	2349.9
634.6	2327.19
634.9	2269.85
635.3	2215.55
635.6	2102.5
636	2033.93
636.3	1956.69
636.7	1814.62
637	1770.38
637.3	1670.91
637.7	1605.84
638	1508.94
638.4	1408.53
638.7	1322.17
639.1	1254.53
639.4	1183.14
639.8	1106.37
640.1	1049.73
640.4	972.02
640.8	938.32
641.1	864.13
641.5	788.29
641.8	738.67
642.2	700.52
642.5	634.05
642.8	585.13
643.2	576.24
643.5	531.54
643.9	478.64
644.2	494.09
644.6	454.06
644.9	403.51
645.3	405.61
645.6	389.93
645.9	344.29
646.3	325.1
646.6	274.31
647	280.86
647.3	266.82
647.7	251.14
648	221.41
648.3	204.33
648.7	194.03
649	209.01
649.4	194.73
649.7	165.01
650.1	150.96
650.4	156.82
650.7	159.16
651.1	164.77
651.4	105.79
651.8	122.88
652.1	139.03
652.4	115.86
652.8	98.77
653.1	132.01
653.5	102.98
653.8	120.77
654.2	97.37
654.5	121.71
654.8	68.11
655.2	65.77
655.5	87.07
655.9	71.39
656.2	54.77
656.6	65.3
656.9	79.81
657.2	103.45
657.6	51.26
657.9	42.13
658.3	77.47
658.6	57.81
658.9	61.56
659.3	63.9
659.6	28.55
660	59.45
660.3	56.64
660.7	43.53
661	38.15
661.3	42.83
661.7	34.87
662	46.81
662.4	12.87
662.7	19.66
663	24.34
663.4	51.26
663.7	49.85
664.1	17.55
664.4	8.89
664.7	15.45
665.1	29.72
665.4	24.81
665.8	39.09
666.1	26.68
666.4	21.3
666.8	47.75
667.1	15.92
667.5	20.83
667.8	29.96
668.1	36.28
668.5	14.75
668.8	-4.21
669.2	-2.11
669.5	27.38
669.8	17.79
670.2	17.55
670.5	9.83
670.9	-22.94
671.2	26.21
671.5	18.72
671.9	-9.13
672.2	8.43
672.6	45.41
672.9	8.66
673.2	32.77
673.6	4.45
673.9	23.87
674.3	-15.68
674.6	33.47
674.9	28.09
675.3	38.85
675.6	40.02
676	9.36
676.3	12.4
676.6	8.43
677	16.85
677.3	12.64
677.7	0.47
678	16.85
678.3	29.72
678.7	-1.64
679	7.96
679.4	5.62
679.7	27.15
680	21.77
680.4	10.77
680.7	31.13
681	20.13
681.4	8.66
681.7	-3.04
682.1	40.26
682.4	26.45
682.7	-13.81
683.1	1.87
683.4	25.98
683.8	22.47
684.1	-0.23
684.4	-15.45
684.8	-4.92
685.1	16.85
685.4	-0.47
685.8	5.15
686.1	60.39
686.5	18.26
686.8	11.47
687.1	-0.94
687.5	1.87
687.8	49.39
688.1	3.04
688.5	15.45
688.8	20.13
689.2	-0.23
689.5	3.04
689.8	-0.7
690.2	45.87
690.5	-4.92
690.8	15.21
691.2	21.77
691.5	7.49
691.9	14.75
692.2	9.13
692.5	20.6
692.9	31.13
693.2	2.34
693.5	-4.21
693.9	7.26
694.2	37.68
694.6	32.53
694.9	17.55
695.2	-3.04
695.6	16.85
695.9	-13.58
696.2	3.74
696.6	11.7
696.9	5.85
697.2	6.32
697.6	51.26
697.9	-7.49
698.3	-29.96
698.6	-2.11
698.9	0.7
699.3	22
699.6	-11
699.9	35.81
700.3	13.58
700.6	1.87
700.9	-11.47
701.3	3.28
701.6	-10.06
702	-6.32
702.3	43.07
702.6	29.02
703	-14.04
703.3	-16.62
703.6	18.49
704	14.28
704.3	6.32
704.6	-27.38
705	15.21
705.3	-12.4
705.6	15.45
706	21.06
706.3	-15.92
706.6	-1.17
707	-2.81
707.3	25.75
707.7	14.75
708	1.4
708.3	-17.32
708.7	-7.26
709	7.72
709.3	-16.85
709.7	-9.6
710	10.3
710.3	-2.57
710.7	2.57
711	4.45
711.3	2.81
711.7	-3.04
712	1.87
712.3	-8.19
712.7	14.98
713	24.58
713.3	-6.32
713.7	-7.02
714	22.47
714.3	9.36
714.7	7.49
715	1.64
715.3	-29.49
715.7	3.04
716	28.79
716.3	-2.81
716.7	17.55
717	-3.28
717.3	3.28
717.7	9.36
718	6.32
718.4	9.83
718.7	5.15
719	-1.87
719.4	13.81
719.7	-24.34
720	0.23
720.4	-9.6
720.7	18.26
721	-18.72
721.3	-4.68
721.7	18.26
722	-13.58
722.3	-15.21
722.7	7.02
723	12.64
723.3	-8.43
723.7	7.96
724	9.6
724.3	23.17
724.7	-10.06
725	14.51
725.3	3.98
725.7	32.53
726	5.85
726.3	-13.81
726.7	8.89
727	-5.38
727.3	5.85
727.7	0.23
728	16.38
728.3	-20.36
728.7	27.62
729	20.36
729.3	21.3
729.7	12.4
730	20.13
730.3	3.51
730.7	6.09
731	-11.7
731.3	4.92
731.7	16.15
732	32.77
732.3	4.68
732.6	-15.92
733	-6.32
733.3	-14.51
733.6	20.83
734	16.85
734.3	-6.09
734.6	-20.13
735	26.21
735.3	-11.7
735.6	-1.87
736	16.62
736.3	7.96
736.6	17.09
737	37.21
737.3	15.21
737.6	24.11
737.9	-11.23
738.3	32.07
738.6	-24.11
738.9	41.43
739.3	-10.06
739.6	15.45
739.9	-0.47
740.3	7.26
740.6	-5.15
740.9	39.32
741.2	-7.02
741.6	18.72
741.9	24.58
742.2	-22.7
742.6	-13.34
742.9	26.45
743.2	3.74
743.6	-26.21
743.9	0.23
744.2	18.72
744.6	41.66
744.9	31.83
745.2	-25.98
745.5	-1.17
745.9	3.51
746.2	-3.28
746.5	-10.06
746.9	16.15
747.2	-30.43
747.5	0.47
747.8	5.62
748.2	10.3
748.5	22
748.8	2.34
749.2	2.81
749.5	29.96
749.8	9.36
750.1	43.07
750.5	10.06
750.8	6.79
751.1	7.49
751.5	11.47
751.8	-25.51
752.1	-18.49
752.5	0.7
752.8	-7.96
753.1	0.94
753.4	9.36
753.8	-2.34
754.1	9.83
754.4	-7.72
754.7	-10.06
755.1	-13.34
755.4	7.72
755.7	3.04
756.1	-0.23
756.4	34.41
756.7	8.66
757	7.72
757.4	1.87
757.7	-1.87
758	24.81
758.4	-8.66
758.7	9.6
759	19.43
759.3	-1.64
759.7	-14.28
760	18.26
760.3	28.55
760.7	5.15
761	22.94
761.3	30.9
761.6	12.87
762	6.79
762.3	14.04
762.6	23.41
762.9	21.06
763.3	-6.55
763.6	27.62
763.9	21.06
764.2	1.17
764.6	10.3
764.9	-7.49
765.2	-27.38
765.6	2.57
765.9	11.47
766.2	-8.43
766.5	22.94
766.9	-3.74
767.2	16.85
767.5	-31.13
767.8	-24.81
768.2	-22
768.5	-7.26
768.8	10.06
769.1	18.96
769.5	-5.62
769.8	1.87
770.1	-5.15
770.5	28.09
770.8	13.34
771.1	35.11
771.4	-0
771.8	2.11
772.1	4.21
772.4	14.04
772.7	10.06
773.1	-5.15
773.4	29.26
773.7	19.89
774	-22.94
774.4	2.81
774.7	12.17
775	2.81
775.3	-26.21
775.7	7.02
776	-4.68
776.3	12.4
776.6	10.53
777	-9.13
777.3	-16.15
777.6	23.41
777.9	-15.21
778.3	9.13
778.6	18.02
778.9	-1.64
779.2	-3.04
779.6	5.62
779.9	4.21
780.2	36.04
780.5	1.64
780.9	-10.3
781.2	3.04
781.5	-11.94
781.8	34.17
782.2	-1.17
782.5	6.79
782.8	3.51
783.1	6.55
783.4	-10.3
783.8	23.64
784.1	15.68
784.4	50.09
784.7	8.19
785.1	24.34
785.4	-7.96
785.7	-0.7
786	0.94
786.4	2.81
786.7	-3.98
787	-4.68
787.3	7.26
787.7	-13.34
788	3.74
788.3	36.51
788.6	-0.7
788.9	5.62
789.3	5.38
789.6	11.23
789.9	1.87
790.2	11
790.6	7.96
790.9	18.26
791.2	-7.72
791.5	9.13
791.9	0.47
792.2	32.53
792.5	16.15
792.8	19.89
793.1	-10.53
793.5	-3.04
793.8	3.28
794.1	2.11
794.4	16.15
794.8	19.89
795.1	27.85
795.4	2.57
795.7	-17.55
796	15.68
796.4	24.34
796.7	22.7
797	27.15
797.3	-8.19
797.7	19.89
798	-9.36
798.3	-19.43
798.6	-3.04
798.9	7.72
799.3	-1.87
799.6	5.38
799.9	-4.21
800.2	-0.47
800.5	-0.7
800.9	7.26
801.2	8.89
801.5	12.17
801.8	8.89
802.2	-21.06
802.5	10.06
802.8	19.89
803.1	11.47
803.4	8.66
803.8	-7.72
804.1	7.72
804.4	13.11
804.7	18.02
805	11.7
805.4	-10.53
805.7	-18.96
806	8.43
806.3	34.17
806.6	3.04
807	21.53
807.3	14.51
807.6	29.02
807.9	0.7
808.2	-12.4
808.6	-22.47
808.9	24.34
809.2	22.94
809.5	-8.43
809.8	11.7
810.2	11
810.5	-4.92
810.8	-9.13
811.1	10.06
811.4	13.11
811.8	18.96
812.1	23.41
812.4	-14.51
812.7	-0.23
813	-6.32
813.4	22.94
813.7	4.21
814	15.21
814.3	-11.47
814.6	19.43
815	18.26
815.3	-5.85
815.6	9.83
815.9	8.89
816.2	12.64
816.5	19.19
816.9	-2.81
817.2	18.49
817.5	-14.75
817.8	6.55
818.1	25.51
818.5	-15.68
818.8	7.72
819.1	-2.11
819.4	15.21
819.7	-10.06
820.1	12.17
820.4	-1.17
820.7	27.85
821	22.94
821.3	-17.32
821.6	-2.57
822	-7.02
822.3	-16.85
822.6	-7.49
822.9	13.58
823.2	8.89
823.5	-16.38
823.9	8.43
824.2	10.53
824.5	-0.94
824.8	18.96
825.1	14.98
825.5	26.92
825.8	-13.81
826.1	-7.49
826.4	-2.34
826.7	53.36
827	27.15
827.4	16.62
827.7	-0.94
828	-11.47
828.3	21.3
828.6	-6.79
828.9	6.09
829.3	17.32
829.6	11.47
829.9	1.4
830.2	1.87
830.5	-23.64
830.8	-0.7
831.2	-4.68
831.5	11.23
831.8	0.7
832.1	-23.64
832.4	-11
832.7	-9.13
833.1	14.04
833.4	23.41
833.7	-1.87
834	22.24
834.3	20.13
834.6	2.34
835	15.45
835.3	-0
835.6	29.96
835.9	14.28
836.2	9.6
836.5	18.02
836.8	0.94
837.2	-14.51
837.5	1.4
837.8	22.24
838.1	-3.74
838.4	34.41
838.7	-4.68
839.1	25.51
839.4	20.83
839.7	28.55
840	15.68
840.3	-18.72
840.6	-274.78
840.9	-12.4
841.3	-20.6
841.6	15.21
841.9	23.87
842.2	39.32
842.5	-3.74
842.8	6.09
843.1	22.94
843.5	-17.79
843.8	37.45
844.1	8.66
844.4	1.64
844.7	38.15
845	-6.32
845.3	5.15
845.7	2.11
846	-28.55
846.3	-2.57
846.6	-10.77
846.9	-0.23
847.2	24.11
847.5	-17.79
847.9	18.02
848.2	42.36
848.5	-2.81
848.8	-2.81
849.1	-18.49
849.4	25.98
849.7	4.45
850	5.15
850.4	-5.38
850.7	-4.21
851	21.3
851.3	20.36
851.6	27.62
851.9	-21.77
852.2	2.11
852.5	25.75
852.9	29.96
853.2	16.15
853.5	3.74
853.8	40.49
854.1	30.66
854.4	22
854.7	16.85
855.1	9.6
855.4	3.28
855.7	2.81
856	16.15
856.3	20.13
856.6	25.28
856.9	7.72
857.2	0.47
857.5	-3.98
857.9	17.32
858.2	-0.94
858.5	-8.43
858.8	-3.74
859.1	-17.79
859.4	26.21
859.7	26.68
860	7.72
860.4	21.53
860.7	13.11
861	-4.92
861.3	-4.68
861.6	28.09
861.9	-3.28
862.2	8.66
862.5	-17.79
862.8	-6.55
863.2	-1.64
863.5	16.62
863.8	13.34
864.1	1.64
864.4	16.15
864.7	12.17
865	-0.23
865.3	11.23
865.6	8.19
866	13.34
866.3	25.75
866.6	16.62
866.9	11
867.2	-6.32
867.5	11
867.8	29.72
868.1	-2.81
868.4	21.77
868.7	-1.4
869.1	-11.94
869.4	-0.47
869.7	17.09
870	-9.13
870.3	12.87
870.6	-5.62
870.9	-7.96
871.2	19.43
871.5	34.41
871.8	7.49
872.1	-19.89
872.5	4.92
872.8	-17.79
873.1	9.13
873.4	-19.89
873.7	12.17
874	18.72
874.3	19.89
874.6	18.26
874.9	30.66
875.2	0.23
875.6	-16.62
875.9	-32.53
876.2	-8.19
876.5	9.13
876.8	-6.32
877.1	-2.11
877.4	24.11
877.7	-3.74
878	5.85
878.3	57.81
878.6	24.11
878.9	13.81
879.3	-10.3
879.6	6.32
879.9	25.28
880.2	15.21
880.5	1.17
880.8	14.98
881.1	-2.57
881.4	1.64
881.7	-3.98
882	18.96
882.3	-22
882.6	8.66
882.9	-23.87
883.3	-27.15
883.6	18.26
883.9	7.49
884.2	-2.11
884.5	15.68
884.8	31.83
885.1	8.89
885.4	-12.64
885.7	-13.58
886	-27.62
886.3	-26.21
886.6	-16.85
886.9	20.6
887.2	-3.98
887.6	21.3
887.9	29.96
888.2	1.87
888.5	-1.64
888.8	5.15
889.1	-4.21
889.4	16.62
889.7	-6.09
890	11.7
890.3	25.51
890.6	8.19
890.9	3.28
891.2	34.87
891.5	6.32
891.8	23.87
892.1	14.98
892.5	18.26
892.8	42.6
893.1	-22.47
893.4	4.92
893.7	2.81
894	13.81
894.3	7.49
894.6	3.98
894.9	-13.34
895.2	6.09
895.5	-2.11
895.8	17.79
896.1	20.36
896.4	18.26
896.7	-15.68
897	-22.24
897.3	-14.28
897.6	0.23
897.9	53.36
898.3	-9.6
898.6	15.45
898.9	-9.83
899.2	35.34
899.5	3.98
899.8	17.09
900.1	18.96
900.4	15.45
900.7	18.96
901	31.36
901.3	2.57
901.6	-17.79
901.9	13.58
902.2	-1.17
902.5	0.7
902.8	18.02
903.1	5.15
903.4	-3.28
903.7	-2.34
904	34.41
904.3	4.45
904.6	-10.3
904.9	-7.02
905.2	37.45
905.6	-23.64
905.9	-19.89
906.2	3.51
906.5	27.85
906.8	1.64
907.1	0.94
907.4	1.4
907.7	-7.72
908	-9.83
908.3	-0.7
908.6	9.36
908.9	5.85
909.2	9.6
909.5	-2.81
909.8	5.15
910.1	6.55
910.4	-32.77
910.7	14.28
911	-1.64
911.3	33.24
911.6	5.62
911.9	12.17
912.2	14.04
912.5	-1.4
912.8	7.72
913.1	10.06
913.4	9.6
913.7	-2.34
914	30.9
914.3	13.58
914.6	-19.43
914.9	-0.94
915.2	-4.45
915.5	12.17
915.8	-1.64
916.1	-16.85
916.4	10.53
916.7	11.47
917	10.3
917.3	55
917.6	18.96
917.9	-0.7
918.2	-0.7
918.5	12.87
918.8	-23.87
919.1	-33.24
919.5	19.43
919.8	8.89
920.1	-4.68
920.4	-26.68
920.7	-7.26
921	12.64
921.3	4.21
921.6	9.13
921.9	7.26
922.2	31.13
922.5	8.43
922.8	17.32
923.1	10.3
923.4	8.19
923.7	28.79
924	12.17
924.3	-4.45
924.6	5.62
924.9	0.47
925.2	11.94
925.5	1.17
925.8	-2.34
926.1	-1.4
926.4	21.06
926.7	15.21
927	-18.49
927.3	3.28
927.6	10.06
927.9	16.62
928.2	-5.62
928.4	-26.68
928.7	-4.45
929	30.19
929.3	33.47
929.6	43.77
929.9	9.83
930.2	10.06
930.5	-14.51
930.8	-9.13
931.1	6.79
931.4	-19.19
931.7	5.38
932	5.62
932.3	-16.38
932.6	18.02
932.9	25.98
933.2	7.26
933.5	6.32
933.8	11.47
934.1	-8.43
934.4	-1.64
934.7	18.26
935	13.11
935.3	-2.34
935.6	-22
935.9	-10.3
936.2	18.26
936.5	3.74
936.8	-7.72
937.1	29.02
937.4	18.49
937.7	8.43
938	21.53
938.3	11.7
938.6	-20.36
938.9	23.17
939.2	8.89
939.5	-7.26
939.8	-4.68
940.1	-17.79
940.4	-42.36
940.7	-22.24
941	-5.62
941.3	-7.26
941.6	12.17
941.9	13.11
942.2	16.85
942.4	-17.55
942.7	1.17
943	15.45
943.3	17.55
943.6	9.36
943.9	1.87
944.2	3.04
944.5	37.68
944.8	1.17
945.1	-0.23
945.4	-11.47
945.7	11.23
946	-2.57
946.3	24.81
946.6	28.55
946.9	26.45
947.2	-1.17
947.5	-0.94
947.8	3.28
948.1	7.96
948.4	2.57
948.7	-28.32
949	-16.38
949.2	-7.72
949.5	11.7
949.8	32.07
950.1	23.17
950.4	5.62
950.7	5.85
951	-10.06
951.3	10.06
951.6	-9.83
951.9	-16.38
952.2	17.55
952.5	4.68
952.8	-25.75
953.1	12.4
953.4	2.34
953.7	21.3
954	18.96
954.3	-9.13
954.6	-11.7
954.8	-17.79
955.1	2.57
955.4	-23.41
955.7	5.85
956	0.23
956.3	18.96
956.6	-22
956.9	29.96
957.2	-2.57
957.5	16.62
957.8	3.98
958.1	7.49
958.4	15.68
958.7	18.26
959	-19.89
959.2	1.4
959.5	11.94
959.8	-27.85
960.1	8.89
960.4	-8.66
960.7	1.87
961	27.85
961.3	-19.19
961.6	28.32
961.9	-0.47
962.2	52.43
962.5	-24.81
962.8	-23.41
963.1	9.36
963.3	14.04
963.6	16.62
963.9	8.43
964.2	2.34
964.5	5.85
964.8	18.26
965.1	-1.64
965.4	-1.64
965.7	-9.36
966	7.96
966.3	35.11
966.6	11
966.9	-0.94
967.1	20.83
967.4	13.58
967.7	-20.36
968	40.96
968.3	1.87
968.6	8.43
968.9	-4.21
969.2	1.64
969.5	-2.34
969.8	-3.04
970.1	5.85
970.3	-21.77
970.6	6.32
970.9	28.55
971.2	0.7
971.5	34.87
971.8	-6.32
972.1	13.81
972.4	19.89
972.7	-3.51
973	7.72
973.3	13.58
973.5	10.53
973.8	-14.98
974.1	15.92
974.4	7.49
974.7	2.57
975	-14.04
975.3	20.83
975.6	16.62
975.9	25.04
976.2	15.92
976.4	18.49
976.7	-1.87
977	2.11
977.3	-11.47
977.6	26.45
977.9	7.72
978.2	16.62
978.5	9.36
978.8	-2.81
979	3.74
979.3	12.64
979.6	-7.26
979.9	7.26
980.2	-9.13
980.5	11.7
980.8	13.11
981.1	-3.74
981.4	17.32
981.6	15.21
981.9	16.15
982.2	19.19
982.5	28.55
982.8	15.21
983.1	1.64
983.4	18.72
983.7	-10.06
984	6.55
984.2	-6.09
984.5	-14.28
984.8	-5.15
985.1	-11.23
985.4	11.47
985.7	10.53
986	5.85
986.3	4.68
986.5	4.21
986.8	-7.26
987.1	-4.92
987.4	14.75
987.7	-6.09
988	-27.38
988.3	9.6
988.6	7.26
988.8	-17.32
989.1	-7.96
989.4	3.28
989.7	21.06
990	-0.7
990.3	8.43
990.6	32.77
990.9	4.21
991.1	-0.47
991.4	10.77
991.7	17.55
992	-14.98
992.3	-3.28
992.6	29.02
992.9	10.3
993.1	13.34
993.4	10.77
993.7	-4.68
994	7.02
994.3	3.98
994.6	14.04
994.9	-4.21
995.1	27.15
995.4	-35.81
995.7	29.49
996	-4.21
996.3	-3.28
996.6	-5.15
996.9	-21.53
997.1	-7.49
997.4	21.77
997.7	-27.15
998	-9.6
998.3	7.96
998.6	-3.51
998.9	33
999.1	-18.26
999.4	-17.09
999.7	-3.51
1000	3.74
1000.3	25.04
1000.6	15.21
1000.8	-7.72
1001.1	27.15
1001.4	9.13
1001.7	-4.21
1002	-2.57
1002.3	-23.64
1002.6	-22.94
1002.8	22.24
1003.1	-11.7
1003.4	-23.87
1003.7	-19.43
1004	5.62
1004.3	2.57
1004.5	6.79
1004.8	-16.62
1005.1	-4.68
1005.4	9.83
1005.7	7.26
1006	-1.4
1006.2	-5.38
1006.5	-5.15
1006.8	23.64
1007.1	2.34
1007.4	32.3
1007.7	0
1007.9	-10.53
1008.2	-15.68
1008.5	-6.32
1008.8	1.64
1009.1	-3.51
1009.4	-0.7
1009.6	-5.38
1009.9	-18.26
1010.2	5.15
1010.5	-14.75
1010.8	27.15
1011.1	37.45
1011.3	-12.4
1011.6	-39.56
1011.9	-3.28
1012.2	12.17
1012.5	2.81
1012.7	4.21
1013	-15.68
1013.3	-1.64
1013.6	12.4
1013.9	-3.51
1014.2	-12.87
1014.4	26.68
1014.7	19.19
1015	21.53
1015.3	12.4
1015.6	7.96
1015.8	9.36
1016.1	-1.87
1016.4	12.4
1016.7	-10.53
1017	13.11
1017.2	-6.09
1017.5	-0
1017.8	-6.09
1018.1	-18.72
1018.4	4.21
1018.7	14.98
1018.9	-7.26
1019.2	9.6
1019.5	14.98
1019.8	2.57
1020.1	16.85
1020.3	-15.68
1020.6	-0.23
1020.9	-0.23
1021.2	-0.23
