340.2	3.03
340.6	3.03
340.9	3.03
341.3	-5.86
341.7	19.18
342.1	24.56
342.4	-12.89
342.8	-18.97
343.2	9.58
343.6	-30.91
343.9	-17.33
344.3	-6.1
344.7	10.75
345.1	7.48
345.4	-7.27
345.8	23.39
346.2	3.73
346.6	-8.44
346.9	10.52
347.3	20.12
347.7	12.86
348	-10.55
348.4	11.46
348.8	-17.57
349.2	-12.18
349.5	6.77
349.9	6.54
350.3	-18.04
350.7	-7.27
351	-5.63
351.4	-19.67
351.8	-6.8
352.2	8.18
352.5	-8.2
352.9	7.71
353.3	-0.01
353.6	-3.29
354	24.33
354.4	13.56
354.8	10.52
355.1	10.52
355.5	-3.06
355.9	-3.29
356.3	5.37
356.6	-18.74
357	5.37
357.4	20.82
357.8	4.9
358.1	3.5
358.5	11.92
358.9	-28.33
359.2	5.37
359.6	-2.59
360	3.03
360.4	-8.67
360.7	-9.84
361.1	-2.59
361.5	-5.4
361.9	11.69
362.2	-1.42
362.6	11.46
363	-6.8
363.3	8.65
363.7	-4.46
364.1	-3.76
364.5	-5.86
364.8	16.6
365.2	14.03
365.6	9.82
366	-1.89
366.3	7.01
366.7	5.84
367.1	-29.74
367.4	-0.95
367.8	5.84
368.2	1.39
368.6	-0.01
368.9	10.75
369.3	-32.55
369.7	-17.1
370	1.16
370.4	-9.61
370.8	9.35
371.2	-1.65
371.5	15.2
371.9	1.16
372.3	6.54
372.6	28.54
373	28.54
373.4	41.41
373.8	6.31
374.1	7.01
374.5	12.86
374.9	3.73
375.2	-3.06
375.6	3.73
376	16.6
376.4	9.58
376.7	-40.27
377.1	-11.25
377.5	8.18
377.8	4.9
378.2	3.26
378.6	-25.06
379	24.8
379.3	-2.82
379.7	11.92
380.1	-5.16
380.4	13.09
380.8	-15.46
381.2	-0.72
381.6	1.63
381.9	-13.12
382.3	35.1
382.7	30.65
383	7.71
383.4	-8.44
383.8	10.99
384.2	11.69
384.5	2.56
384.9	-9.14
385.3	33.46
385.6	-4.46
386	-5.4
386.4	7.01
386.7	24.8
387.1	39.54
387.5	-15.23
387.9	9.58
388.2	-4.69
388.6	-15.93
389	-2.59
389.3	14.5
389.7	0.92
390.1	-10.08
390.5	11.69
390.8	7.48
391.2	17.78
391.6	-6.8
391.9	-5.63
392.3	15.2
392.7	11.92
393	-13.82
393.4	0.46
393.8	9.58
394.2	9.82
394.5	-13.35
394.9	-3.06
395.3	-31.14
395.6	11.92
396	3.97
396.4	5.37
396.7	-1.65
397.1	-29.04
397.5	22.69
397.8	3.97
398.2	2.33
398.6	4.43
399	5.37
399.3	21.05
399.7	-17.1
400.1	-3.76
400.4	2.56
400.8	-5.16
401.2	3.5
401.5	-0.72
401.9	1.16
402.3	-3.99
402.7	-17.8
403	3.26
403.4	19.41
403.8	20.82
404.1	-6.33
404.5	14.97
404.9	-5.16
405.2	-8.91
405.6	-11.01
406	-15.23
406.3	30.65
406.7	13.8
407.1	1.39
407.4	1.16
407.8	-14.99
408.2	10.05
408.6	-11.25
408.9	-6.33
409.3	14.73
409.7	19.41
410	-20.38
410.4	-10.08
410.8	14.26
411.1	36.97
411.5	4.67
411.9	135.27
412.2	37.2
412.6	0.46
413	-7.27
413.3	17.07
413.7	-15.23
414.1	7.94
414.4	-15.69
414.8	32.52
415.2	23.39
415.5	-8.91
415.9	7.94
416.3	-4.93
416.7	6.07
417	5.14
417.4	-20.84
417.8	38.37
418.1	3.03
418.5	-9.84
418.9	29.01
419.2	25.03
419.6	-3.99
420	20.12
420.3	-2.12
420.7	2.56
421.1	9.12
421.4	22.92
421.8	18.01
422.2	11.92
422.5	15.9
422.9	13.56
423.3	-3.99
423.6	20.82
424	127.78
424.4	99.69
424.7	-4.93
425.1	18.95
425.5	-0.48
425.8	23.16
426.2	-6.57
426.6	-33.72
426.9	3.73
427.3	9.12
427.7	20.82
428	-7.97
428.4	-15.46
428.8	7.24
429.1	4.9
429.5	12.16
429.9	6.31
430.2	-17.33
430.6	16.6
431	-27.63
431.3	14.97
431.7	-12.65
432.1	4.67
432.4	-2.35
432.8	-4.46
433.2	16.6
433.5	9.82
433.9	-4.46
434.3	0.46
434.6	3.03
435	18.95
435.4	-0.01
435.7	13.56
436.1	18.71
436.5	8.88
436.8	6.54
437.2	8.41
437.6	0.22
437.9	-10.31
438.3	-10.55
438.7	-9.61
439	20.82
439.4	20.58
439.8	-7.03
440.1	-24.82
440.5	-2.59
440.9	-5.86
441.2	26.67
441.6	3.03
442	14.97
442.3	0.92
442.7	-1.89
443.1	-4.46
443.4	8.88
443.8	-21.55
444.1	3.73
444.5	16.14
444.9	10.99
445.2	3.5
445.6	25.03
446	-6.8
446.3	1.63
446.7	-3.06
447.1	-10.08
447.4	18.01
447.8	23.16
448.2	22.92
448.5	6.31
448.9	-18.27
449.3	23.63
449.6	21.52
450	1.86
450.4	2.09
450.7	-13.82
451.1	9.35
451.4	17.54
451.8	23.63
452.2	-22.48
452.5	-2.59
452.9	7.48
453.3	4.43
453.6	16.6
454	11.46
454.4	-0.48
454.7	-34.18
455.1	-26.93
455.5	9.58
455.8	-6.8
456.2	24.09
456.5	-16.63
456.9	8.65
457.3	-20.84
457.6	1.86
458	-17.8
458.4	-0.01
458.7	-20.38
459.1	-6.1
459.5	15.67
459.8	9.12
460.2	5.37
460.5	-5.16
460.9	-5.16
461.3	14.5
461.6	18.71
462	7.71
462.4	14.26
462.7	22.69
463.1	6.07
463.5	-0.25
463.8	16.84
464.2	-3.52
464.5	14.5
464.9	-8.67
465.3	-3.52
465.6	21.99
466	2.8
466.4	-7.97
466.7	-12.89
467.1	13.33
467.5	-5.16
467.8	-5.4
468.2	3.97
468.5	9.12
468.9	12.39
469.3	-25.06
469.6	8.18
470	-4.69
470.4	-6.1
470.7	7.01
471.1	-7.5
471.4	0.92
471.8	9.35
472.2	11.46
472.5	48.9
472.9	-6.57
473.3	10.29
473.6	-3.06
474	33.22
474.3	2.33
474.7	-25.06
475.1	-14.99
475.4	5.6
475.8	14.03
476.2	-34.42
476.5	-18.04
476.9	35.1
477.2	-0.01
477.6	3.73
478	8.65
478.3	5.6
478.7	-5.4
479.1	9.82
479.4	-26.7
479.8	31.35
480.1	17.78
480.5	-8.44
480.9	13.8
481.2	-37.23
481.6	18.24
481.9	-2.12
482.3	-5.63
482.7	119.35
483	-6.8
483.4	19.65
483.8	-17.8
484.1	6.54
484.5	7.01
484.8	4.67
485.2	10.52
485.6	8.41
485.9	11.22
486.3	-4.93
486.6	2.09
487	33.92
487.4	-7.97
487.7	10.29
488.1	27.61
488.5	24.56
488.8	7.01
489.2	-0.01
489.5	-8.67
489.9	-3.99
490.3	17.31
490.6	-11.01
491	22.92
491.3	30.65
491.7	-33.25
492.1	-3.76
492.4	32.75
492.8	32.99
493.1	-15.23
493.5	10.75
493.9	-9.84
494.2	7.94
494.6	-6.33
494.9	-37.7
495.3	-30.67
495.7	-8.44
496	21.99
496.4	8.65
496.7	10.75
497.1	13.8
497.5	24.09
497.8	4.43
498.2	6.54
498.5	-30.44
498.9	-0.48
499.3	-21.78
499.6	-13.12
500	30.41
500.3	29.95
500.7	4.43
501.1	1.16
501.4	3.97
501.8	10.52
502.1	-7.5
502.5	23.16
502.9	-1.89
503.2	5.14
503.6	26.9
503.9	-28.8
504.3	-11.01
504.7	-6.57
505	-2.82
505.4	-14.29
505.7	18.01
506.1	14.73
506.5	-14.76
506.8	-20.84
507.2	-8.2
507.5	25.26
507.9	-0.01
508.2	-0.72
508.6	3.73
509	12.63
509.3	25.5
509.7	-12.18
510	-10.78
510.4	7.94
510.8	1.86
511.1	15.43
511.5	5.37
511.8	22.22
512.2	12.63
512.6	4.2
512.9	-10.08
513.3	-11.72
513.6	16.6
514	-15.69
514.3	12.16
514.7	3.73
515.1	-11.25
515.4	21.05
515.8	-13.59
516.1	-19.67
516.5	17.31
516.9	22.22
517.2	14.5
517.6	-13.35
517.9	10.05
518.3	-16.86
518.6	15.67
519	-14.99
519.4	-5.16
519.7	-35.59
520.1	15.9
520.4	-8.44
520.8	0.92
521.1	-14.99
521.5	30.88
521.9	2.8
522.2	-1.42
522.6	-5.16
522.9	8.88
523.3	19.41
523.6	-6.57
524	-3.52
524.4	9.12
524.7	5.37
525.1	14.26
525.4	15.9
525.8	18.71
526.2	9.35
526.5	21.29
526.9	-12.89
527.2	14.73
527.6	-0.72
527.9	-17.8
528.3	-19.44
528.6	-11.95
529	-6.1
529.4	-1.18
529.7	20.58
530.1	-6.57
530.4	7.48
530.8	13.33
531.1	15.43
531.5	-8.91
531.9	-36.76
532.2	11.22
532.6	-18.27
532.9	2.56
533.3	24.09
533.6	12.86
534	-2.82
534.4	194.49
534.7	18.71
535.1	-0.72
535.4	-4.23
535.8	-11.01
536.1	2.56
536.5	-13.35
536.8	50.07
537.2	0.22
537.6	-13.35
537.9	-58.29
538.3	1.16
538.6	23.16
539	10.05
539.3	-10.31
539.7	-9.14
540	-14.06
540.4	11.46
540.8	10.52
541.1	151.42
541.5	18.48
541.8	10.99
542.2	-5.63
542.5	9.58
542.9	14.26
543.2	20.58
543.6	6.31
544	24.8
544.3	7.71
544.7	23.86
545	-0.01
545.4	1.86
545.7	-0.95
546.1	-5.16
546.4	16.37
546.8	-6.1
547.2	4.9
547.5	17.07
547.9	-14.06
548.2	9.12
548.6	5.6
548.9	0.22
549.3	27.61
549.6	-12.42
550	5.14
550.3	23.16
550.7	-5.4
551.1	-4.69
551.4	38.61
551.8	-9.38
552.1	4.43
552.5	3.5
552.8	2.56
553.2	-24.12
553.5	-22.01
553.9	0.46
554.2	10.05
554.6	-14.99
554.9	20.12
555.3	27.61
555.7	23.16
556	10.05
556.4	-2.59
556.7	3.03
557.1	-8.67
557.4	38.14
557.8	6.77
558.1	17.07
558.5	-7.97
558.8	18.71
559.2	31.12
559.5	18.24
559.9	35.33
560.3	23.63
560.6	2.8
561	4.9
561.3	-14.52
561.7	37.67
562	6.07
562.4	-5.63
562.7	20.58
563.1	4.9
563.4	-15.23
563.8	15.9
564.1	7.94
564.5	-3.06
564.8	19.65
565.2	2.33
565.5	10.99
565.9	18.24
566.3	-2.12
566.6	23.86
567	34.86
567.3	36.27
567.7	0.46
568	17.54
568.4	9.58
568.7	0.92
569.1	-5.4
569.4	28.54
569.8	3.73
570.1	19.18
570.5	6.31
570.8	36.5
571.2	9.35
571.5	27.14
571.9	1.39
572.2	3.03
572.6	14.73
572.9	27.61
573.3	25.5
573.6	1.86
574	5.6
574.4	3.97
574.7	34.86
575.1	24.56
575.4	25.5
575.8	30.65
576.1	20.12
576.5	2.8
576.8	34.16
577.2	57.33
577.5	22.46
577.9	100.16
578.2	32.75
578.6	16.84
578.9	12.86
579.3	43.52
579.6	38.14
580	24.8
580.3	25.97
580.7	15.43
581	24.33
581.4	25.73
581.7	14.73
582.1	41.18
582.4	56.16
582.8	21.52
583.1	11.46
583.5	12.16
583.8	31.12
584.2	20.82
584.5	52.41
584.9	50.54
585.2	25.73
585.6	37.2
585.9	28.31
586.3	18.24
586.6	20.82
587	22.92
587.3	47.97
587.7	43.05
588	36.27
588.4	50.54
588.7	33.22
589.1	74.65
589.4	38.84
589.8	54.29
590.1	40.71
590.5	43.99
590.8	48.2
591.2	36.5
591.5	32.05
591.9	31.58
592.2	77.46
592.6	56.63
592.9	72.78
593.3	43.29
593.6	64.59
594	94.54
594.3	85.88
594.7	76.05
595	74.18
595.4	82.37
595.7	78.39
596.1	56.86
596.4	106.25
596.8	98.29
597.1	88.23
597.5	109.52
597.8	113.74
598.2	108.35
598.5	78.63
598.9	90.8
599.2	112.33
599.6	119.12
599.9	125.91
600.3	142.76
600.6	129.89
601	129.18
601.3	137.61
601.7	115.61
602	160.55
602.4	131.99
602.7	142.29
603.1	168.04
603.4	158.21
603.8	149.55
604.1	188.63
604.5	172.48
604.8	211.34
605.1	213.91
605.5	246.68
605.8	209
606.2	194.49
606.5	240.13
606.9	246.91
607.2	216.02
607.6	272.66
607.9	263.06
608.3	275.94
608.6	280.38
609	265.64
609.3	298.41
609.7	298.64
610	319.47
610.4	343.34
610.7	354.11
611.1	338.43
611.4	390.39
611.8	386.41
612.1	418.47
612.5	414.96
612.8	431.58
613.1	451.24
613.5	500.63
613.8	495.24
614.2	490.33
614.5	610.63
614.9	564.52
615.2	590.74
615.6	596.12
615.9	649.49
616.3	654.4
616.6	682.96
617	711.98
617.3	727.89
617.7	781.26
618	773.53
618.3	872.3
618.7	869.26
619	878.86
619.4	928.24
619.7	930.12
620.1	1000.1
620.4	1033.8
620.8	1053.46
621.1	1123.91
621.5	1111.04
621.8	1178.45
622.2	1217.53
622.5	1266.45
622.8	1321.45
623.2	1338.31
623.5	1362.41
623.9	1422.33
624.2	1495.12
624.6	1549.19
624.9	1544.74
625.3	1595.06
625.6	1687.75
626	1740.88
626.3	1795.41
626.7	1870.31
627	1920.16
627.3	1980.31
627.7	2042.57
628	2053.81
628.4	2157.96
628.7	2239.18
629.1	2249.01
629.4	2318.99
629.8	2358.31
630.1	2419.16
630.5	2476.74
630.8	2426.89
631.1	2511.38
631.5	2530.57
631.8	2495.7
632.2	2539.7
632.5	2507.17
632.9	2522.38
633.2	2505.76
633.6	2477.44
633.9	2445.14
634.2	2407.23
634.6	2301.44
634.9	2283.41
635.3	2195.88
635.6	2117.7
636	2041.87
636.3	1952.46
636.7	1863.52
637	1754.22
637.3	1695.71
637.7	1568.85
638	1526.02
638.4	1424.44
638.7	1314.67
639.1	1230.64
639.4	1174.7
639.8	1098.4
640.1	1019.76
640.4	959.14
640.8	887.52
641.1	861.07
641.5	780.56
641.8	728.6
642.2	691.15
642.5	651.36
642.8	583.25
643.2	569.91
643.5	500.16
643.9	492.67
644.2	466.69
644.6	417.3
644.9	413.09
645.3	398.11
645.6	366.98
645.9	359.73
646.3	308
646.6	335.39
647	281.32
647.3	257.68
647.7	226.78
648	217.66
648.3	234.04
648.7	205.72
649	194.02
649.4	188.63
649.7	188.63
650.1	153.53
650.4	154.23
650.7	149.31
651.1	124.5
651.4	117.01
651.8	99.46
652.1	128.01
652.4	80.27
652.8	103.67
653.1	119.59
653.5	91.27
653.8	115.14
654.2	86.82
654.5	100.63
654.8	80.74
655.2	65.76
655.5	71.84
655.9	80.5
656.2	57.1
656.6	70.2
656.9	100.4
657.2	66.46
657.6	49.14
657.9	81.91
658.3	48.2
658.6	52.41
658.9	64.82
659.3	54.99
659.6	46.1
660	65.99
660.3	53.12
660.7	32.05
661	29.01
661.3	49.84
661.7	40.48
662	48.44
662.4	27.14
662.7	31.35
663	33.46
663.4	9.35
663.7	50.31
664.1	6.07
664.4	5.14
664.7	-3.29
665.1	44.69
665.4	15.9
665.8	8.18
666.1	21.29
666.4	38.37
666.8	35.56
667.1	11.92
667.5	17.31
667.8	25.97
668.1	14.97
668.5	3.73
668.8	21.29
669.2	21.99
669.5	17.07
669.8	42.58
670.2	-0.48
670.5	-11.48
670.9	0.92
671.2	7.94
671.5	21.29
671.9	-21.31
672.2	-2.82
672.6	49.84
672.9	39.07
673.2	9.35
673.6	20.35
673.9	40.48
674.3	-10.08
674.6	7.24
674.9	15.9
675.3	16.37
675.6	27.37
676	28.54
676.3	17.54
676.6	16.84
677	15.43
677.3	-7.5
677.7	-5.86
678	-26.23
678.3	14.5
678.7	3.73
679	20.82
679.4	-4.23
679.7	9.35
680	11.69
680.4	27.61
680.7	15.2
681	24.56
681.4	-1.42
681.7	-1.18
682.1	21.75
682.4	-17.8
682.7	-25.06
683.1	-21.31
683.4	62.48
683.8	15.2
684.1	5.6
684.4	16.14
684.8	12.39
685.1	0.69
685.4	24.09
685.8	28.07
686.1	73.25
686.5	21.75
686.8	8.41
687.1	20.82
687.5	9.82
687.8	21.29
688.1	26.44
688.5	10.29
688.8	26.9
689.2	6.77
689.5	-17.33
689.8	-11.25
690.2	14.5
690.5	7.24
690.8	8.18
691.2	8.41
691.5	8.88
691.9	12.63
692.2	2.8
692.5	7.24
692.9	-29.04
693.2	-4.69
693.5	-12.42
693.9	-6.8
694.2	12.16
694.6	35.8
694.9	12.63
695.2	-8.2
695.6	1.63
695.9	-43.78
696.2	-8.91
696.6	0.69
696.9	21.29
697.2	9.35
697.6	45.86
697.9	-20.14
698.3	-9.84
698.6	10.29
698.9	-21.78
699.3	-12.42
699.6	-12.89
699.9	16.14
700.3	20.35
700.6	3.97
700.9	-26.46
701.3	0.69
701.6	-8.44
702	2.56
702.3	32.05
702.6	31.58
703	-14.52
703.3	5.37
703.6	23.16
704	-11.01
704.3	25.73
704.6	-1.42
705	2.33
705.3	-13.82
705.6	27.84
706	30.18
706.3	-8.67
706.6	0.22
707	-12.89
707.3	22.92
707.7	5.84
708	25.03
708.3	-15.46
708.7	-1.65
709	1.63
709.3	0.22
709.7	1.86
710	-0.48
710.3	-7.03
710.7	10.29
711	-8.67
711.3	-9.38
711.7	7.01
712	21.99
712.3	-22.25
712.7	9.12
713	14.73
713.3	-29.27
713.7	17.54
714	42.12
714.3	3.97
714.7	2.8
715	-14.76
715.3	-18.74
715.7	8.18
716	40.24
716.3	-0.01
716.7	12.16
717	-1.18
717.3	-2.82
717.7	7.48
718	-4.69
718.4	3.73
718.7	-22.01
719	-10.31
719.4	6.77
719.7	15.67
720	11.22
720.4	-9.14
720.7	6.31
721	-4.46
721.3	-8.67
721.7	28.54
722	-0.25
722.3	3.73
722.7	5.6
723	9.12
723.3	5.84
723.7	10.29
724	0.92
724.3	18.24
724.7	-5.63
725	-1.42
725.3	20.58
725.7	8.65
726	3.97
726.3	-11.72
726.7	-23.89
727	16.6
727.3	7.24
727.7	-22.72
728	21.99
728.3	-24.35
728.7	21.29
729	27.84
729.3	22.92
729.7	14.73
730	28.31
730.3	-11.48
730.7	6.54
731	-9.14
731.3	-1.18
731.7	-1.18
732	33.22
732.3	7.48
732.6	-7.74
733	-7.03
733.3	2.56
733.6	3.97
734	-1.65
734.3	-1.65
734.6	-18.04
735	4.9
735.3	-19.67
735.6	-9.61
736	16.84
736.3	14.03
736.6	-5.16
737	17.07
737.3	0.22
737.6	33.46
737.9	-15.46
738.3	6.54
738.6	-17.8
738.9	32.99
739.3	-21.78
739.6	-9.38
739.9	-13.35
740.3	15.2
740.6	-22.25
740.9	18.01
741.2	-3.99
741.6	21.05
741.9	-6.57
742.2	-3.99
742.6	-0.95
742.9	-2.35
743.2	-4.23
743.6	-26.93
743.9	5.6
744.2	6.31
744.6	17.07
744.9	4.9
745.2	-13.35
745.5	-11.01
745.9	6.07
746.2	7.48
746.5	-1.65
746.9	39.78
747.2	-15.46
747.5	-23.18
747.8	-10.31
748.2	7.01
748.5	-0.95
748.8	4.9
749.2	7.01
749.5	24.09
749.8	9.58
750.1	12.63
750.5	15.9
750.8	14.03
751.1	25.5
751.5	12.86
751.8	-5.86
752.1	-4.93
752.5	5.37
752.8	11.22
753.1	-5.4
753.4	12.16
753.8	-11.01
754.1	2.09
754.4	10.75
754.7	-7.03
755.1	-1.65
755.4	-17.33
755.7	-4.23
756.1	9.35
756.4	27.84
756.7	11.46
757	-10.31
757.4	-22.95
757.7	5.14
758	1.63
758.4	7.01
758.7	19.88
759	-10.78
759.3	7.01
759.7	11.22
760	45.16
760.3	38.14
760.7	-6.8
761	3.26
761.3	-0.25
761.6	-20.38
762	-2.12
762.3	7.71
762.6	-4.93
762.9	-6.1
763.3	-11.95
763.6	-3.29
763.9	-13.35
764.2	-1.42
764.6	-9.38
764.9	-6.1
765.2	-10.55
765.6	17.07
765.9	15.2
766.2	-3.06
766.5	32.99
766.9	-10.08
767.2	-18.97
767.5	8.41
767.8	-5.16
768.2	-5.4
768.5	-26.93
768.8	9.58
769.1	0.46
769.5	-17.8
769.8	8.41
770.1	22.46
770.5	3.97
770.8	-7.5
771.1	21.99
771.4	15.43
771.8	19.41
772.1	8.88
772.4	28.07
772.7	-3.06
773.1	-9.84
773.4	15.9
773.7	-2.12
774	-20.14
774.4	-3.99
774.7	0.46
775	-8.44
775.3	-42.84
775.7	32.05
776	6.77
776.3	11.69
776.6	-2.82
777	-47.29
777.3	-24.12
777.6	0.22
777.9	12.39
778.3	16.14
778.6	38.37
778.9	16.14
779.2	-3.99
779.6	-8.2
779.9	17.78
780.2	31.12
780.5	3.5
780.9	-12.65
781.2	2.09
781.5	4.43
781.8	-3.99
782.2	-13.82
782.5	2.8
782.8	-7.74
783.1	17.54
783.4	-10.55
783.8	18.71
784.1	23.63
784.4	30.41
784.7	-0.01
785.1	15.67
785.4	19.65
785.7	-5.63
786	-12.65
786.4	-16.86
786.7	-8.44
787	13.09
787.3	1.63
787.7	-10.78
788	0.46
788.3	24.33
788.6	-8.2
788.9	0.22
789.3	4.67
789.6	4.67
789.9	-0.95
790.2	4.43
790.6	7.94
790.9	19.18
791.2	-1.18
791.5	-9.38
791.9	15.2
792.2	18.01
792.5	22.46
792.8	0.22
793.1	-3.99
793.5	-9.84
793.8	-14.99
794.1	-4.46
794.4	-27.16
794.8	8.88
795.1	31.82
795.4	10.52
795.7	-39.1
796	12.86
796.4	-1.18
796.7	25.97
797	35.56
797.3	12.86
797.7	-3.99
798	-1.18
798.3	-10.55
798.6	-9.61
798.9	4.67
799.3	18.24
799.6	3.5
799.9	18.24
800.2	29.24
800.5	8.41
800.9	14.26
801.2	20.58
801.5	25.26
801.8	16.14
802.2	-3.29
802.5	-3.29
802.8	19.65
803.1	15.9
803.4	30.41
803.8	2.56
804.1	7.94
804.4	2.8
804.7	14.97
805	-7.03
805.4	-3.52
805.7	-26.46
806	13.56
806.3	26.67
806.6	-1.18
807	9.82
807.3	-14.06
807.6	7.24
807.9	9.58
808.2	14.97
808.6	-11.72
808.9	21.05
809.2	6.54
809.5	-5.4
809.8	-19.21
810.2	-1.89
810.5	3.5
810.8	25.03
811.1	9.58
811.4	33.92
811.8	29.24
812.1	6.31
812.4	8.18
812.7	7.94
813	-19.21
813.4	30.41
813.7	-4.23
814	12.63
814.3	-17.8
814.6	4.2
815	18.71
815.3	-7.5
815.6	1.16
815.9	-11.01
816.2	-3.99
816.5	42.35
816.9	-10.31
817.2	3.97
817.5	12.16
817.8	12.39
818.1	7.01
818.5	-13.82
818.8	44.22
819.1	6.54
819.4	2.8
819.7	9.82
820.1	-17.8
820.4	-10.55
820.7	26.9
821	14.97
821.3	-29.04
821.6	-1.18
822	-13.12
822.3	8.18
822.6	-9.84
822.9	11.46
823.2	-0.95
823.5	14.5
823.9	8.65
824.2	-4.23
824.5	2.56
824.8	-0.95
825.1	11.92
825.5	21.99
825.8	6.31
826.1	7.48
826.4	13.09
826.7	23.86
827	21.05
827.4	19.65
827.7	21.52
828	-26.46
828.3	14.03
828.6	8.88
828.9	-33.01
829.3	-2.35
829.6	10.29
829.9	-10.55
830.2	3.26
830.5	-0.48
830.8	2.09
831.2	3.03
831.5	-18.5
831.8	-2.35
832.1	-8.2
832.4	-5.16
832.7	-16.63
833.1	-9.61
833.4	30.18
833.7	6.31
834	30.65
834.3	18.48
834.6	11.46
835	15.2
835.3	-14.29
835.6	11.46
835.9	22.69
836.2	4.43
836.5	1.63
836.8	10.52
837.2	-1.65
837.5	-14.06
837.8	-7.74
838.1	-9.61
838.4	7.48
838.7	-5.86
839.1	33.92
839.4	30.65
839.7	-10.78
840	-5.16
840.3	4.9
840.6	-279.24
840.9	-11.01
841.3	-26.93
841.6	16.37
841.9	-9.84
842.2	16.14
842.5	-6.8
842.8	-5.4
843.1	4.43
843.5	-19.44
843.8	5.37
844.1	-5.16
844.4	-10.08
844.7	40.95
845	25.03
845.3	-16.86
845.7	3.26
846	-28.1
846.3	-6.33
846.6	3.26
846.9	8.88
847.2	21.29
847.5	-0.25
847.9	13.09
848.2	36.03
848.5	17.31
848.8	23.63
849.1	1.39
849.4	8.18
849.7	15.2
850	-9.84
850.4	15.9
850.7	-21.55
851	20.58
851.3	-28.8
851.6	23.86
851.9	-10.31
852.2	-4.46
852.5	-18.74
852.9	0.69
853.2	-7.27
853.5	2.8
853.8	32.29
854.1	21.75
854.4	-5.16
854.7	8.65
855.1	-12.18
855.4	14.97
855.7	-0.48
856	27.37
856.3	3.73
856.6	9.58
856.9	-6.1
857.2	-0.01
857.5	18.95
857.9	16.6
858.2	24.09
858.5	5.84
858.8	-18.97
859.1	-12.65
859.4	27.37
859.7	7.01
860	-3.29
860.4	33.92
860.7	19.41
861	12.63
861.3	7.48
861.6	19.65
861.9	9.35
862.2	-0.01
862.5	-27.63
862.8	2.33
863.2	11.22
863.5	47.27
863.8	37.67
864.1	-3.29
864.4	22.22
864.7	3.03
865	24.33
865.3	17.54
865.6	25.5
866	10.05
866.3	9.82
866.6	-12.89
866.9	10.29
867.2	-10.31
867.5	-8.44
867.8	14.97
868.1	-0.72
868.4	14.73
868.7	-31.14
869.1	12.63
869.4	-1.89
869.7	13.33
870	-5.16
870.3	14.26
870.6	4.9
870.9	-40.27
871.2	-18.74
871.5	11.46
871.8	-13.59
872.1	-8.2
872.5	9.12
872.8	6.07
873.1	12.63
873.4	-18.27
873.7	-2.59
874	28.31
874.3	5.84
874.6	15.67
874.9	16.6
875.2	1.16
875.6	-0.25
875.9	-4.69
876.2	-26.23
876.5	9.58
876.8	22.22
877.1	9.82
877.4	9.12
877.7	-11.48
878	15.43
878.3	13.56
878.6	-2.35
878.9	18.01
879.3	-19.44
879.6	23.63
879.9	6.77
880.2	-11.95
880.5	-11.72
880.8	-2.59
881.1	0.22
881.4	0.92
881.7	19.88
882	12.86
882.3	-6.8
882.6	12.16
882.9	-15.46
883.3	-20.61
883.6	-1.65
883.9	0.69
884.2	-15.69
884.5	7.71
884.8	23.39
885.1	-12.42
885.4	-0.95
885.7	-7.03
886	-4.93
886.3	-24.35
886.6	-11.01
886.9	-7.97
887.2	-7.74
887.6	13.09
887.9	9.82
888.2	-24.35
888.5	-16.4
888.8	-0.25
889.1	-2.82
889.4	26.67
889.7	-2.59
890	7.94
890.3	6.77
890.6	5.37
890.9	-3.99
891.2	28.78
891.5	7.01
891.8	10.05
892.1	-12.18
892.5	-2.82
892.8	21.99
893.1	-1.42
893.4	-6.8
893.7	16.14
894	8.88
894.3	4.2
894.6	0.69
894.9	3.73
895.2	12.16
895.5	-24.35
895.8	-4.93
896.1	27.37
896.4	6.54
896.7	-13.12
897	-24.12
897.3	-10.08
897.6	4.9
897.9	20.82
898.3	-1.18
898.6	14.26
898.9	-0.95
899.2	31.12
899.5	6.07
899.8	9.12
900.1	2.56
900.4	10.75
900.7	-1.42
901	3.5
901.3	-2.59
901.6	-8.91
901.9	27.84
902.2	16.14
902.5	14.73
902.8	9.35
903.1	-3.76
903.4	32.99
903.7	-0.48
904	27.84
904.3	18.48
904.6	-18.27
904.9	-6.57
905.2	23.39
905.6	-14.29
905.9	-21.55
906.2	-0.25
906.5	37.44
906.8	8.65
907.1	-21.31
907.4	0.46
907.7	-10.08
908	-23.42
908.3	-16.16
908.6	11.92
908.9	-14.29
909.2	11.92
909.5	18.95
909.8	-4.46
910.1	15.67
910.4	-13.35
910.7	-7.97
911	19.65
911.3	5.84
911.6	-25.99
911.9	26.2
912.2	2.33
912.5	-9.84
912.8	-8.2
913.1	-11.72
913.4	0.92
913.7	-18.74
914	19.88
914.3	-11.95
914.6	-12.65
914.9	14.73
915.2	-7.97
915.5	17.07
915.8	0.46
916.1	-17.33
916.4	12.16
916.7	3.26
917	-12.18
917.3	24.8
917.6	12.86
917.9	0.92
918.2	5.84
918.5	19.41
918.8	-13.59
919.1	-5.4
919.5	8.41
919.8	7.94
920.1	-13.59
920.4	-16.86
920.7	-20.14
921	4.9
921.3	-1.65
921.6	5.37
921.9	15.43
922.2	9.82
922.5	7.48
922.8	0.22
923.1	11.69
923.4	-15.23
923.7	11.69
924	-6.57
924.3	5.14
924.6	17.31
924.9	4.9
925.2	-5.86
925.5	7.94
925.8	-8.2
926.1	14.03
926.4	-1.89
926.7	10.75
927	-18.27
927.3	-4.69
927.6	-0.95
927.9	13.8
928.2	-7.27
928.4	-33.48
928.7	-6.33
929	39.31
929.3	7.01
929.6	6.31
929.9	-6.33
930.2	3.26
930.5	0.22
930.8	1.16
931.1	-7.74
931.4	-2.12
931.7	-9.14
932	-14.52
932.3	-11.72
932.6	7.01
932.9	8.18
933.2	-15.93
933.5	7.48
933.8	3.26
934.1	-17.8
934.4	3.03
934.7	26.67
935	14.26
935.3	-11.95
935.6	-31.14
935.9	18.01
936.2	30.65
936.5	-12.18
936.8	7.94
937.1	20.58
937.4	11.69
937.7	-9.38
938	8.65
938.3	2.33
938.6	-25.29
938.9	1.16
939.2	6.77
939.5	12.16
939.8	-5.86
940.1	13.33
940.4	-1.42
940.7	-19.91
941	-14.99
941.3	4.67
941.6	12.16
941.9	16.6
942.2	16.6
942.4	-17.57
942.7	15.67
943	3.5
943.3	21.29
943.6	7.48
943.9	0.69
944.2	22.46
944.5	15.9
944.8	-26.23
945.1	13.33
945.4	2.56
945.7	-19.91
946	-0.01
946.3	12.16
946.6	4.9
946.9	-1.42
947.2	6.77
947.5	14.73
947.8	-4.46
948.1	-3.76
948.4	-9.84
948.7	-5.86
949	-35.59
949.2	-16.63
949.5	-7.74
949.8	26.9
950.1	6.54
950.4	-0.48
950.7	-11.25
951	12.86
951.3	-33.95
951.6	-15.46
951.9	-26.93
952.2	3.97
952.5	5.6
952.8	-13.59
953.1	-8.2
953.4	35.8
953.7	18.71
954	3.03
954.3	-21.08
954.6	5.37
954.8	-5.63
955.1	7.48
955.4	-11.72
955.7	2.56
956	-7.27
956.3	10.05
956.6	-17.8
956.9	16.37
957.2	-23.65
957.5	-0.01
957.8	-0.72
958.1	-22.72
958.4	13.56
958.7	-13.12
959	17.31
959.2	2.8
959.5	6.31
959.8	-26.23
960.1	-5.4
960.4	-11.72
960.7	9.35
961	5.84
961.3	-17.57
961.6	13.09
961.9	25.03
962.2	37.44
962.5	4.43
962.8	0.46
963.1	-0.48
963.3	28.31
963.6	12.39
963.9	8.18
964.2	13.33
964.5	-12.42
964.8	16.14
965.1	9.58
965.4	17.78
965.7	-7.03
966	-6.1
966.3	-13.82
966.6	22.46
966.9	8.88
967.1	23.86
967.4	13.56
967.7	15.2
968	20.58
968.3	-0.25
968.6	-0.48
968.9	11.46
969.2	-24.59
969.5	10.52
969.8	15.67
970.1	15.9
970.3	-12.42
970.6	13.09
970.9	31.58
971.2	-7.5
971.5	23.39
971.8	9.35
972.1	30.18
972.4	12.63
972.7	21.29
973	-1.65
973.3	10.75
973.5	-3.06
973.8	7.24
974.1	15.2
974.4	-4.23
974.7	-3.99
975	-17.8
975.3	24.09
975.6	1.86
975.9	7.94
976.2	22.46
976.4	34.86
976.7	-7.97
977	26.44
977.3	-7.27
977.6	4.9
977.9	14.73
978.2	12.63
978.5	18.71
978.8	11.22
979	-10.78
979.3	4.9
979.6	12.86
979.9	22.92
980.2	4.9
980.5	2.09
980.8	28.31
981.1	-19.44
981.4	11.46
981.6	-199.89
981.9	-4.23
982.2	19.88
982.5	-3.29
982.8	10.99
983.1	-18.97
983.4	16.14
983.7	-2.59
984	3.97
984.2	4.9
984.5	-11.72
984.8	3.26
985.1	-1.89
985.4	9.35
985.7	21.75
986	32.75
986.3	-18.04
986.5	18.01
986.8	6.31
987.1	-14.99
987.4	0.92
987.7	-7.74
988	-15.69
988.3	16.6
988.6	1.63
988.8	-34.42
989.1	-24.12
989.4	1.86
989.7	17.78
990	21.05
990.3	19.65
990.6	35.33
990.9	4.9
991.1	-16.16
991.4	-12.89
991.7	6.54
992	-19.21
992.3	2.8
992.6	16.14
992.9	-8.2
993.1	7.24
993.4	31.82
993.7	-6.33
994	-18.27
994.3	6.54
994.6	15.2
994.9	-22.01
995.1	7.24
995.4	-8.44
995.7	32.52
996	-15.23
996.3	-11.72
996.6	-0.01
996.9	8.88
997.1	9.82
997.4	1.86
997.7	3.5
998	-11.25
998.3	-8.91
998.6	-26.93
998.9	29.24
999.1	-14.06
999.4	-28.8
999.7	1.63
1000	-0.95
1000.3	5.84
1000.6	-7.27
1000.8	-5.86
1001.1	23.86
1001.4	16.84
1001.7	-22.25
1002	-0.01
1002.3	-5.16
1002.6	-2.12
1002.8	7.01
1003.1	13.09
1003.4	-8.67
1003.7	-10.55
1004	-5.16
1004.3	3.97
1004.5	-14.29
1004.8	-19.67
1005.1	-23.65
1005.4	-6.33
1005.7	21.75
1006	3.26
1006.2	14.97
1006.5	15.2
1006.8	7.94
1007.1	-10.78
1007.4	20.12
1007.7	21.99
1007.9	-5.16
1008.2	7.94
1008.5	-16.63
1008.8	13.56
1009.1	9.35
1009.4	5.84
1009.6	-23.65
1009.9	-20.84
1010.2	10.52
1010.5	-2.59
1010.8	0.69
1011.1	34.86
1011.3	-3.76
1011.6	-4.46
1011.9	10.05
1012.2	25.97
1012.5	-0.01
1012.7	-6.57
1013	-16.63
1013.3	6.77
1013.6	0.92
1013.9	3.03
1014.2	-40.5
1014.4	24.09
1014.7	16.14
1015	-8.2
1015.3	-8.2
1015.6	15.43
1015.8	9.58
1016.1	20.82
1016.4	-12.65
1016.7	26.2
1017	0.92
1017.2	10.05
1017.5	10.99
1017.8	-3.29
1018.1	8.88
1018.4	-2.82
1018.7	-7.27
1018.9	1.86
1019.2	-4.23
1019.5	-1.42
1019.8	33.22
1020.1	29.01
1020.3	-19.91
1020.6	-14.29
1020.9	-14.29
1021.2	-14.29
