340.2	-13.86
340.6	-13.86
340.9	-13.86
341.3	18.2
341.7	5.33
342.1	12.82
342.4	-35.16
342.8	-14.33
343.2	-4.97
343.6	-8.01
343.9	-1.46
344.3	3.22
344.7	27.57
345.1	1.82
345.4	17.97
345.8	27.33
346.2	3.46
346.6	-12.22
346.9	17.5
347.3	13.29
347.7	1.12
348	4.86
348.4	3.22
348.8	8.37
349.2	-18.78
349.5	-1.46
349.9	-17.14
350.3	-7.78
350.7	12.82
351	-9.65
351.4	-9.65
351.8	-23.22
352.2	0.42
352.5	-9.65
352.9	5.8
353.3	4.16
353.6	9.54
354	47.93
354.4	20.31
354.8	2.29
355.1	1.59
355.5	-4.5
355.9	-4.26
356.3	22.89
356.6	-15.73
357	-5.2
357.4	16.33
357.8	9.08
358.1	-0.52
358.5	0.65
358.9	-13.16
359.2	4.4
359.6	5.8
360	-12.46
360.4	-3.8
360.7	-0.05
361.1	2.29
361.5	-16.2
361.9	11.18
362.2	-0.29
362.6	10.25
363	-15.73
363.3	-4.73
363.7	4.63
364.1	-2.16
364.5	-3.56
364.8	-4.97
365.2	-1.69
365.6	3.22
366	12.12
366.3	30.61
366.7	-16.9
367.1	-7.78
367.4	-4.97
367.8	-4.5
368.2	0.65
368.6	11.65
368.9	11.18
369.3	-10.58
369.7	15.4
370	-0.29
370.4	-13.63
370.8	11.65
371.2	10.25
371.5	3.46
371.9	6.97
372.3	4.86
372.6	-12.46
373	17.97
373.4	10.95
373.8	4.86
374.1	-7.78
374.5	-13.16
374.9	-1.92
375.2	15.4
375.6	17.27
376	7.44
376.4	-0.99
376.7	3.69
377.1	-15.97
377.5	-7.07
377.8	-8.71
378.2	14.93
378.6	6.74
379	1.35
379.3	-0.99
379.7	16.33
380.1	10.95
380.4	0.65
380.8	-26.97
381.2	16.8
381.6	-7.31
381.9	8.61
382.3	29.91
382.7	4.4
383	-15.27
383.4	-6.84
383.8	4.86
384.2	10.01
384.5	23.35
384.9	3.22
385.3	-1.46
385.6	-23.93
386	-30.71
386.4	23.82
386.7	22.89
387.1	39.27
387.5	-9.88
387.9	4.4
388.2	-10.58
388.6	-15.5
389	0.88
389.3	8.37
389.7	28.03
390.1	-7.78
390.5	25.69
390.8	-15.03
391.2	17.5
391.6	10.95
391.9	-1.46
392.3	14.23
392.7	8.84
393	-0.75
393.4	10.95
393.8	6.97
394.2	21.01
394.5	-7.54
394.9	12.35
395.3	-16.44
395.6	10.01
396	-8.01
396.4	13.52
396.7	21.95
397.1	2.05
397.5	25.23
397.8	-8.24
398.2	-0.52
398.6	6.03
399	19.61
399.3	27.57
399.7	-5.67
400.1	16.57
400.4	-1.22
400.8	26.16
401.2	15.4
401.5	-17.84
401.9	25.46
402.3	-16.44
402.7	5.8
403	7.2
403.4	25.46
403.8	14.93
404.1	-0.29
404.5	20.08
404.9	2.52
405.2	-3.56
405.6	-5.67
406	-13.63
406.3	21.95
406.7	38.1
407.1	10.25
407.4	35.76
407.8	18.91
408.2	22.89
408.6	14.69
408.9	16.8
409.3	7.44
409.7	24.06
410	9.54
410.4	18.44
410.8	57.99
411.1	42.55
411.5	38.57
411.9	171.04
412.2	68.76
412.6	59.87
413	43.95
413.3	46.06
413.7	45.12
414.1	64.78
414.4	30.61
414.8	87.25
415.2	73.67
415.5	64.78
415.9	95.21
416.3	71.33
416.7	73.21
417	100.83
417.4	75.08
417.8	139.44
418.1	121.89
418.5	130.78
418.9	141.55
419.2	145.53
419.6	143.42
420	149.74
420.3	158.17
420.7	167.3
421.1	161.91
421.4	159.1
421.8	191.64
422.2	184.62
422.5	203.81
422.9	218.79
423.3	206.62
423.6	210.83
424	329.73
424.4	290.41
424.7	238.21
425.1	247.81
425.5	239.85
425.8	278.71
426.2	254.36
426.6	245.7
426.9	286.43
427.3	297.66
427.7	298.37
428	278.94
428.4	298.13
428.8	294.62
429.1	322.47
429.5	358.05
429.9	347.75
430.2	327.62
430.6	362.5
431	349.62
431.3	391.52
431.7	399.95
432.1	404.16
432.4	393.63
432.8	394.09
433.2	431.54
433.5	439.97
433.9	445.82
434.3	432.01
434.6	461.74
435	437.63
435.4	459.63
435.7	463.14
436.1	477.42
436.5	464.08
436.8	455.65
437.2	445.82
437.6	432.95
437.9	234.94
438.3	444.42
438.7	449.33
439	466.65
439.4	433.18
439.8	436.22
440.1	431.31
440.5	421.95
440.9	402.29
441.2	400.65
441.6	370.45
442	347.05
442.3	326.69
442.7	314.52
443.1	300
443.4	272.62
443.8	257.17
444.1	251.32
444.5	265.13
444.9	209.19
445.2	195.85
445.6	181.57
446	160.04
446.3	146.93
446.7	144.83
447.1	130.32
447.4	128.91
447.8	133.12
448.2	134.29
448.5	123.53
448.9	114.87
449.3	109.95
449.6	87.95
450	84.68
450.4	94.04
450.7	82.57
451.1	44.18
451.4	74.61
451.8	65.95
452.2	40.67
452.5	48.63
452.9	66.19
453.3	28.03
453.6	55.65
454	54.72
454.4	21.71
454.7	16.57
455.1	-0.29
455.5	37.86
455.8	15.4
456.2	40.67
456.5	17.27
456.9	53.78
457.3	19.14
457.6	25.46
458	32.25
458.4	31.55
458.7	10.95
459.1	15.16
459.5	31.55
459.8	72.27
460.2	42.31
460.5	24.06
460.9	4.16
461.3	38.57
461.6	28.74
462	18.44
462.4	7.2
462.7	43.25
463.1	34.12
463.5	27.1
463.8	15.86
464.2	18.2
464.5	13.99
464.9	21.48
465.3	27.8
465.6	20.08
466	30.37
466.4	19.14
466.7	18.67
467.1	31.31
467.5	9.78
467.8	-11.29
468.2	24.06
468.5	-1.22
468.9	26.16
469.3	7.2
469.6	12.59
470	-8.01
470.4	23.12
470.7	10.71
471.1	6.74
471.4	24.06
471.8	15.63
472.2	13.52
472.5	63.14
472.9	4.4
473.3	18.91
473.6	24.52
474	19.84
474.3	27.1
474.7	16.33
475.1	17.97
475.4	3.22
475.8	3.22
476.2	10.48
476.5	18.2
476.9	16.57
477.2	26.86
477.6	28.27
478	17.03
478.3	24.52
478.7	21.71
479.1	11.88
479.4	14.69
479.8	45.82
480.1	22.65
480.5	6.03
480.9	24.29
481.2	-0.29
481.6	34.82
481.9	29.2
482.3	20.78
482.7	-4.5
483	27.8
483.4	47.46
483.8	22.65
484.1	37.86
484.5	-4.26
484.8	46.06
485.2	42.31
485.6	44.65
485.9	40.21
486.3	18.2
486.6	23.59
487	38.1
487.4	38.57
487.7	44.18
488.1	45.12
488.5	77.42
488.8	55.65
489.2	48.63
489.5	24.99
489.9	68.06
490.3	47.23
490.6	61.04
491	50.5
491.3	70.63
491.7	16.57
492.1	72.97
492.4	93.8
492.8	79.29
493.1	63.61
493.5	93.8
493.9	71.57
494.2	105.04
494.6	95.68
494.9	74.61
495.3	59.87
495.7	99.89
496	92.87
496.4	113.93
496.7	109.25
497.1	88.42
497.5	119.55
497.8	128.44
498.2	112.53
498.5	101.06
498.9	144.59
499.3	122.83
499.6	126.1
500	130.32
500.3	175.72
500.7	176.66
501.1	161.68
501.4	170.1
501.8	194.45
502.1	200.3
502.5	182.28
502.9	197.26
503.2	228.38
503.6	232.13
503.9	184.85
504.3	223
504.7	265.83
505	241.96
505.4	265.83
505.7	247.34
506.1	301.41
506.5	254.13
506.8	292.75
507.2	300
507.5	309.13
507.9	305.62
508.2	319.9
508.6	355.48
509	351.26
509.3	384.03
509.7	347.99
510	375.37
510.4	395.97
510.8	384.73
511.1	434.82
511.5	430.14
511.8	450.27
512.2	445.35
512.6	461.27
512.9	465.25
513.3	458.93
513.6	494.27
514	467.35
514.3	537.33
514.7	519.78
515.1	513.93
515.4	551.61
515.8	513.7
516.1	528.68
516.5	590
516.9	592.81
517.2	595.15
517.6	601.23
517.9	610.59
518.3	632.36
518.6	596.32
519	619.72
519.4	623.23
519.7	650.85
520.1	647.81
520.4	631.19
520.8	686.9
521.1	655.3
521.5	713.81
521.9	695.79
522.2	670.28
522.6	699.07
522.9	707.73
523.3	722
523.6	697.19
524	707.02
524.4	723.41
524.7	745.88
525.1	779.58
525.4	797.84
525.8	784.5
526.2	820.31
526.5	798.3
526.9	813.28
527.2	794.56
527.6	835.52
527.9	836.22
528.3	852.37
528.6	853.78
529	851.43
529.4	858.22
529.7	879.76
530.1	870.63
530.4	868.75
530.8	912.76
531.1	901.99
531.5	906.44
531.9	879.52
532.2	912.52
532.6	917.91
532.9	921.42
533.3	955.12
533.6	965.42
534	969.63
534.4	1140.96
534.7	966.82
535.1	969.16
535.4	947.63
535.8	967.99
536.1	975.25
536.5	1003.1
536.8	1026.04
537.2	1008.48
537.6	976.42
537.9	984.61
538.3	1005.44
538.6	1031.19
539	1026.98
539.3	1049.68
539.7	1005.21
540	1053.19
540.4	1042.66
540.8	1061.85
541.1	967.53
541.5	1041.95
541.8	1055.76
542.2	1024.87
542.5	1094.15
542.9	1057.64
543.2	1087.83
543.6	1073.79
544	1056
544.3	1071.45
544.7	1100.47
545	1082.91
545.4	1112.87
545.7	1102.81
546.1	1108.43
546.4	1104.68
546.8	1123.41
547.2	1115.68
547.5	1132.3
547.9	1109.36
548.2	1129.49
548.6	1114.75
548.9	1123.17
549.3	1154.3
549.6	1109.83
550	1134.87
550.3	1134.64
550.7	1157.58
551.1	1156.41
551.4	1149.62
551.8	1149.39
552.1	1129.26
552.5	1132.77
552.8	1125.75
553.2	1112.4
553.5	1105.38
553.9	1128.79
554.2	1182.85
554.6	1126.45
554.9	1123.17
555.3	1157.81
555.7	1153.6
556	1135.81
556.4	1093.68
556.7	1140.49
557.1	1111.94
557.4	1146.58
557.8	1163.9
558.1	1112.4
558.5	1147.75
558.8	1152.43
559.2	1131.83
559.5	1114.75
559.9	1142.83
560.3	1133.47
560.6	1112.4
561	1142.36
561.3	1095.08
561.7	1102.57
562	1098.36
562.4	1112.4
562.7	1111.47
563.1	1091.81
563.4	1101.87
563.8	1150.56
564.1	1122.7
564.5	1074.72
564.8	1079.64
565.2	1076.36
565.5	1099.3
565.9	1106.09
566.3	1081.74
566.6	1087.36
567	1098.6
567.3	1079.87
567.7	1070.74
568	1092.51
568.4	1089.47
568.7	1065.59
569.1	1046.87
569.4	1051.08
569.8	1083.38
570.1	1051.78
570.5	1058.57
570.8	1079.64
571.2	1081.28
571.5	1044.76
571.9	1048.27
572.2	1048.51
572.6	1067.47
572.9	1070.98
573.3	1068.87
573.6	1032.36
574	1051.32
574.4	1053.66
574.7	1053.42
575.1	1061.38
575.4	1039.61
575.8	1037.51
576.1	999.12
576.5	995.14
576.8	1052.72
577.2	1056.93
577.5	998.19
577.9	1028.61
578.2	1020.19
578.6	1031.66
578.9	1005.91
579.3	1029.78
579.6	1022.29
580	1014.34
580.3	997.25
580.7	985.31
581	956.52
581.4	1005.91
581.7	971.27
582.1	992.57
582.4	1007.31
582.8	983.44
583.1	980.16
583.5	973.38
583.8	985.08
584.2	988.36
584.5	966.12
584.9	965.65
585.2	965.65
585.6	978.99
585.9	955.59
586.3	942.48
586.6	946.46
587	945.29
587.3	939.44
587.7	944.59
588	977.82
588.4	946.93
588.7	940.61
589.1	966.12
589.4	933.35
589.8	935.23
590.1	927.5
590.5	924.46
590.8	912.29
591.2	912.99
591.5	906.91
591.9	880.46
592.2	921.65
592.6	904.8
592.9	890.99
593.3	890.76
593.6	901.76
594	890.52
594.3	882.33
594.7	889.82
595	875.54
595.4	868.29
595.7	848.16
596.1	870.86
596.4	849.56
596.8	875.31
597.1	849.09
597.5	870.86
597.8	881.86
598.2	885.61
598.5	872.27
598.9	839.97
599.2	840.9
599.6	825.22
599.9	821.94
600.3	856.82
600.6	826.39
601	814.22
601.3	809.07
601.7	787.3
602	808.84
602.4	807.2
602.7	814.22
603.1	821.48
603.4	819.37
603.8	756.18
604.1	760.86
604.5	780.98
604.8	764.84
605.1	782.16
605.5	799.01
605.8	788.01
606.2	753.13
606.5	765.77
606.9	786.13
607.2	720.83
607.6	751.26
607.9	741.66
608.3	753.37
608.6	762.03
609	714.05
609.3	736.98
609.7	724.81
610	742.37
610.4	700.47
610.7	708.19
611.1	713.81
611.4	736.98
611.8	714.51
612.1	688.53
612.5	669.34
612.8	675.89
613.1	687.13
613.5	691.34
613.8	655.3
614.2	630.02
614.5	722.94
614.9	679.64
615.2	691.11
615.6	656.23
615.9	669.34
616.3	667.47
616.6	648.04
617	652.72
617.3	628.62
617.7	610.36
618	635.17
618.3	641.02
618.7	661.62
619	618.08
619.4	626.28
619.7	629.32
620.1	616.91
620.4	614.57
620.8	613.4
621.1	620.89
621.5	597.95
621.8	590.93
622.2	606.15
622.5	613.87
622.8	610.13
623.2	568.93
623.5	522.82
623.9	603.34
624.2	577.36
624.6	590
624.9	567.06
625.3	557.23
625.6	529.14
626	520.25
626.3	532.19
626.7	512.99
627	545.06
627.3	549.04
627.7	530.08
628	544.82
628.4	508.08
628.7	533.82
629.1	491.69
629.4	516.04
629.8	502.7
630.1	526.33
630.5	509.72
630.8	484.2
631.1	517.44
631.5	489.12
631.8	511.12
632.2	514.63
632.5	488.42
632.9	467.59
633.2	466.65
633.6	458.69
633.9	480.46
634.2	466.18
634.6	486.31
634.9	476.95
635.3	452.61
635.6	449.33
636	421.95
636.3	440.2
636.7	451.2
637	427.8
637.3	443.01
637.7	448.63
638	449.8
638.4	440.44
638.7	424.76
639.1	431.54
639.4	427.33
639.8	426.63
640.1	431.78
640.4	442.08
640.8	394.09
641.1	428.27
641.5	389.18
641.8	405.33
642.2	387.07
642.5	388.71
642.8	380.75
643.2	412.12
643.5	378.88
643.9	358.75
644.2	399.01
644.6	382.39
644.9	373.97
645.3	382.63
645.6	401.82
645.9	378.41
646.3	378.41
646.6	365.77
647	374.2
647.3	358.28
647.7	328.79
648	361.09
648.3	340.96
648.7	322.47
649	375.37
649.4	328.33
649.7	329.26
650.1	316.86
650.4	356.88
650.7	324.81
651.1	318.73
651.4	301.17
651.8	303.98
652.1	325.28
652.4	283.39
652.8	277.3
653.1	335.11
653.5	287.37
653.8	327.15
654.2	328.09
654.5	315.69
654.8	309.6
655.2	304.45
655.5	307.26
655.9	314.75
656.2	297.66
656.6	285.73
656.9	318.26
657.2	303.52
657.6	260.92
657.9	273.79
658.3	299.77
658.6	271.92
658.9	272.85
659.3	299.3
659.6	259.98
660	300
660.3	274.26
660.7	250.62
661	259.98
661.3	255.53
661.7	263.96
662	272.85
662.4	239.38
662.7	235.41
663	241.26
663.4	242.43
663.7	188.6
664.1	199.13
664.4	220.89
664.7	227.45
665.1	253.19
665.4	212.94
665.8	261.85
666.1	228.85
666.4	223.7
666.8	245.24
667.1	206.62
667.5	222.3
667.8	220.43
668.1	241.26
668.5	211.53
668.8	192.57
669.2	211.77
669.5	210.13
669.8	197.96
670.2	188.6
670.5	228.15
670.9	190.23
671.2	197.72
671.5	208.96
671.9	157.93
672.2	197.49
672.6	198.66
672.9	186.25
673.2	190.7
673.6	192.11
673.9	188.83
674.3	184.15
674.6	204.74
674.9	176.89
675.3	204.04
675.6	184.85
676	300.94
676.3	173.62
676.6	161.91
677	188.6
677.3	134.06
677.7	141.08
678	153.25
678.3	166.13
678.7	173.38
679	169.64
679.4	152.08
679.7	161.91
680	156.53
680.4	158.64
680.7	157.23
681	177.13
681.4	160.27
681.7	144.12
682.1	157.47
682.4	163.79
682.7	129.85
683.1	147.64
683.4	163.08
683.8	161.21
684.1	152.32
684.4	149.27
684.8	118.38
685.1	142.02
685.4	146.7
685.8	119.08
686.1	131.25
686.5	134.29
686.8	110.89
687.1	155.59
687.5	119.08
687.8	143.66
688.1	131.49
688.5	129.38
688.8	113.46
689.2	101.53
689.5	98.25
689.8	-117.55
690.2	107.38
690.5	102.46
690.8	134.29
691.2	132.66
691.5	96.85
691.9	115.57
692.2	119.32
692.5	106.44
692.9	90.99
693.2	96.14
693.5	109.95
693.9	109.49
694.2	101.06
694.6	107.61
694.9	111.36
695.2	67.82
695.6	106.91
695.9	69.93
696.2	68.06
696.6	77.65
696.9	107.85
697.2	118.61
697.6	129.85
697.9	96.61
698.3	66.42
698.6	87.02
698.9	86.08
699.3	91.7
699.6	80.7
699.9	102.46
700.3	83.51
700.6	77.89
700.9	91.46
701.3	71.57
701.6	55.42
702	72.97
702.3	112.06
702.6	98.02
703	69.7
703.3	68.99
703.6	82.8
704	73.67
704.3	72.74
704.6	35.29
705	66.89
705.3	46.99
705.6	73.67
706	62.44
706.3	53.78
706.6	63.14
707	63.14
707.3	92.17
707.7	77.65
708	90.99
708.3	51.67
708.7	71.1
709	71.57
709.3	76.95
709.7	57.06
710	81.4
710.3	83.27
710.7	65.95
711	84.91
711.3	34.12
711.7	72.27
712	76.72
712.3	63.84
712.7	65.01
713	62.44
713.3	70.87
713.7	81.87
714	66.65
714.3	64.31
714.7	79.06
715	60.1
715.3	29.2
715.7	48.87
716	52.61
716.3	58.7
716.7	53.78
717	53.08
717.3	79.99
717.7	75.08
718	39.74
718.4	65.25
718.7	57.99
719	44.89
719.4	42.08
719.7	44.18
720	30.37
720.4	37.16
720.7	33.42
721	28.97
721.3	49.1
721.7	38.57
722	55.18
722.3	42.55
722.7	45.12
723	59.16
723.3	72.5
723.7	75.78
724	82.8
724.3	46.76
724.7	40.21
725	53.31
725.3	65.72
725.7	62.44
726	31.78
726.3	48.63
726.7	41.38
727	70.4
727.3	42.08
727.7	24.29
728	56.59
728.3	48.16
728.7	52.14
729	30.84
729.3	38.8
729.7	44.89
730	44.42
730.3	34.12
730.7	45.12
731	30.37
731.3	29.44
731.7	64.78
732	54.72
732.3	37.16
732.6	21.95
733	35.76
733.3	30.84
733.6	45.35
734	37.86
734.3	25.69
734.6	24.06
735	27.57
735.3	25.93
735.6	45.82
736	14.69
736.3	30.14
736.6	36.46
737	43.25
737.3	29.2
737.6	62.21
737.9	4.63
738.3	72.27
738.6	-9.65
738.9	35.29
739.3	13.52
739.6	22.89
739.9	13.05
740.3	45.82
740.6	34.59
740.9	24.99
741.2	0.88
741.6	40.21
741.9	29.44
742.2	17.74
742.6	33.18
742.9	30.61
743.2	20.54
743.6	-2.16
743.9	14.93
744.2	70.63
744.6	30.84
744.9	30.37
745.2	-27.2
745.5	27.1
745.9	21.71
746.2	38.8
746.5	22.42
746.9	57.99
747.2	21.71
747.5	-1.22
747.8	17.74
748.2	11.88
748.5	33.42
748.8	24.52
749.2	12.35
749.5	63.61
749.8	28.74
750.1	43.25
750.5	17.27
750.8	18.67
751.1	6.5
751.5	41.38
751.8	0.65
752.1	-0.75
752.5	23.12
752.8	25.23
753.1	6.97
753.4	50.97
753.8	13.99
754.1	18.91
754.4	18.67
754.7	21.71
755.1	15.4
755.4	4.4
755.7	18.44
756.1	29.2
756.4	37.86
756.7	2.52
757	29.2
757.4	4.63
757.7	5.33
758	4.86
758.4	38.8
758.7	25.46
759	11.18
759.3	-0.29
759.7	18.91
760	36.23
760.3	38.1
760.7	-2.16
761	16.57
761.3	18.91
761.6	17.74
762	18.91
762.3	20.54
762.6	32.01
762.9	17.27
763.3	-19.95
763.6	12.59
763.9	17.5
764.2	-11.52
764.6	-22.29
764.9	5.8
765.2	15.16
765.6	36.69
765.9	55.18
766.2	1.82
766.5	61.97
766.9	-5.2
767.2	21.71
767.5	13.99
767.8	-14.1
768.2	31.08
768.5	6.03
768.8	20.78
769.1	6.27
769.5	13.29
769.8	8.37
770.1	1.12
770.5	29.91
770.8	14.93
771.1	46.99
771.4	15.16
771.8	35.29
772.1	17.5
772.4	16.8
772.7	6.97
773.1	13.05
773.4	26.86
773.7	14.69
774	-8.24
774.4	22.42
774.7	33.18
775	36.23
775.3	-1.92
775.7	28.74
776	10.95
776.3	31.08
776.6	16.8
777	-1.22
777.3	5.57
777.6	17.5
777.9	-6.14
778.3	11.65
778.6	48.16
778.9	15.4
779.2	-2.39
779.6	-3.33
779.9	17.5
780.2	24.29
780.5	-0.05
780.9	3.93
781.2	13.29
781.5	7.2
781.8	10.95
782.2	40.67
782.5	2.99
782.8	22.89
783.1	22.42
783.4	8.37
783.8	26.16
784.1	15.86
784.4	34.59
784.7	6.03
785.1	32.72
785.4	0.18
785.7	-1.69
786	0.42
786.4	-14.33
786.7	-4.97
787	10.95
787.3	17.5
787.7	7.2
788	-2.63
788.3	3.46
788.6	-1.46
788.9	13.76
789.3	10.48
789.6	0.65
789.9	14.23
790.2	14.46
790.6	8.61
790.9	15.4
791.2	-2.63
791.5	-0.75
791.9	24.06
792.2	39.03
792.5	17.27
792.8	23.59
793.1	-3.56
793.5	-0.05
793.8	-7.78
794.1	9.78
794.4	10.01
794.8	10.48
795.1	25.46
795.4	-2.63
795.7	-16.67
796	6.97
796.4	-4.26
796.7	30.61
797	21.48
797.3	4.4
797.7	21.71
798	-22.76
798.3	-7.31
798.6	8.61
798.9	10.71
799.3	13.05
799.6	-4.97
799.9	10.01
800.2	33.65
800.5	13.29
800.9	5.57
801.2	13.99
801.5	12.82
801.8	31.78
802.2	13.29
802.5	1.59
802.8	5.57
803.1	23.82
803.4	23.12
803.8	-13.63
804.1	-1.69
804.4	13.52
804.7	20.08
805	-2.86
805.4	-13.63
805.7	-3.8
806	15.86
806.3	49.33
806.6	17.74
807	21.01
807.3	26.16
807.6	20.08
807.9	5.8
808.2	-4.97
808.6	2.29
808.9	33.89
809.2	-1.69
809.5	-15.03
809.8	-2.39
810.2	32.72
810.5	-10.12
810.8	-1.69
811.1	-1.69
811.4	32.01
811.8	9.31
812.1	-0.05
812.4	4.16
812.7	0.65
813	-9.65
813.4	37.86
813.7	22.89
814	6.74
814.3	-32.82
814.6	14.23
815	29.44
815.3	10.48
815.6	-3.33
815.9	28.27
816.2	2.76
816.5	7.44
816.9	19.37
817.2	-16.9
817.5	-17.84
817.8	-2.63
818.1	22.18
818.5	-1.46
818.8	8.84
819.1	16.33
819.4	-5.67
819.7	-10.58
820.1	10.01
820.4	3.69
820.7	14.23
821	17.74
821.3	-29.54
821.6	20.54
822	-1.92
822.3	26.4
822.6	-7.31
822.9	2.52
823.2	0.65
823.5	2.76
823.9	31.55
824.2	-18.78
824.5	3.93
824.8	-0.52
825.1	-0.99
825.5	37.86
825.8	7.2
826.1	21.01
826.4	40.44
826.7	43.25
827	0.65
827.4	13.76
827.7	23.12
828	-15.97
828.3	24.52
828.6	-11.75
828.9	-20.41
829.3	15.4
829.6	32.01
829.9	-2.16
830.2	-4.73
830.5	1.35
830.8	5.8
831.2	-3.56
831.5	13.29
831.8	-9.65
832.1	-1.22
832.4	-16.67
832.7	-11.52
833.1	6.97
833.4	9.08
833.7	0.88
834	14.46
834.3	4.16
834.6	-10.12
835	35.52
835.3	-14.1
835.6	-9.65
835.9	4.16
836.2	6.03
836.5	-23.22
836.8	6.5
837.2	0.65
837.5	-3.09
837.8	-26.03
838.1	7.2
838.4	17.97
838.7	8.61
839.1	28.03
839.4	17.97
839.7	-7.31
840	6.03
840.3	25.46
840.6	-283.96
840.9	-1.92
841.3	-13.39
841.6	-11.75
841.9	14.23
842.2	36.69
842.5	-6.84
842.8	6.5
843.1	1.82
843.5	4.4
843.8	7.67
844.1	-0.52
844.4	-6.84
844.7	4.4
845	1.82
845.3	-28.61
845.7	34.12
846	-34.69
846.3	4.4
846.6	0.65
846.9	-4.97
847.2	31.31
847.5	21.25
847.9	2.29
848.2	44.89
848.5	-9.88
848.8	-6.37
849.1	2.05
849.4	15.4
849.7	-2.39
850	-12.22
850.4	-1.69
850.7	-44.76
851	15.16
851.3	-28.61
851.6	19.14
851.9	4.4
852.2	-3.56
852.5	19.61
852.9	-5.9
853.2	8.84
853.5	-5.9
853.8	44.65
854.1	16.8
854.4	-9.65
854.7	10.95
855.1	-7.54
855.4	4.86
855.7	-8.95
856	16.1
856.3	-3.09
856.6	11.42
856.9	-8.01
857.2	0.42
857.5	-7.07
857.9	-7.07
858.2	7.2
858.5	5.57
858.8	-10.12
859.1	-29.78
859.4	5.33
859.7	23.82
860	-3.33
860.4	16.8
860.7	10.95
861	14.69
861.3	-2.63
861.6	21.71
861.9	24.52
862.2	-5.44
862.5	-11.52
862.8	11.65
863.2	5.57
863.5	28.03
863.8	16.33
864.1	-0.05
864.4	31.78
864.7	-25.56
865	30.84
865.3	17.5
865.6	14.69
866	-17.61
866.3	32.48
866.6	-32.12
866.9	13.52
867.2	29.44
867.5	12.59
867.8	24.76
868.1	2.76
868.4	3.22
868.7	10.95
869.1	2.99
869.4	-2.16
869.7	28.97
870	9.54
870.3	22.89
870.6	-15.03
870.9	-9.41
871.2	-5.9
871.5	21.01
871.8	1.59
872.1	-4.03
872.5	36.23
872.8	10.01
873.1	23.12
873.4	-4.26
873.7	5.57
874	54.25
874.3	-1.92
874.6	20.31
874.9	16.33
875.2	-3.33
875.6	-5.2
875.9	-21.82
876.2	0.65
876.5	26.16
876.8	35.99
877.1	26.16
877.4	22.18
877.7	6.03
878	0.88
878.3	44.89
878.6	-8.95
878.9	20.08
879.3	-10.82
879.6	20.31
879.9	17.27
880.2	-0.52
880.5	-20.88
880.8	-6.37
881.1	3.46
881.4	-12.22
881.7	4.16
882	17.03
882.3	-2.86
882.6	0.65
882.9	-17.37
883.3	-0.75
883.6	-13.86
883.9	9.78
884.2	1.59
884.5	-1.22
884.8	7.91
885.1	17.03
885.4	-9.41
885.7	2.05
886	-1.92
886.3	-23.93
886.6	2.29
886.9	-13.39
887.2	-2.16
887.6	-11.29
887.9	-7.78
888.2	-21.82
888.5	-18.54
888.8	14.93
889.1	-0.29
889.4	17.03
889.7	-7.78
890	1.12
890.3	23.12
890.6	1.35
890.9	-3.33
891.2	22.89
891.5	13.76
891.8	29.91
892.1	-26.27
892.5	6.74
892.8	28.03
893.1	-22.99
893.4	-4.26
893.7	19.84
894	14.23
894.3	17.97
894.6	-12.22
894.9	2.99
895.2	-7.78
895.5	-15.97
895.8	23.59
896.1	32.95
896.4	11.42
896.7	-5.9
897	-6.14
897.3	1.82
897.6	9.08
897.9	29.2
898.3	-21.82
898.6	-5.67
898.9	9.31
899.2	0.18
899.5	-14.56
899.8	16.57
900.1	20.78
900.4	14.69
900.7	13.99
901	17.03
901.3	4.4
901.6	8.14
901.9	17.74
902.2	-4.26
902.5	11.18
902.8	-6.84
903.1	0.88
903.4	0.42
903.7	2.05
904	20.54
904.3	20.31
904.6	-6.14
904.9	-8.48
905.2	19.14
905.6	-25.56
905.9	-11.52
906.2	-24.16
906.5	22.89
906.8	-16.44
907.1	-18.07
907.4	-4.97
907.7	0.65
908	-8.95
908.3	-25.8
908.6	9.54
908.9	-2.86
909.2	10.71
909.5	28.27
909.8	-20.18
910.1	-5.9
910.4	-2.39
910.7	13.76
911	4.63
911.3	-0.75
911.6	7.2
911.9	-5.67
912.2	3.93
912.5	10.01
912.8	-3.56
913.1	2.52
913.4	13.05
913.7	-11.75
914	9.08
914.3	15.86
914.6	4.4
914.9	8.37
915.2	-0.05
915.5	-6.14
915.8	2.05
916.1	-23.46
916.4	-10.35
916.7	-23.46
917	5.1
917.3	37.63
917.6	21.01
917.9	20.31
918.2	-0.75
918.5	24.76
918.8	-25.8
919.1	-10.58
919.5	3.69
919.8	5.33
920.1	-3.09
920.4	10.71
920.7	-0.05
921	-13.39
921.3	-8.24
921.6	-6.84
921.9	15.4
922.2	8.61
922.5	13.99
922.8	-14.1
923.1	15.63
923.4	-0.75
923.7	-9.88
924	1.12
924.3	2.29
924.6	17.27
924.9	21.71
925.2	-14.1
925.5	-7.07
925.8	15.16
926.1	-0.29
926.4	14.46
926.7	26.86
927	-18.78
927.3	-8.95
927.6	-2.86
927.9	17.03
928.2	19.37
928.4	-28.84
928.7	1.82
929	50.5
929.3	16.8
929.6	18.2
929.9	17.27
930.2	-8.48
930.5	-13.39
930.8	-0.05
931.1	15.16
931.4	-20.18
931.7	-1.46
932	-10.82
932.3	-4.97
932.6	7.44
932.9	5.8
933.2	10.48
933.5	1.82
933.8	11.42
934.1	-0.52
934.4	-5.67
934.7	-3.09
935	4.86
935.3	-2.16
935.6	-10.35
935.9	23.35
936.2	9.08
936.5	13.52
936.8	11.18
937.1	6.27
937.4	10.71
937.7	8.61
938	26.16
938.3	-4.97
938.6	-24.39
938.9	-15.97
939.2	-16.44
939.5	-7.07
939.8	1.82
940.1	10.71
940.4	-7.31
940.7	-8.71
941	-2.86
941.3	14.23
941.6	9.78
941.9	18.67
942.2	-5.44
942.4	5.1
942.7	4.16
943	31.31
943.3	29.44
943.6	4.63
943.9	-9.88
944.2	10.48
944.5	31.31
944.8	-2.63
945.1	-15.03
945.4	-9.65
945.7	-24.39
946	8.61
946.3	8.84
946.6	24.76
946.9	0.18
947.2	9.78
947.5	18.44
947.8	3.46
948.1	9.54
948.4	-21.12
948.7	-7.31
949	-22.29
949.2	9.08
949.5	1.59
949.8	16.1
950.1	3.22
950.4	3.93
950.7	-10.35
951	10.71
951.3	-10.58
951.6	-15.03
951.9	-31.65
952.2	11.42
952.5	-17.14
952.8	-3.09
953.1	35.29
953.4	17.5
953.7	5.57
954	11.42
954.3	-21.35
954.6	2.05
954.8	-36.33
955.1	-20.18
955.4	8.37
955.7	29.67
956	-11.52
956.3	27.8
956.6	-6.61
956.9	32.25
957.2	15.16
957.5	-6.61
957.8	18.2
958.1	5.33
958.4	9.31
958.7	-16.2
959	11.42
959.2	-18.31
959.5	-12.92
959.8	-30.48
960.1	2.52
960.4	10.48
960.7	-0.05
961	8.14
961.3	-14.1
961.6	16.8
961.9	5.33
962.2	29.44
962.5	-1.22
962.8	0.65
963.1	2.52
963.3	12.82
963.6	15.63
963.9	9.54
964.2	11.42
964.5	-4.73
964.8	12.59
965.1	9.78
965.4	13.05
965.7	-7.78
966	19.84
966.3	13.52
966.6	0.42
966.9	-3.8
967.1	-1.22
967.4	-13.16
967.7	5.8
968	38.57
968.3	16.33
968.6	3.22
968.9	2.52
969.2	-19.24
969.5	30.37
969.8	-0.75
970.1	5.1
970.3	-18.07
970.6	12.12
970.9	25.93
971.2	-5.2
971.5	3.46
971.8	-18.31
972.1	13.29
972.4	1.82
972.7	0.65
973	5.33
973.3	-12.46
973.5	18.2
973.8	3.22
974.1	13.52
974.4	-6.14
974.7	1.12
975	-14.33
975.3	3.22
975.6	2.52
975.9	5.57
976.2	10.25
976.4	-79.4
976.7	-4.5
977	-21.82
977.3	-18.31
977.6	6.27
977.9	8.14
978.2	5.1
978.5	15.63
978.8	32.48
979	0.18
979.3	-5.2
979.6	1.12
979.9	-1.22
980.2	-22.76
980.5	5.33
980.8	-5.2
981.1	-27.9
981.4	20.08
981.6	-173.02
981.9	-1.22
982.2	34.82
982.5	16.8
982.8	-16.44
983.1	-22.52
983.4	-9.65
983.7	13.76
984	14.23
984.2	-1.22
984.5	-26.73
984.8	6.5
985.1	-4.5
985.4	-9.65
985.7	20.78
986	8.84
986.3	-9.88
986.5	6.74
986.8	-3.8
987.1	0.42
987.4	9.78
987.7	-31.65
988	-31.88
988.3	6.03
988.6	1.12
988.8	2.05
989.1	-9.88
989.4	-16.9
989.7	11.18
990	-1.46
990.3	19.14
990.6	19.84
990.9	-1.46
991.1	5.8
991.4	-10.35
991.7	20.08
992	-16.44
992.3	14.69
992.6	11.88
992.9	13.99
993.1	20.08
993.4	5.8
993.7	13.76
994	-17.61
994.3	1.82
994.6	21.25
994.9	0.18
995.1	1.82
995.4	-7.07
995.7	23.12
996	2.99
996.3	6.74
996.6	-22.52
996.9	-15.73
997.1	-14.33
997.4	27.1
997.7	-14.56
998	18.44
998.3	-10.12
998.6	-16.67
998.9	25.69
999.1	-19.71
999.4	-23.93
999.7	8.84
1000	3.46
1000.3	1.12
1000.6	1.59
1000.8	-4.5
1001.1	20.08
1001.4	6.27
1001.7	2.29
1002	5.8
1002.3	-40.78
1002.6	-4.73
1002.8	-4.5
1003.1	-4.26
1003.4	-7.07
1003.7	-16.67
1004	-1.92
1004.3	-8.24
1004.5	-10.82
1004.8	-18.54
1005.1	29.2
1005.4	-4.03
1005.7	2.05
1006	-2.63
1006.2	-2.39
1006.5	9.78
1006.8	2.76
1007.1	11.65
1007.4	21.25
1007.7	-1.92
1007.9	-15.03
1008.2	-12.92
1008.5	-3.09
1008.8	5.1
1009.1	13.99
1009.4	-1.69
1009.6	-17.14
1009.9	-33.52
1010.2	17.5
1010.5	-0.52
1010.8	-16.44
1011.1	4.86
1011.3	-11.52
1011.6	-7.07
1011.9	-20.88
1012.2	5.8
1012.5	-11.99
1012.7	2.05
1013	-9.18
1013.3	-8.71
1013.6	-20.88
1013.9	0.42
1014.2	6.03
1014.4	11.42
1014.7	-3.33
1015	-16.9
1015.3	5.1
1015.6	-13.39
1015.8	14.69
1016.1	15.63
1016.4	-18.78
1016.7	16.57
1017	8.14
1017.2	-14.33
1017.5	-21.58
1017.8	1.12
1018.1	10.01
1018.4	-4.97
1018.7	2.99
1018.9	-0.75
1019.2	23.35
1019.5	-0.52
1019.8	12.82
1020.1	-0.99
1020.3	-24.39
1020.6	4.4
1020.9	4.4
1021.2	4.4
