340.2	-11.61
340.6	-11.61
340.9	-11.61
341.3	-7.87
341.7	9.92
342.1	2.43
342.4	-0.38
342.8	-16.29
343.2	-12.31
343.6	35.67
343.9	-5.06
344.3	6.88
344.7	19.52
345.1	7.81
345.4	17.18
345.8	-12.31
346.2	4.07
346.6	-14.42
346.9	-2.25
347.3	0.33
347.7	4.54
348	25.13
348.4	23.26
348.8	-1.55
349.2	-11.38
349.5	-28.7
349.9	-0.14
350.3	25.6
350.7	27.71
351	7.35
351.4	23.96
351.8	1.5
352.2	10.16
352.5	15.07
352.9	15.07
353.3	14.13
353.6	-15.12
354	2.43
354.4	-14.65
354.8	-14.89
355.1	-6.46
355.5	-3.19
355.9	-4.12
356.3	11.56
356.6	-9.04
357	-9.04
357.4	6.88
357.8	28.18
358.1	-32.44
358.5	-25.65
358.9	4.3
359.2	1.03
359.6	-15.59
360	15.54
360.4	-22.61
360.7	-22.38
361.1	35.67
361.5	9.22
361.9	18.35
362.2	20.69
362.6	29.11
363	0.09
363.3	30.75
363.7	1.5
364.1	-19.8
364.5	16.71
364.8	3.13
365.2	11.33
365.6	-5.06
366	0.09
366.3	17.18
366.7	18.11
367.1	1.26
367.4	10.86
367.8	-8.57
368.2	-17.93
368.6	15.54
368.9	20.92
369.3	11.09
369.7	-0.38
370	-1.55
370.4	38.48
370.8	-11.61
371.2	27.71
371.5	15.3
371.9	0.56
372.3	1.73
372.6	-4.59
373	-10.91
373.4	-14.65
373.8	9.69
374.1	22.79
374.5	-1.31
374.9	-21.44
375.2	18.11
375.6	5.24
376	16.71
376.4	8.75
376.7	11.79
377.1	9.69
377.5	22.56
377.8	19.28
378.2	14.84
378.6	0.33
379	-25.65
379.3	11.79
379.7	-7.16
380.1	-7.63
380.4	31.92
380.8	16.71
381.2	-2.95
381.6	-4.82
381.9	-9.04
382.3	29.82
382.7	15.54
383	-10.44
383.4	-5.53
383.8	-9.74
384.2	-4.12
384.5	18.58
384.9	4.54
385.3	13.43
385.6	13.2
386	4.54
386.4	6.88
386.7	-18.17
387.1	9.92
387.5	26.77
387.9	-1.55
388.2	30.28
388.6	37.77
389	13.9
389.3	19.05
389.7	-4.82
390.1	13.2
390.5	-9.04
390.8	13.67
391.2	-22.14
391.6	-2.25
391.9	-17.7
392.3	7.35
392.7	30.52
393	19.99
393.4	-12.55
393.8	-16.06
394.2	-4.82
394.5	15.77
394.9	18.58
395.3	19.05
395.6	18.82
396	-10.68
396.4	6.88
396.7	4.77
397.1	-13.02
397.5	2.2
397.8	-10.21
398.2	24.2
398.6	3.84
399	-8.33
399.3	-5.53
399.7	11.56
400.1	-9.27
400.4	-6.93
400.8	-11.85
401.2	16.24
401.5	-3.42
401.9	-4.59
402.3	5.71
402.7	22.09
403	16.71
403.4	-27.53
403.8	-5.99
404.1	16.47
404.5	7.35
404.9	0.33
405.2	20.92
405.6	-5.76
406	-1.08
406.3	5.94
406.7	8.28
407.1	23.26
407.4	27.24
407.8	12.73
408.2	16.01
408.6	-0.61
408.9	-2.95
409.3	10.62
409.7	-20.27
410	14.6
410.4	-1.55
410.8	13.43
411.1	14.6
411.5	38.71
411.9	-130.04
412.2	-6.93
412.6	-18.87
413	0.09
413.3	5.94
413.7	-11.85
414.1	19.28
414.4	25.84
414.8	15.77
415.2	35.9
415.5	-21.68
415.9	6.64
416.3	24.67
416.7	-21.21
417	-6.23
417.4	2.43
417.8	5.47
418.1	-0.85
418.5	11.09
418.9	16.47
419.2	12.03
419.6	9.69
420	29.11
420.3	-3.89
420.7	-4.12
421.1	11.79
421.4	32.62
421.8	7.58
422.2	-8.57
422.5	-15.12
422.9	20.22
423.3	20.22
423.6	-23.78
424	111.5
424.4	106.82
424.7	7.35
425.1	8.28
425.5	0.33
425.8	18.11
426.2	18.58
426.6	-10.91
426.9	-0.85
427.3	-17.46
427.7	27.01
428	-15.36
428.4	2.67
428.8	32.86
429.1	36.6
429.5	8.99
429.9	-5.06
430.2	-18.4
430.6	20.45
431	-16.53
431.3	9.45
431.7	20.22
432.1	24.67
432.4	-1.08
432.8	25.6
433.2	2.9
433.5	-11.14
433.9	13.2
434.3	7.58
434.6	10.16
435	21.62
435.4	30.99
435.7	29.11
436.1	21.86
436.5	-5.76
436.8	-1.78
437.2	9.69
437.6	-2.95
437.9	202.31
438.3	25.13
438.7	17.65
439	16.94
439.4	30.52
439.8	12.96
440.1	5.71
440.5	7.58
440.9	-9.04
441.2	-13.25
441.6	5.24
442	10.16
442.3	21.16
442.7	-7.16
443.1	36.6
443.4	-16.29
443.8	-2.02
444.1	7.35
444.5	30.75
444.9	-7.63
445.2	12.96
445.6	24.67
446	21.16
446.3	27.24
446.7	-19.34
447.1	-9.74
447.4	10.62
447.8	24.2
448.2	6.18
448.5	-9.51
448.9	3.13
449.3	40.82
449.6	24.2
450	-13.95
450.4	-2.72
450.7	18.11
451.1	-0.38
451.4	30.05
451.8	7.81
452.2	32.86
452.5	-15.82
452.9	16.47
453.3	-8.57
453.6	10.62
454	13.2
454.4	26.54
454.7	42.45
455.1	9.45
455.5	-1.08
455.8	-27.76
456.2	9.45
456.5	4.54
456.9	11.56
457.3	17.88
457.6	-7.63
458	12.5
458.4	10.39
458.7	1.73
459.1	-12.31
459.5	30.99
459.8	-13.72
460.2	-4.59
460.5	28.65
460.9	10.16
461.3	-14.42
461.6	-12.78
462	-15.36
462.4	0.79
462.7	7.58
463.1	-8.33
463.5	2.43
463.8	13.43
464.2	1.26
464.5	-11.61
464.9	12.26
465.3	-2.02
465.6	5.94
466	8.28
466.4	6.64
466.7	12.26
467.1	38.24
467.5	-22.14
467.8	22.79
468.2	-27.06
468.5	-24.02
468.9	-2.25
469.3	4.77
469.6	32.16
470	0.79
470.4	-5.06
470.7	20.69
471.1	5.24
471.4	31.45
471.8	40.11
472.2	39.88
472.5	13.43
472.9	-2.25
473.3	28.18
473.6	11.33
474	28.65
474.3	28.88
474.7	3.84
475.1	-12.08
475.4	-10.21
475.8	-6.93
476.2	14.13
476.5	-12.31
476.9	-20.74
477.2	28.65
477.6	16.94
478	8.99
478.3	14.6
478.7	16.24
479.1	7.11
479.4	21.16
479.8	12.03
480.1	16.94
480.5	9.92
480.9	6.88
481.2	13.9
481.6	15.54
481.9	5.24
482.3	34.5
482.7	-101.72
483	16.71
483.4	8.52
483.8	-5.29
484.1	9.92
484.5	0.33
484.8	17.88
485.2	-3.19
485.6	8.52
485.9	-9.74
486.3	-5.53
486.6	0.56
487	-5.06
487.4	24.43
487.7	1.26
488.1	13.9
488.5	5.47
488.8	16.71
489.2	8.28
489.5	12.5
489.9	2.2
490.3	15.77
490.6	-7.87
491	16.01
491.3	29.11
491.7	-13.95
492.1	-30.1
492.4	0.79
492.8	-6.46
493.1	1.5
493.5	-1.55
493.9	35.2
494.2	14.37
494.6	3.13
494.9	-6.23
495.3	1.26
495.7	7.58
496	31.69
496.4	12.03
496.7	13.67
497.1	16.47
497.5	-8.8
497.8	9.69
498.2	16.24
498.5	-4.12
498.9	25.37
499.3	-16.76
499.6	8.75
500	11.33
500.3	10.39
500.7	-8.57
501.1	2.43
501.4	15.07
501.8	-16.99
502.1	25.13
502.5	16.01
502.9	49.01
503.2	13.43
503.6	6.64
503.9	5.94
504.3	19.52
504.7	-6.46
505	-0.61
505.4	-20.97
505.7	-2.72
506.1	16.01
506.5	-1.55
506.8	2.9
507.2	-19.34
507.5	-13.25
507.9	9.22
508.2	28.88
508.6	0.56
509	-5.76
509.3	12.73
509.7	-8.1
510	-1.08
510.4	-9.04
510.8	-8.33
511.1	18.11
511.5	1.26
511.8	18.82
512.2	-13.02
512.6	12.03
512.9	13.9
513.3	25.37
513.6	-15.12
514	12.96
514.3	-2.48
514.7	-17.23
515.1	-3.19
515.4	-1.78
515.8	10.16
516.1	-6.7
516.5	1.5
516.9	12.96
517.2	26.77
517.6	15.07
517.9	10.39
518.3	-0.85
518.6	-13.72
519	17.18
519.4	22.56
519.7	24.67
520.1	22.79
520.4	-1.55
520.8	10.86
521.1	-22.38
521.5	-2.25
521.9	-13.25
522.2	30.28
522.6	20.92
522.9	14.37
523.3	20.22
523.6	0.09
524	23.96
524.4	-8.33
524.7	15.77
525.1	-3.42
525.4	7.81
525.8	18.35
526.2	16.01
526.5	5.47
526.9	-21.91
527.2	29.82
527.6	9.22
527.9	-4.59
528.3	3.13
528.6	14.13
529	-14.65
529.4	-7.4
529.7	3.84
530.1	-0.14
530.4	-8.57
530.8	26.07
531.1	-2.72
531.5	15.07
531.9	7.81
532.2	10.62
532.6	11.56
532.9	-10.68
533.3	2.9
533.6	-10.68
534	-4.59
534.4	28.41
534.7	28.88
535.1	-9.51
535.4	-1.31
535.8	-14.42
536.1	-8.33
536.5	-7.63
536.8	-7.87
537.2	-1.55
537.6	21.86
537.9	32.39
538.3	22.09
538.6	27.71
539	0.79
539.3	-10.91
539.7	-1.31
540	11.33
540.4	3.6
540.8	-6.93
541.1	-1.55
541.5	12.26
541.8	16.47
542.2	28.18
542.5	26.31
542.9	17.41
543.2	15.3
543.6	11.79
544	25.13
544.3	7.58
544.7	-12.78
545	8.52
545.4	13.67
545.7	1.26
546.1	-6.46
546.4	-13.02
546.8	-2.95
547.2	-18.87
547.5	7.11
547.9	21.39
548.2	3.37
548.6	8.75
548.9	-12.55
549.3	10.62
549.6	24.67
550	9.45
550.3	-12.31
550.7	13.2
551.1	-2.02
551.4	15.54
551.8	2.67
552.1	2.9
552.5	15.3
552.8	11.79
553.2	27.01
553.5	-6.23
553.9	0.09
554.2	-34.78
554.6	1.73
554.9	-17.93
555.3	-13.02
555.7	8.99
556	2.43
556.4	3.6
556.7	-10.21
557.1	27.48
557.4	-13.02
557.8	32.16
558.1	5.47
558.5	7.35
558.8	7.81
559.2	0.79
559.5	-16.29
559.9	-17.23
560.3	1.03
560.6	11.33
561	4.54
561.3	7.11
561.7	-4.36
562	13.9
562.4	6.18
562.7	-2.25
563.1	18.35
563.4	2.43
563.8	-9.27
564.1	24.43
564.5	14.13
564.8	-5.99
565.2	-14.19
565.5	25.84
565.9	-11.85
566.3	2.67
566.6	-4.36
567	50.41
567.3	9.22
567.7	-0.38
568	-13.02
568.4	17.65
568.7	5.94
569.1	11.09
569.4	-8.33
569.8	12.26
570.1	-9.74
570.5	5.47
570.8	26.77
571.2	17.88
571.5	10.16
571.9	13.43
572.2	4.54
572.6	59.07
572.9	13.43
573.3	48.07
573.6	23.03
574	28.88
574.4	8.99
574.7	21.39
575.1	43.86
575.4	-0.85
575.8	20.45
576.1	45.97
576.5	1.73
576.8	11.56
577.2	11.79
577.5	3.13
577.9	-13.02
578.2	4.3
578.6	1.96
578.9	23.73
579.3	18.11
579.6	9.45
580	30.75
580.3	3.84
580.7	31.69
581	46.9
581.4	7.11
581.7	53.22
582.1	59.07
582.4	41.52
582.8	20.69
583.1	41.05
583.5	26.77
583.8	45.73
584.2	39.88
584.5	25.13
584.9	19.05
585.2	33.33
585.6	49.71
585.9	47.84
586.3	19.28
586.6	42.69
587	40.11
587.3	63.52
587.7	60.24
588	60.01
588.4	56.97
588.7	74.99
589.1	66.8
589.4	63.75
589.8	44.8
590.1	71.48
590.5	77.33
590.8	81.31
591.2	44.09
591.5	68.43
591.9	67.73
592.2	70.54
592.6	74.75
592.9	85.75
593.3	78.03
593.6	68.43
594	81.07
594.3	124.14
594.7	93.24
595	72.88
595.4	103.78
595.7	118.99
596.1	143.1
596.4	124.84
596.8	135.14
597.1	117.35
597.5	139.59
597.8	120.86
598.2	135.14
598.5	142.16
598.9	138.42
599.2	161.82
599.6	178.91
599.9	212.85
600.3	172.59
600.6	206.06
601	198.33
601.3	223.14
601.7	209.1
602	229.93
602.4	210.74
602.7	241.17
603.1	255.44
603.4	264.81
603.8	279.32
604.1	296.17
604.5	296.87
604.8	297.57
605.1	346.72
605.5	334.32
605.8	349.3
606.2	352.34
606.5	370.36
606.9	379.96
607.2	398.92
607.6	417.64
607.9	438.24
608.3	460.24
608.6	472.18
609	465.16
609.3	531.63
609.7	511.97
610	536.31
610.4	565.33
610.7	584.99
611.1	602.54
611.4	652.4
611.8	638.12
612.1	671.59
612.5	702.72
612.8	731.27
613.1	789.55
613.5	813.66
613.8	818.58
614.2	875.45
614.5	891.84
614.9	915.94
615.2	993.65
615.6	1011.44
615.9	1041.16
616.3	1099.21
616.6	1160.53
617	1158.19
617.3	1225.36
617.7	1256.02
618	1311.49
618.3	1382.88
618.7	1371.64
619	1490.31
619.4	1556.31
619.7	1583.93
620.1	1656.02
620.4	1716.64
620.8	1780.3
621.1	1854.03
621.5	1905.29
621.8	1989.78
622.2	2027.23
622.5	2113.83
622.8	2182.64
623.2	2247.71
623.5	2332.2
623.9	2453.21
624.2	2512.19
624.6	2579.36
624.9	2696.86
625.3	2812.48
625.6	2828.16
626	2974.91
626.3	3094.98
626.7	3199.14
627	3336.06
627.3	3447
627.7	3498.49
628	3632.6
628.4	3690.65
628.7	3781.23
629.1	3887.72
629.4	3975.02
629.8	4081.75
630.1	4081.99
630.5	4183.1
630.8	4260.57
631.1	4275.55
631.5	4294.51
631.8	4283.51
632.2	4299.89
632.5	4199.95
632.9	4157.35
633.2	4098.84
633.6	4046.64
633.9	3955.36
634.2	3794.8
634.6	3733.48
634.9	3483.51
635.3	3400.19
635.6	3229.09
636	3112.54
636.3	2928.57
636.7	2748.82
637	2591.06
637.3	2444.08
637.7	2321.9
638	2138.4
638.4	1993.29
638.7	1862.92
639.1	1740.98
639.4	1641.98
639.8	1515.35
640.1	1446.54
640.4	1342.15
640.8	1250.17
641.1	1179.72
641.5	1081.89
641.8	1010.97
642.2	967.9
642.5	909.16
642.8	829.58
643.2	806.87
643.5	730.81
643.9	668.08
644.2	661.99
644.6	619.4
644.9	569.31
645.3	544.27
645.6	536.31
645.9	483.18
646.3	435.66
646.6	416.94
647	405.24
647.3	361.47
647.7	359.83
648	348.36
648.3	307.87
648.7	265.04
649	302.96
649.4	248.19
649.7	257.08
650.1	242.34
650.4	202.55
650.7	234.61
651.1	205.82
651.4	181.48
651.8	168.84
652.1	135.37
652.4	171.18
652.8	151.99
653.1	162.06
653.5	105.65
653.8	135.37
654.2	109.63
654.5	148.01
654.8	110.1
655.2	103.78
655.5	98.63
655.9	111.27
656.2	124.37
656.6	104.95
656.9	91.84
657.2	94.65
657.6	68.67
657.9	81.78
658.3	72.18
658.6	61.88
658.9	57.9
659.3	57.2
659.6	38.24
660	59.31
660.3	44.33
660.7	58.84
661	48.31
661.3	32.86
661.7	58.6
662	73.58
662.4	44.09
662.7	47.37
663	23.73
663.4	16.01
663.7	-21.91
664.1	25.84
664.4	43.62
664.7	21.39
665.1	27.24
665.4	16.94
665.8	51.11
666.1	8.28
666.4	24.2
666.8	22.09
667.1	-1.31
667.5	35.67
667.8	11.33
668.1	28.18
668.5	-4.82
668.8	32.39
669.2	6.18
669.5	14.84
669.8	3.13
670.2	30.05
670.5	27.24
670.9	-3.42
671.2	1.96
671.5	8.75
671.9	-12.08
672.2	-2.95
672.6	26.31
672.9	23.03
673.2	11.56
673.6	8.05
673.9	27.01
674.3	19.05
674.6	36.37
674.9	7.81
675.3	-0.61
675.6	14.37
676	-50.93
676.3	4.3
676.6	-2.25
677	16.71
677.3	-15.82
677.7	-13.72
678	15.07
678.3	-4.12
678.7	10.62
679	-2.02
679.4	-2.48
679.7	8.52
680	-2.72
680.4	32.86
680.7	12.03
681	8.52
681.4	-6.46
681.7	4.07
682.1	19.28
682.4	0.33
682.7	-8.33
683.1	-2.72
683.4	2.9
683.8	-13.02
684.1	-0.14
684.4	25.6
684.8	-0.85
685.1	27.24
685.4	26.07
685.8	-11.38
686.1	23.5
686.5	30.99
686.8	-0.85
687.1	15.77
687.5	-11.14
687.8	7.58
688.1	0.56
688.5	-5.99
688.8	22.56
689.2	6.18
689.5	-14.65
689.8	-209.62
690.2	27.48
690.5	16.71
690.8	22.79
691.2	21.39
691.5	39.41
691.9	7.35
692.2	-23.08
692.5	32.16
692.9	-1.31
693.2	0.09
693.5	18.11
693.9	37.77
694.2	4.07
694.6	-2.72
694.9	2.9
695.2	-15.12
695.6	24.9
695.9	6.88
696.2	-16.06
696.6	-0.61
696.9	12.03
697.2	3.6
697.6	8.52
697.9	-5.29
698.3	27.24
698.6	13.43
698.9	18.11
699.3	16.94
699.6	-14.65
699.9	11.79
700.3	7.81
700.6	5.94
700.9	-29.87
701.3	-7.87
701.6	12.96
702	9.69
702.3	-1.78
702.6	7.81
703	0.56
703.3	-4.82
703.6	31.92
704	-18.17
704.3	10.86
704.6	7.58
705	-26.83
705.3	13.2
705.6	7.58
706	18.58
706.3	4.07
706.6	37.07
707	21.86
707.3	15.77
707.7	23.26
708	-6.46
708.3	-3.42
708.7	25.13
709	8.28
709.3	8.05
709.7	-11.85
710	-1.55
710.3	50.41
710.7	5.71
711	-13.25
711.3	34.03
711.7	-2.72
712	0.79
712.3	-28.23
712.7	-5.53
713	-1.78
713.3	-14.65
713.7	10.16
714	21.16
714.3	1.73
714.7	-9.27
715	4.54
715.3	11.56
715.7	-6.7
716	-11.14
716.3	10.86
716.7	33.09
717	12.26
717.3	3.6
717.7	5.24
718	25.37
718.4	25.13
718.7	-0.38
719	1.73
719.4	5.71
719.7	8.75
720	2.9
720.4	-3.89
720.7	3.6
721	10.39
721.3	6.88
721.7	10.86
722	44.33
722.3	4.77
722.7	2.67
723	-4.82
723.3	18.58
723.7	-4.82
724	18.11
724.3	24.2
724.7	18.82
725	41.05
725.3	-4.12
725.7	13.43
726	4.54
726.3	8.99
726.7	-13.48
727	-4.12
727.3	-8.1
727.7	-24.48
728	11.09
728.3	-8.57
728.7	1.03
729	2.67
729.3	-3.89
729.7	-11.14
730	-1.08
730.3	-6.93
730.7	-7.87
731	-13.02
731.3	10.86
731.7	-31.97
732	0.33
732.3	-4.82
732.6	0.56
733	12.26
733.3	-5.99
733.6	9.69
734	0.56
734.3	-0.38
734.6	-8.8
735	5.94
735.3	1.26
735.6	19.28
736	23.73
736.3	-15.59
736.6	20.69
737	-10.44
737.3	20.22
737.6	-3.42
737.9	-2.02
738.3	11.79
738.6	3.13
738.9	12.26
739.3	5.47
739.6	-20.27
739.9	15.07
740.3	21.39
740.6	26.77
740.9	15.54
741.2	2.9
741.6	-7.87
741.9	17.88
742.2	28.41
742.6	3.13
742.9	5.94
743.2	3.37
743.6	-6.93
743.9	-17.7
744.2	4.07
744.6	-9.27
744.9	9.92
745.2	9.45
745.5	-12.31
745.9	5.94
746.2	-4.36
746.5	-11.85
746.9	-7.63
747.2	26.07
747.5	17.41
747.8	8.52
748.2	39.41
748.5	8.28
748.8	-19.1
749.2	-4.36
749.5	-1.78
749.8	-3.89
750.1	-6.23
750.5	-9.97
750.8	-9.51
751.1	23.73
751.5	1.03
751.8	-3.19
752.1	13.9
752.5	7.58
752.8	23.96
753.1	1.26
753.4	26.77
753.8	-3.65
754.1	25.13
754.4	-5.29
754.7	-20.04
755.1	20.22
755.4	-2.02
755.7	6.18
756.1	19.28
756.4	-10.21
756.7	6.64
757	12.26
757.4	5.94
757.7	-6.7
758	20.45
758.4	-5.29
758.7	6.64
759	-24.25
759.3	30.75
759.7	9.69
760	0.33
760.3	1.73
760.7	-1.08
761	15.77
761.3	-1.31
761.6	9.92
762	35.43
762.3	-1.31
762.6	-4.12
762.9	-32.44
763.3	-36.19
763.6	30.99
763.9	22.33
764.2	-15.36
764.6	-5.53
764.9	-3.42
765.2	1.96
765.6	-0.61
765.9	30.52
766.2	8.05
766.5	-2.25
766.9	-10.44
767.2	-1.31
767.5	16.47
767.8	2.2
768.2	-12.55
768.5	-0.38
768.8	1.5
769.1	-1.31
769.5	4.3
769.8	23.03
770.1	-3.19
770.5	4.77
770.8	-14.19
771.1	-9.04
771.4	5.94
771.8	12.5
772.1	8.52
772.4	24.2
772.7	24.67
773.1	-19.1
773.4	25.37
773.7	8.05
774	22.56
774.4	4.07
774.7	17.41
775	-4.82
775.3	9.22
775.7	16.47
776	-2.72
776.3	-8.1
776.6	-4.59
777	6.88
777.3	9.45
777.6	-20.27
777.9	10.16
778.3	7.58
778.6	5.47
778.9	10.86
779.2	34.73
779.6	0.09
779.9	22.09
780.2	29.11
780.5	38.94
780.9	29.11
781.2	4.54
781.5	12.03
781.8	-4.36
782.2	4.54
782.5	-9.74
782.8	23.03
783.1	0.09
783.4	5.01
783.8	12.03
784.1	13.2
784.4	-20.27
784.7	-11.61
785.1	0.56
785.4	9.45
785.7	27.24
786	21.86
786.4	8.52
786.7	9.69
787	7.11
787.3	1.5
787.7	16.01
788	27.48
788.3	16.24
788.6	-16.53
788.9	-6.7
789.3	-2.02
789.6	27.24
789.9	-6.7
790.2	11.56
790.6	-13.25
790.9	20.22
791.2	10.62
791.5	11.09
791.9	-0.85
792.2	-11.14
792.5	12.5
792.8	5.71
793.1	-12.78
793.5	8.52
793.8	-9.51
794.1	-10.91
794.4	3.84
794.8	-10.44
795.1	-9.97
795.4	5.71
795.7	17.41
796	-12.08
796.4	-6.7
796.7	23.96
797	6.41
797.3	-27.29
797.7	20.45
798	9.22
798.3	16.24
798.6	12.03
798.9	-13.25
799.3	-2.02
799.6	-1.78
799.9	10.16
800.2	-6.7
800.5	10.39
800.9	13.67
801.2	2.43
801.5	9.69
801.8	-8.8
802.2	-26.12
802.5	-4.59
802.8	19.52
803.1	5.01
803.4	8.52
803.8	7.81
804.1	-22.38
804.4	13.9
804.7	0.56
805	-1.31
805.4	6.41
805.7	3.84
806	-20.04
806.3	9.22
806.6	-4.12
807	21.62
807.3	17.88
807.6	-17.7
807.9	-4.12
808.2	-12.78
808.6	3.6
808.9	-21.44
809.2	6.88
809.5	4.54
809.8	8.28
810.2	19.75
810.5	-15.59
810.8	32.16
811.1	5.01
811.4	-3.19
811.8	1.5
812.1	18.35
812.4	-18.4
812.7	-2.25
813	9.45
813.4	-8.8
813.7	7.58
814	17.65
814.3	17.88
814.6	1.96
815	-13.95
815.3	-20.51
815.6	19.28
815.9	4.77
816.2	-34.55
816.5	-19.57
816.9	6.41
817.2	8.75
817.5	25.6
817.8	26.54
818.1	-1.31
818.5	-12.08
818.8	26.77
819.1	-4.82
819.4	-1.08
819.7	5.24
820.1	14.37
820.4	13.43
820.7	14.37
821	15.07
821.3	-11.85
821.6	25.13
822	11.33
822.3	-8.8
822.6	-0.61
822.9	19.99
823.2	12.96
823.5	-15.36
823.9	-7.87
824.2	35.43
824.5	22.79
824.8	8.28
825.1	4.54
825.5	-6.93
825.8	-3.19
826.1	13.9
826.4	16.71
826.7	2.2
827	24.2
827.4	17.41
827.7	16.24
828	42.92
828.3	-16.76
828.6	-8.1
828.9	-5.29
829.3	-1.55
829.6	5.94
829.9	18.58
830.2	-0.61
830.5	-8.1
830.8	-7.63
831.2	-1.78
831.5	5.71
831.8	-0.38
832.1	-6.46
832.4	4.07
832.7	9.22
833.1	-13.25
833.4	-10.44
833.7	0.09
834	20.69
834.3	19.75
834.6	29.82
835	6.18
835.3	24.67
835.6	-10.44
835.9	17.41
836.2	-11.14
836.5	36.37
836.8	10.39
837.2	20.22
837.5	7.11
837.8	12.26
838.1	5.47
838.4	9.22
838.7	20.69
839.1	21.86
839.4	14.37
839.7	5.01
840	-13.95
840.3	35.9
840.6	-265.56
840.9	-12.31
841.3	6.41
841.6	5.47
841.9	19.99
842.2	2.2
842.5	-19.1
842.8	-15.36
843.1	-0.38
843.5	12.5
843.8	-14.42
844.1	17.65
844.4	7.35
844.7	3.84
845	24.9
845.3	4.77
845.7	12.03
846	-7.63
846.3	0.56
846.6	-18.17
846.9	-33.61
847.2	36.14
847.5	-6.23
847.9	-5.53
848.2	14.84
848.5	30.05
848.8	14.84
849.1	7.11
849.4	13.67
849.7	28.18
850	41.99
850.4	17.65
850.7	-20.74
851	-6.93
851.3	22.09
851.6	-11.61
851.9	40.82
852.2	3.6
852.5	8.05
852.9	-0.85
853.2	-0.61
853.5	20.45
853.8	4.54
854.1	-2.72
854.4	-7.4
854.7	16.01
855.1	35.67
855.4	33.09
855.7	7.11
856	-3.19
856.3	-1.78
856.6	9.69
856.9	-1.55
857.2	7.35
857.5	-5.53
857.9	13.9
858.2	-27.29
858.5	3.13
858.8	-27.29
859.1	7.35
859.4	8.75
859.7	17.65
860	0.56
860.4	-14.89
860.7	2.43
861	-3.42
861.3	7.11
861.6	19.75
861.9	-27.53
862.2	20.92
862.5	-19.1
862.8	13.2
863.2	5.94
863.5	22.56
863.8	1.96
864.1	-10.21
864.4	-11.61
864.7	27.71
865	10.62
865.3	26.77
865.6	7.81
866	-6.46
866.3	-1.08
866.6	-5.76
866.9	12.96
867.2	6.41
867.5	5.47
867.8	8.75
868.1	-1.78
868.4	0.09
868.7	-2.25
869.1	-6.93
869.4	9.45
869.7	19.52
870	-19.34
870.3	25.13
870.6	-20.51
870.9	0.56
871.2	2.9
871.5	-19.1
871.8	-2.25
872.1	-5.06
872.5	1.5
872.8	-2.48
873.1	-3.42
873.4	12.5
873.7	-4.59
874	-2.25
874.3	3.13
874.6	47.6
874.9	3.37
875.2	-6.23
875.6	-1.55
875.9	-13.02
876.2	3.37
876.5	7.11
876.8	-0.61
877.1	-16.76
877.4	1.5
877.7	-10.91
878	10.39
878.3	2.9
878.6	16.71
878.9	23.5
879.3	-17.23
879.6	10.39
879.9	8.52
880.2	23.5
880.5	38.94
880.8	6.88
881.1	34.5
881.4	-7.87
881.7	36.14
882	28.65
882.3	-5.76
882.6	0.56
882.9	-17.23
883.3	27.24
883.6	8.75
883.9	4.54
884.2	6.64
884.5	2.43
884.8	-1.08
885.1	-9.74
885.4	-19.57
885.7	-13.02
886	-6.23
886.3	-7.4
886.6	5.47
886.9	-4.59
887.2	-7.63
887.6	10.62
887.9	16.47
888.2	12.96
888.5	-15.59
888.8	18.35
889.1	-8.8
889.4	15.3
889.7	11.09
890	1.73
890.3	-27.53
890.6	2.43
890.9	-3.42
891.2	0.56
891.5	-4.82
891.8	-9.97
892.1	4.3
892.5	2.43
892.8	-15.36
893.1	3.6
893.4	-26.36
893.7	22.79
894	-13.95
894.3	8.05
894.6	-0.14
894.9	15.3
895.2	-10.44
895.5	6.64
895.8	-3.65
896.1	9.69
896.4	15.07
896.7	22.33
897	8.28
897.3	-1.08
897.6	-4.82
897.9	11.56
898.3	5.24
898.6	13.43
898.9	-4.59
899.2	-21.44
899.5	-11.61
899.8	1.96
900.1	8.75
900.4	22.79
900.7	14.84
901	5.01
901.3	10.16
901.6	27.48
901.9	13.43
902.2	11.09
902.5	-5.99
902.8	3.13
903.1	-2.48
903.4	16.24
903.7	-9.51
904	-11.85
904.3	-14.65
904.6	0.33
904.9	-16.29
905.2	-4.36
905.6	-7.87
905.9	-30.8
906.2	12.96
906.5	17.88
906.8	23.5
907.1	10.16
907.4	-40.4
907.7	0.79
908	39.41
908.3	4.3
908.6	-20.04
908.9	-9.04
909.2	8.05
909.5	5.01
909.8	8.05
910.1	-3.65
910.4	-34.08
910.7	7.35
911	39.88
911.3	15.07
911.6	-1.31
911.9	5.71
912.2	13.67
912.5	1.03
912.8	23.03
913.1	-7.16
913.4	19.52
913.7	1.73
914	13.43
914.3	16.94
914.6	-16.99
914.9	-11.38
915.2	6.41
915.5	-12.78
915.8	-1.55
916.1	6.64
916.4	18.35
916.7	-18.63
917	12.5
917.3	16.24
917.6	-6.23
917.9	10.39
918.2	-4.82
918.5	21.62
918.8	39.18
919.1	6.18
919.5	9.69
919.8	28.65
920.1	0.79
920.4	17.65
920.7	-13.72
921	5.24
921.3	3.37
921.6	16.01
921.9	-11.61
922.2	6.41
922.5	16.71
922.8	-2.25
923.1	28.18
923.4	-7.16
923.7	14.37
924	7.58
924.3	-6.93
924.6	18.82
924.9	0.79
925.2	16.71
925.5	-11.14
925.8	25.37
926.1	22.56
926.4	-4.59
926.7	6.18
927	17.18
927.3	-5.99
927.6	23.03
927.9	9.45
928.2	34.26
928.4	16.94
928.7	-11.38
929	17.18
929.3	12.03
929.6	9.69
929.9	18.82
930.2	11.33
930.5	-4.82
930.8	21.62
931.1	7.35
931.4	-1.78
931.7	5.47
932	20.45
932.3	12.03
932.6	5.94
932.9	4.07
933.2	4.07
933.5	12.26
933.8	-18.87
934.1	13.67
934.4	18.11
934.7	19.99
935	-18.4
935.3	-9.04
935.6	23.03
935.9	-9.97
936.2	4.07
936.5	5.24
936.8	-1.55
937.1	-3.19
937.4	-9.27
937.7	5.71
938	-20.27
938.3	-22.38
938.6	-3.89
938.9	12.03
939.2	11.09
939.5	-11.38
939.8	6.41
940.1	-3.42
940.4	-5.53
940.7	-8.8
941	11.79
941.3	10.86
941.6	1.26
941.9	15.54
942.2	27.94
942.4	12.5
942.7	0.79
943	8.05
943.3	9.22
943.6	-16.76
943.9	-3.65
944.2	-1.78
944.5	-8.33
944.8	-18.63
945.1	-11.14
945.4	-33.85
945.7	14.13
946	-15.82
946.3	12.73
946.6	-13.48
946.9	10.16
947.2	-8.1
947.5	32.62
947.8	-13.02
948.1	34.26
948.4	2.2
948.7	-4.59
949	48.54
949.2	17.18
949.5	17.65
949.8	17.41
950.1	9.45
950.4	-7.87
950.7	12.5
951	8.52
951.3	36.6
951.6	18.35
951.9	0.79
952.2	21.62
952.5	16.01
952.8	25.84
953.1	-12.31
953.4	16.47
953.7	-12.78
954	37.07
954.3	-12.08
954.6	23.26
954.8	-18.4
955.1	13.43
955.4	23.5
955.7	28.65
956	-3.89
956.3	18.35
956.6	-11.38
956.9	-13.02
957.2	15.07
957.5	12.5
957.8	-25.65
958.1	-0.85
958.4	-24.95
958.7	-2.02
959	22.79
959.2	-18.17
959.5	5.24
959.8	2.43
960.1	-1.78
960.4	-5.99
960.7	-8.1
961	-8.33
961.3	11.09
961.6	21.39
961.9	-15.59
962.2	12.96
962.5	10.39
962.8	-0.38
963.1	4.07
963.3	13.67
963.6	10.86
963.9	5.24
964.2	10.16
964.5	-13.25
964.8	17.88
965.1	27.01
965.4	4.54
965.7	-13.95
966	45.5
966.3	-6.46
966.6	26.54
966.9	10.62
967.1	12.73
967.4	19.52
967.7	-11.85
968	-21.91
968.3	60.01
968.6	6.41
968.9	27.01
969.2	5.47
969.5	12.26
969.8	3.84
970.1	44.8
970.3	23.96
970.6	-9.97
970.9	-3.42
971.2	-4.82
971.5	9.92
971.8	12.26
972.1	23.96
972.4	24.67
972.7	-20.04
973	20.45
973.3	-9.97
973.5	-1.78
973.8	0.56
974.1	-3.19
974.4	-0.38
974.7	16.94
975	49.01
975.3	-1.31
975.6	-3.65
975.9	-5.76
976.2	9.22
976.4	-10.68
976.7	-9.51
977	7.11
977.3	-6.93
977.6	27.01
977.9	8.52
978.2	8.28
978.5	-1.31
978.8	25.84
979	9.45
979.3	12.73
979.6	2.67
979.9	-9.51
980.2	-11.85
980.5	8.75
980.8	5.24
981.1	10.16
981.4	14.13
981.6	17.88
981.9	15.77
982.2	-0.85
982.5	-14.42
982.8	-32.21
983.1	-6.23
983.4	-8.1
983.7	-4.82
984	-14.89
984.2	35.9
984.5	19.99
984.8	30.05
985.1	9.22
985.4	10.86
985.7	-17.93
986	28.41
986.3	24.67
986.5	17.65
986.8	19.05
987.1	35.43
987.4	-9.74
987.7	-10.68
988	14.13
988.3	11.79
988.6	13.9
988.8	19.28
989.1	31.69
989.4	-9.51
989.7	-27.29
990	-6.7
990.3	-33.14
990.6	25.84
990.9	3.84
991.1	-0.14
991.4	10.86
991.7	29.11
992	-15.59
992.3	11.56
992.6	-5.76
992.9	-18.4
993.1	27.71
993.4	24.43
993.7	1.5
994	34.97
994.3	-10.68
994.6	2.43
994.9	-8.1
995.1	-14.42
995.4	-3.89
995.7	9.69
996	-31.51
996.3	21.39
996.6	-7.87
996.9	20.92
997.1	5.01
997.4	2.43
997.7	3.13
998	2.43
998.3	37.07
998.6	-3.42
998.9	12.03
999.1	8.05
999.4	7.11
999.7	-15.12
1000	16.01
1000.3	-18.4
1000.6	13.67
1000.8	30.28
1001.1	19.28
1001.4	13.9
1001.7	-9.74
1002	2.2
1002.3	-12.78
1002.6	29.11
1002.8	-2.25
1003.1	-8.57
1003.4	30.75
1003.7	3.84
1004	-0.14
1004.3	-5.29
1004.5	-13.95
1004.8	16.71
1005.1	4.07
1005.4	-2.25
1005.7	-11.61
1006	22.56
1006.2	-7.63
1006.5	-7.16
1006.8	-6.46
1007.1	33.56
1007.4	49.94
1007.7	10.62
1007.9	4.54
1008.2	7.11
1008.5	-6.7
1008.8	23.73
1009.1	13.2
1009.4	20.92
1009.6	-5.53
1009.9	12.03
1010.2	12.73
1010.5	-27.53
1010.8	-11.61
1011.1	-19.57
1011.3	32.16
1011.6	20.92
1011.9	16.24
1012.2	-13.95
1012.5	3.84
1012.7	-17.93
1013	31.45
1013.3	5.47
1013.6	-1.78
1013.9	-5.29
1014.2	16.47
1014.4	12.96
1014.7	13.9
1015	-12.31
1015.3	-8.1
1015.6	-24.02
1015.8	13.9
1016.1	7.81
1016.4	-26.59
1016.7	-1.78
1017	-3.89
1017.2	17.65
1017.5	-2.95
1017.8	1.96
1018.1	-13.48
1018.4	-12.31
1018.7	5.24
1018.9	17.88
1019.2	-37.59
1019.5	-17.93
1019.8	16.01
1020.1	-7.16
1020.3	24.43
1020.6	11.79
1020.9	11.79
1021.2	11.79
