340.2	3.29
340.6	3.29
340.9	3.29
341.3	-17.78
341.7	1.89
342.1	4.46
342.4	10.78
342.8	-5.6
343.2	-19.18
343.6	-9.82
343.9	-14.26
344.3	-11.69
344.7	-5.6
345.1	11.25
345.4	16.86
345.8	18.97
346.2	1.89
346.6	7.97
346.9	-1.63
347.3	0.48
347.7	46.59
348	-0.46
348.4	31.38
348.8	-12.16
349.2	-13.33
349.5	-30.41
349.9	11.25
350.3	8.44
350.7	8.44
351	26.7
351.4	16.16
351.8	-6.31
352.2	6.8
352.5	-9.35
352.9	13.59
353.3	10.78
353.6	4.23
354	3.52
354.4	-3.26
354.8	6.1
355.1	13.59
355.5	-21.52
355.9	7.27
356.3	40.04
356.6	-9.82
357	-11.92
357.4	10.08
357.8	14.76
358.1	-16.14
358.5	-14.5
358.9	21.31
359.2	-3.97
359.6	18.5
360	6.1
360.4	3.06
360.7	4.46
361.1	33.01
361.5	-10.05
361.9	20.38
362.2	17.33
362.6	-9.82
363	-10.99
363.3	19.91
363.7	14.99
364.1	-10.52
364.5	1.42
364.8	4.93
365.2	11.25
365.6	24.12
366	-1.63
366.3	0.72
366.7	11.95
367.1	10.78
367.4	13.35
367.8	-3.03
368.2	-19.18
368.6	1.18
368.9	0.48
369.3	3.52
369.7	-9.82
370	-9.12
370.4	27.63
370.8	-0.69
371.2	22.25
371.5	7.27
371.9	29.5
372.3	-15.43
372.6	-18.01
373	-2.09
373.4	-10.75
373.8	3.06
374.1	-8.88
374.5	-7.48
374.9	2.59
375.2	39.33
375.6	-12.39
376	9.38
376.4	-12.63
376.7	-18.95
377.1	-13.09
377.5	17.33
377.8	32.08
378.2	-10.29
378.6	-12.63
379	-18.24
379.3	2.12
379.7	-7.01
380.1	-14.73
380.4	0.48
380.8	8.91
381.2	-7.94
381.6	7.97
381.9	-5.37
382.3	0.01
382.7	22.48
383	-1.63
383.4	-24.56
383.8	-1.16
384.2	-5.14
384.5	12.89
384.9	18.5
385.3	11.72
385.6	14.99
386	11.72
386.4	21.78
386.7	-19.41
387.1	-19.65
387.5	19.67
387.9	5.63
388.2	21.78
388.6	8.44
389	17.8
389.3	13.82
389.7	23.18
390.1	0.01
390.5	-10.52
390.8	-15.2
391.2	-13.56
391.6	-5.14
391.9	-20.58
392.3	-1.63
392.7	9.38
393	7.03
393.4	7.03
393.8	-10.29
394.2	7.03
394.5	22.95
394.9	17.1
395.3	11.72
395.6	-1.63
396	-15.9
396.4	-10.52
396.7	-18.48
397.1	7.5
397.5	-22.92
397.8	-6.77
398.2	9.61
398.6	-17.07
399	12.42
399.3	4.93
399.7	6.8
400.1	-18.48
400.4	-28.07
400.8	3.99
401.2	-22.46
401.5	-31.35
401.9	4.69
402.3	-4.43
402.7	9.84
403	-5.84
403.4	-19.41
403.8	-1.39
404.1	7.5
404.5	-5.14
404.9	15.46
405.2	0.01
405.6	9.38
406	-22.46
406.3	-7.24
406.7	-8.65
407.1	19.67
407.4	19.44
407.8	37.93
408.2	13.35
408.6	-2.09
408.9	-25.5
409.3	22.25
409.7	-13.8
410	-2.56
410.4	-11.92
410.8	1.42
411.1	14.99
411.5	18.5
411.9	-110.93
412.2	11.95
412.6	-10.99
413	-22.46
413.3	22.25
413.7	4.23
414.1	-9.12
414.4	22.25
414.8	33.25
415.2	20.14
415.5	1.42
415.9	1.65
416.3	10.31
416.7	3.06
417	-20.12
417.4	-2.56
417.8	-1.16
418.1	-19.88
418.5	-3.26
418.9	7.5
419.2	6.1
419.6	7.27
420	23.18
420.3	-5.37
420.7	-3.03
421.1	21.31
421.4	15.23
421.8	-20.12
422.2	-12.16
422.5	-10.05
422.9	-26.9
423.3	9.61
423.6	-31.58
424	124.3
424.4	85.44
424.7	9.61
425.1	4.69
425.5	-13.8
425.8	28.8
426.2	-0.92
426.6	-2.33
426.9	12.42
427.3	11.48
427.7	18.5
428	-28.78
428.4	24.12
428.8	20.38
429.1	20.14
429.5	-10.75
429.9	-14.03
430.2	-7.01
430.6	6.8
431	-7.01
431.3	15.93
431.7	26.46
432.1	19.91
432.4	3.99
432.8	27.87
433.2	-1.16
433.5	16.16
433.9	9.14
434.3	-7.71
434.6	4.23
435	-24.33
435.4	11.25
435.7	33.95
436.1	20.84
436.5	-12.16
436.8	-12.86
437.2	-24.09
437.6	0.01
437.9	195.68
438.3	8.67
438.7	28.57
439	-2.8
439.4	-5.6
439.8	0.01
440.1	-12.16
440.5	-5.6
440.9	-16.37
441.2	-3.03
441.6	17.33
442	18.97
442.3	-15.2
442.7	-3.5
443.1	23.65
443.4	-10.05
443.8	-7.71
444.1	1.65
444.5	20.61
444.9	-10.29
445.2	39.57
445.6	12.42
446	11.72
446.3	4.69
446.7	7.27
447.1	-8.65
447.4	0.72
447.8	13.59
448.2	7.97
448.5	-3.73
448.9	23.65
449.3	19.44
449.6	4.46
450	-32.05
450.4	-1.39
450.7	13.59
451.1	2.59
451.4	-12.16
451.8	10.55
452.2	12.18
452.5	-8.65
452.9	16.16
453.3	-11.22
453.6	-7.94
454	-2.8
454.4	15.69
454.7	0.95
455.1	13.35
455.5	-22.46
455.8	-37.9
456.2	7.74
456.5	-0.46
456.9	3.06
457.3	2.35
457.6	-15.2
458	0.72
458.4	26.93
458.7	-1.39
459.1	-6.31
459.5	14.06
459.8	-10.05
460.2	-7.48
460.5	19.67
460.9	3.06
461.3	-1.86
461.6	-16.6
462	-17.31
462.4	-3.73
462.7	-7.94
463.1	-14.73
463.5	-0.22
463.8	4.93
464.2	5.86
464.5	-21.75
464.9	9.84
465.3	-5.6
465.6	-3.26
466	5.16
466.4	-8.41
466.7	-0.92
467.1	31.38
467.5	-17.31
467.8	8.67
468.2	-10.05
468.5	-14.73
468.9	10.78
469.3	-18.71
469.6	5.86
470	-6.54
470.4	-5.37
470.7	-5.6
471.1	-17.31
471.4	-2.09
471.8	35.59
472.2	11.48
472.5	-1.86
472.9	-3.03
473.3	36.99
473.6	-6.07
474	10.78
474.3	15.46
474.7	11.95
475.1	12.65
475.4	9.14
475.8	-4.67
476.2	30.91
476.5	-8.41
476.9	-1.39
477.2	33.72
477.6	15.23
478	-27.14
478.3	23.42
478.7	8.44
479.1	4.69
479.4	-5.14
479.8	18.97
480.1	10.78
480.5	-1.63
480.9	-7.24
481.2	-3.73
481.6	14.76
481.9	-0.92
482.3	48.46
482.7	-114.44
483	3.76
483.4	13.12
483.8	-33.46
484.1	2.12
484.5	2.35
484.8	2.59
485.2	-8.65
485.6	-3.5
485.9	22.95
486.3	-11.92
486.6	10.31
487	-3.5
487.4	-13.8
487.7	-3.03
488.1	19.21
488.5	6.1
488.8	22.25
489.2	26.7
489.5	2.12
489.9	-19.18
490.3	7.03
490.6	-11.92
491	-2.09
491.3	1.89
491.7	5.4
492.1	-4.9
492.4	-2.33
492.8	7.5
493.1	-32.75
493.5	12.89
493.9	31.38
494.2	-9.82
494.6	-11.92
494.9	-23.86
495.3	-0.46
495.7	7.74
496	2.59
496.4	-0.22
496.7	24.82
497.1	33.72
497.5	-19.18
497.8	7.97
498.2	7.97
498.5	-2.8
498.9	-27.14
499.3	-12.16
499.6	3.99
500	6.33
500.3	3.06
500.7	-8.18
501.1	0.48
501.4	14.76
501.8	-8.41
502.1	18.97
502.5	4.69
502.9	51.27
503.2	25.99
503.6	0.01
503.9	-13.8
504.3	2.82
504.7	-2.8
505	22.01
505.4	-1.86
505.7	-2.33
506.1	-0.46
506.5	-21.05
506.8	8.67
507.2	-5.37
507.5	-15.43
507.9	-10.29
508.2	27.4
508.6	5.4
509	-3.03
509.3	11.25
509.7	-4.9
510	-3.5
510.4	-13.56
510.8	-17.07
511.1	24.35
511.5	-15.2
511.8	1.42
512.2	10.08
512.6	9.14
512.9	12.89
513.3	7.97
513.6	-3.5
514	5.4
514.3	8.44
514.7	-10.05
515.1	4.23
515.4	17.1
515.8	7.27
516.1	8.2
516.5	-13.33
516.9	-19.65
517.2	43.08
517.6	26.23
517.9	-8.88
518.3	-14.03
518.6	9.14
519	20.14
519.4	-1.86
519.7	6.8
520.1	-0.92
520.4	36.99
520.8	32.78
521.1	-40.01
521.5	1.89
521.9	-23.16
522.2	9.14
522.6	25.29
522.9	5.63
523.3	28.33
523.6	6.1
524	-2.56
524.4	16.63
524.7	3.29
525.1	-5.37
525.4	11.95
525.8	9.61
526.2	13.82
526.5	11.72
526.9	-27.14
527.2	4.46
527.6	16.4
527.9	-1.86
528.3	11.48
528.6	-4.67
529	14.29
529.4	-4.2
529.7	20.61
530.1	-6.07
530.4	14.76
530.8	-6.07
531.1	7.5
531.5	-11.92
531.9	-1.39
532.2	12.18
532.6	4.23
532.9	1.18
533.3	10.31
533.6	0.72
534	6.57
534.4	38.87
534.7	33.25
535.1	-4.67
535.4	34.65
535.8	9.14
536.1	21.31
536.5	3.99
536.8	20.84
537.2	-16.37
537.6	28.8
537.9	55.02
538.3	-1.63
538.6	4.69
539	18.04
539.3	7.27
539.7	28.57
540	-5.37
540.4	16.63
540.8	9.84
541.1	213.7
541.5	-19.88
541.8	-6.07
542.2	7.03
542.5	49.63
542.9	32.78
543.2	-4.2
543.6	16.4
544	14.52
544.3	0.01
544.7	-7.71
545	-9.35
545.4	23.65
545.7	9.84
546.1	-8.41
546.4	1.89
546.8	6.33
547.2	-0.46
547.5	10.08
547.9	14.99
548.2	-16.6
548.6	-19.18
548.9	-5.14
549.3	29.04
549.6	22.01
550	8.44
550.3	-22.92
550.7	5.86
551.1	0.48
551.4	4.93
551.8	-9.82
552.1	21.78
552.5	-4.43
552.8	4.23
553.2	10.78
553.5	1.42
553.9	35.59
554.2	-14.26
554.6	-1.39
554.9	-8.41
555.3	0.25
555.7	1.89
556	-10.29
556.4	-6.31
556.7	6.33
557.1	18.04
557.4	-20.82
557.8	14.06
558.1	-8.65
558.5	22.25
558.8	-6.54
559.2	16.63
559.5	-13.09
559.9	-4.43
560.3	-18.48
560.6	2.59
561	2.12
561.3	1.89
561.7	-13.8
562	5.4
562.4	37.7
562.7	-7.71
563.1	-0.69
563.4	-21.52
563.8	-3.97
564.1	17.1
564.5	3.99
564.8	-24.09
565.2	-4.43
565.5	5.4
565.9	23.89
566.3	17.33
566.6	15.46
567	16.4
567.3	11.95
567.7	-0.22
568	14.29
568.4	3.29
568.7	12.65
569.1	7.5
569.4	4.23
569.8	5.86
570.1	-13.56
570.5	2.12
570.8	24.12
571.2	2.35
571.5	5.4
571.9	-4.2
572.2	23.18
572.6	39.33
572.9	-12.16
573.3	19.67
573.6	13.12
574	20.61
574.4	17.33
574.7	34.65
575.1	36.06
575.4	-2.33
575.8	-3.97
576.1	18.04
576.5	22.25
576.8	39.57
577.2	33.25
577.5	27.16
577.9	-19.18
578.2	32.55
578.6	3.76
578.9	22.72
579.3	35.82
579.6	3.76
580	25.06
580.3	8.67
580.7	31.38
581	55.02
581.4	8.44
581.7	24.59
582.1	53.85
582.4	53.85
582.8	23.18
583.1	47.53
583.5	11.25
583.8	41.21
584.2	32.31
584.5	25.29
584.9	22.01
585.2	21.31
585.6	66.72
585.9	47.99
586.3	46.82
586.6	51.5
587	26.7
587.3	53.85
587.7	43.78
588	45.42
588.4	58.29
588.7	57.82
589.1	47.53
589.4	69.29
589.8	50.33
590.1	45.65
590.5	74.21
590.8	77.25
591.2	84.04
591.5	84.51
591.9	73.51
592.2	70.7
592.6	73.04
592.9	93.87
593.3	85.21
593.6	77.48
594	83.1
594.3	115.4
594.7	85.68
595	77.25
595.4	119.15
595.7	111.42
596.1	103
596.4	112.59
596.8	119.61
597.1	117.27
597.5	152.38
597.8	122.89
598.2	135.06
598.5	118.44
598.9	137.17
599.2	175.09
599.6	186.09
599.9	174.62
600.3	192.17
600.6	184.92
601	202.47
601.3	198.26
601.7	222.6
602	209.73
602.4	219.56
602.7	219.09
603.1	261.68
603.4	253.49
603.8	272.22
604.1	251.15
604.5	279
604.8	307.09
605.1	314.11
605.5	344.54
605.8	358.58
606.2	360.46
606.5	392.99
606.9	372.16
607.2	417.56
607.6	395.56
607.9	439.33
608.3	462.27
608.6	469.76
609	504.63
609.3	502.06
609.7	514.7
610	562.21
610.4	561.04
610.7	566.19
611.1	619.55
611.4	642.72
611.8	660.04
612.1	683.22
612.5	683.22
612.8	717.62
613.1	769.82
613.5	825.05
613.8	789.24
614.2	866.71
614.5	879.59
614.9	918.67
615.2	979.76
615.6	1017.44
615.9	1039.21
616.3	1085.09
616.6	1145.47
617	1164.9
617.3	1185.73
617.7	1284.26
618	1362.2
618.3	1360.1
618.7	1392.16
619	1512.47
619.4	1503.34
619.7	1577.77
620.1	1666.47
620.4	1684.26
620.8	1792.16
621.1	1872.44
621.5	1907.78
621.8	1988.3
622.2	2068.81
622.5	2115.62
622.8	2194.73
623.2	2251.37
623.5	2377.76
623.9	2439.79
624.2	2502.51
624.6	2574.84
624.9	2694.2
625.3	2800
625.6	2891.74
626	2991.22
626.3	3056.52
626.7	3209.36
627	3348.38
627.3	3393.79
627.7	3489.05
628	3630.18
628.4	3721.7
628.7	3825.38
629.1	3908.01
629.4	3948.5
629.8	4069.03
630.1	4108.12
630.5	4151.19
630.8	4267.98
631.1	4267.28
631.5	4296.77
631.8	4265.41
632.2	4244.11
632.5	4248.32
632.9	4140.19
633.2	4104.14
633.6	4013.1
633.9	3953.65
634.2	3827.49
634.6	3685.89
634.9	3499.35
635.3	3421.17
635.6	3209.12
636	3121.59
636.3	2919.13
636.7	2750.61
637	2628.9
637.3	2447.51
637.7	2280.16
638	2142.77
638.4	1967.7
638.7	1899.59
639.1	1761.03
639.4	1615.22
639.8	1506.85
640.1	1433.12
640.4	1341.61
640.8	1238.62
641.1	1162.09
641.5	1086.02
641.8	993.8
642.2	963.38
642.5	898.31
642.8	807.26
643.2	789.01
643.5	730.96
643.9	660.75
644.2	644.6
644.6	608.55
644.9	564.55
645.3	541.14
645.6	495.5
645.9	467.42
646.3	434.18
646.6	422.95
647	381.52
647.3	351.33
647.7	365.84
648	330.5
648.3	305.69
648.7	267.07
649	279.94
649.4	247.41
649.7	239.68
650.1	219.56
650.4	222.83
650.7	198.72
651.1	202.7
651.4	180.7
651.8	179.06
652.1	157.06
652.4	173.91
652.8	121.02
653.1	121.95
653.5	118.44
653.8	136.93
654.2	126.87
654.5	145.36
654.8	104.63
655.2	103.93
655.5	90.83
655.9	91.53
656.2	86.38
656.6	86.85
656.9	87.78
657.2	88.95
657.6	44.95
657.9	59.46
658.3	62.04
658.6	62.51
658.9	63.91
659.3	38.63
659.6	43.31
660	54.31
660.3	23.89
660.7	47.76
661	60.87
661.3	66.95
661.7	49.4
662	41.91
662.4	51.04
662.7	54.31
663	26.46
663.4	16.16
663.7	-38.84
664.1	33.95
664.4	25.52
664.7	8.44
665.1	34.89
665.4	39.57
665.8	34.18
666.1	3.99
666.4	22.95
666.8	-16.14
667.1	2.35
667.5	32.78
667.8	32.08
668.1	7.03
668.5	13.12
668.8	11.95
669.2	-10.99
669.5	13.82
669.8	-22.92
670.2	16.86
670.5	16.4
670.9	8.91
671.2	34.18
671.5	2.82
671.9	11.72
672.2	29.04
672.6	8.67
672.9	10.08
673.2	-4.67
673.6	10.08
673.9	17.33
674.3	49.63
674.6	0.01
674.9	13.35
675.3	-5.6
675.6	-2.09
676	-21.05
676.3	-21.99
676.6	-6.31
677	15.93
677.3	-8.88
677.7	-1.16
678	-0.22
678.3	-6.07
678.7	6.8
679	-17.78
679.4	-0.92
679.7	11.01
680	-7.48
680.4	12.42
680.7	-2.09
681	24.12
681.4	7.97
681.7	11.25
682.1	-2.8
682.4	21.08
682.7	7.27
683.1	-11.46
683.4	5.86
683.8	-8.88
684.1	-28.78
684.4	7.03
684.8	18.04
685.1	9.38
685.4	-12.39
685.8	-15.9
686.1	32.08
686.5	45.19
686.8	-0.22
687.1	14.52
687.5	-29.71
687.8	3.52
688.1	-13.56
688.5	23.18
688.8	19.91
689.2	14.29
689.5	-26.2
689.8	-220.7
690.2	17.8
690.5	-9.82
690.8	3.29
691.2	22.72
691.5	14.52
691.9	5.16
692.2	-0.46
692.5	6.8
692.9	-3.5
693.2	-14.73
693.5	-4.9
693.9	25.99
694.2	21.78
694.6	-5.37
694.9	-0.46
695.2	-4.67
695.6	3.76
695.9	2.12
696.2	-16.84
696.6	9.61
696.9	13.12
697.2	-8.41
697.6	-4.9
697.9	9.84
698.3	28.57
698.6	2.12
698.9	-10.52
699.3	-6.77
699.6	-16.14
699.9	-8.88
700.3	11.72
700.6	-11.46
700.9	10.08
701.3	-22.46
701.6	6.33
702	4.23
702.3	11.48
702.6	25.99
703	-6.31
703.3	-12.16
703.6	2.59
704	-38.84
704.3	6.1
704.6	-1.16
705	-7.94
705.3	3.06
705.6	-10.52
706	17.8
706.3	-21.29
706.6	25.29
707	24.82
707.3	5.16
707.7	-9.35
708	2.59
708.3	9.14
708.7	22.01
709	24.12
709.3	18.5
709.7	7.27
710	2.12
710.3	7.97
710.7	-29.71
711	0.25
711.3	10.78
711.7	-3.26
712	-2.8
712.3	-20.58
712.7	-15.2
713	8.2
713.3	16.63
713.7	-4.67
714	-6.07
714.3	9.14
714.7	-7.01
715	24.12
715.3	14.06
715.7	6.8
716	6.1
716.3	13.82
716.7	-6.31
717	-4.2
717.3	-1.63
717.7	5.86
718	19.44
718.4	7.74
718.7	9.84
719	18.04
719.4	10.55
719.7	7.5
720	-7.94
720.4	1.65
720.7	15.93
721	-3.73
721.3	-12.16
721.7	-21.05
722	28.1
722.3	15.46
722.7	9.61
723	14.29
723.3	7.27
723.7	-5.6
724	-9.12
724.3	24.35
724.7	12.89
725	8.67
725.3	3.06
725.7	-18.95
726	-26.44
726.3	7.27
726.7	-15.9
727	-5.6
727.3	-18.71
727.7	-14.73
728	14.99
728.3	6.1
728.7	15.23
729	5.63
729.3	-20.58
729.7	-23.16
730	12.42
730.3	-32.75
730.7	-3.26
731	-23.63
731.3	2.35
731.7	-4.2
732	-10.05
732.3	-35.1
732.6	18.74
733	-9.82
733.3	1.65
733.6	-7.01
734	12.65
734.3	3.06
734.6	-6.07
735	-15.9
735.3	2.82
735.6	0.25
736	17.1
736.3	-22.22
736.6	17.8
737	-0.69
737.3	30.44
737.6	3.76
737.9	2.59
738.3	14.76
738.6	-0.92
738.9	-0.92
739.3	-1.39
739.6	3.06
739.9	-10.05
740.3	15.93
740.6	6.8
740.9	-32.29
741.2	-21.75
741.6	-13.09
741.9	-6.54
742.2	1.89
742.6	3.99
742.9	-2.8
743.2	12.42
743.6	5.16
743.9	1.65
744.2	-2.09
744.6	-16.14
744.9	14.06
745.2	-1.39
745.5	3.52
745.9	-11.69
746.2	-7.48
746.5	18.5
746.9	-1.63
747.2	24.82
747.5	-0.69
747.8	31.84
748.2	20.61
748.5	17.57
748.8	-24.8
749.2	-20.58
749.5	-20.82
749.8	2.12
750.1	-2.56
750.5	14.76
750.8	-2.8
751.1	3.29
751.5	-1.63
751.8	-0.22
752.1	8.67
752.5	-9.58
752.8	11.95
753.1	-0.46
753.4	24.35
753.8	10.78
754.1	-7.01
754.4	-11.92
754.7	-7.94
755.1	-7.01
755.4	-12.39
755.7	11.95
756.1	-5.84
756.4	-2.33
756.7	23.65
757	7.74
757.4	-5.37
757.7	9.61
758	27.63
758.4	-7.01
758.7	-1.16
759	-16.14
759.3	14.99
759.7	-13.33
760	-4.9
760.3	1.42
760.7	-15.2
761	2.12
761.3	10.78
761.6	11.01
762	38.87
762.3	7.97
762.6	-2.8
762.9	-8.41
763.3	-14.73
763.6	7.5
763.9	-5.14
764.2	-18.48
764.6	-7.01
764.9	8.2
765.2	4.23
765.6	-5.84
765.9	11.48
766.2	11.01
766.5	0.25
766.9	-11.22
767.2	14.06
767.5	35.12
767.8	1.42
768.2	-24.33
768.5	-13.09
768.8	12.65
769.1	-0.92
769.5	8.2
769.8	-0.92
770.1	-2.56
770.5	6.33
770.8	1.89
771.1	1.89
771.4	-13.33
771.8	10.31
772.1	-8.65
772.4	16.16
772.7	2.82
773.1	-5.37
773.4	-11.69
773.7	0.48
774	10.08
774.4	10.08
774.7	-4.9
775	-0.69
775.3	14.52
775.7	24.35
776	-5.37
776.3	-10.75
776.6	7.03
777	-2.8
777.3	12.18
777.6	-6.31
777.9	-12.63
778.3	8.67
778.6	8.2
778.9	27.4
779.2	28.1
779.6	-5.14
779.9	4.93
780.2	31.61
780.5	22.25
780.9	22.48
781.2	-1.16
781.5	14.99
781.8	1.89
782.2	-16.14
782.5	-1.39
782.8	-17.54
783.1	-1.39
783.4	-7.94
783.8	7.5
784.1	25.29
784.4	-15.2
784.7	10.08
785.1	1.18
785.4	-2.09
785.7	-0.92
786	-5.14
786.4	-1.86
786.7	-3.97
787	21.08
787.3	22.25
787.7	2.12
788	26.7
788.3	-3.26
788.6	7.74
788.9	-4.67
789.3	9.14
789.6	28.57
789.9	-5.14
790.2	-2.8
790.6	-26.67
790.9	18.97
791.2	16.16
791.5	0.48
791.9	-15.9
792.2	-12.86
792.5	21.31
792.8	-5.14
793.1	3.06
793.5	15.93
793.8	-0.22
794.1	-6.77
794.4	24.59
794.8	9.84
795.1	-6.31
795.4	23.42
795.7	14.06
796	-12.63
796.4	5.86
796.7	18.74
797	-10.29
797.3	-20.58
797.7	9.38
798	0.01
798.3	16.63
798.6	-3.03
798.9	-7.71
799.3	-0.69
799.6	9.38
799.9	34.89
800.2	-12.16
800.5	8.44
800.9	11.01
801.2	-13.33
801.5	2.35
801.8	-22.69
802.2	-19.41
802.5	5.4
802.8	4.46
803.1	2.35
803.4	-0.92
803.8	16.86
804.1	16.16
804.4	-11.92
804.7	0.25
805	-9.12
805.4	6.57
805.7	-2.33
806	-11.22
806.3	11.48
806.6	-16.6
807	39.57
807.3	12.42
807.6	-15.2
807.9	-0.69
808.2	-23.39
808.6	20.61
808.9	0.72
809.2	7.5
809.5	8.67
809.8	12.65
810.2	17.57
810.5	-18.71
810.8	10.55
811.1	11.95
811.4	-1.39
811.8	-18.24
812.1	2.59
812.4	-5.14
812.7	-11.92
813	25.06
813.4	-15.9
813.7	-13.8
814	29.97
814.3	10.31
814.6	-8.88
815	-14.73
815.3	-15.9
815.6	7.74
815.9	6.33
816.2	-5.37
816.5	-28.31
816.9	-5.37
817.2	-1.39
817.5	38.87
817.8	19.21
818.1	-5.37
818.5	-8.41
818.8	23.65
819.1	-16.37
819.4	-20.35
819.7	12.65
820.1	13.35
820.4	-3.97
820.7	14.29
821	8.44
821.3	-18.24
821.6	20.84
822	9.84
822.3	23.42
822.6	-23.16
822.9	5.16
823.2	12.42
823.5	-3.26
823.9	-3.73
824.2	7.97
824.5	17.8
824.8	18.5
825.1	23.65
825.5	9.38
825.8	-3.97
826.1	4.69
826.4	25.29
826.7	-8.41
827	15.23
827.4	9.14
827.7	1.65
828	-13.09
828.3	-13.56
828.6	-22.22
828.9	-19.41
829.3	-19.65
829.6	31.61
829.9	17.8
830.2	5.63
830.5	-28.07
830.8	-19.41
831.2	-0.69
831.5	0.48
831.8	1.65
832.1	-9.82
832.4	-27.14
832.7	25.99
833.1	-36.03
833.4	7.27
833.7	-28.54
834	22.01
834.3	1.42
834.6	27.4
835	28.33
835.3	18.97
835.6	4.69
835.9	-1.86
836.2	-9.35
836.5	25.99
836.8	14.76
837.2	-0.46
837.5	-3.97
837.8	16.63
838.1	-21.29
838.4	-5.37
838.7	24.35
839.1	18.27
839.4	1.18
839.7	-8.65
840	-20.58
840.3	11.72
840.6	-233.34
840.9	-6.07
841.3	7.74
841.6	13.12
841.9	6.33
842.2	-8.88
842.5	5.63
842.8	-21.05
843.1	-4.9
843.5	-0.22
843.8	-4.9
844.1	-4.9
844.4	14.06
844.7	6.8
845	14.06
845.3	7.97
845.7	23.18
846	-19.18
846.3	-2.56
846.6	6.33
846.9	-8.88
847.2	41.67
847.5	-36.97
847.9	14.06
848.2	28.57
848.5	6.33
848.8	-3.03
849.1	8.91
849.4	7.5
849.7	6.57
850	11.01
850.4	1.89
850.7	-21.29
851	3.29
851.3	-12.16
851.6	-8.65
851.9	19.91
852.2	-10.29
852.5	-24.8
852.9	7.74
853.2	-3.73
853.5	19.44
853.8	10.78
854.1	-14.26
854.4	-18.01
854.7	20.61
855.1	25.52
855.4	15.69
855.7	0.48
856	12.18
856.3	-12.86
856.6	6.8
856.9	4.23
857.2	8.44
857.5	2.82
857.9	15.46
858.2	-14.03
858.5	-0.69
858.8	-0.22
859.1	18.5
859.4	0.25
859.7	-16.6
860	-20.82
860.4	-8.41
860.7	17.8
861	0.48
861.3	-13.8
861.6	14.76
861.9	-7.48
862.2	14.52
862.5	15.93
862.8	16.4
863.2	-4.9
863.5	20.14
863.8	39.57
864.1	0.25
864.4	-1.86
864.7	-1.16
865	-20.12
865.3	12.89
865.6	10.55
866	-4.9
866.3	-25.5
866.6	-7.48
866.9	14.76
867.2	-8.41
867.5	-2.33
867.8	-4.43
868.1	-19.88
868.4	-0.92
868.7	12.42
869.1	-11.46
869.4	23.89
869.7	9.61
870	1.42
870.3	11.48
870.6	-22.22
870.9	7.03
871.2	0.01
871.5	-18.24
871.8	3.99
872.1	-23.16
872.5	13.82
872.8	-1.16
873.1	3.06
873.4	12.65
873.7	14.99
874	-1.63
874.3	13.35
874.6	26.23
874.9	4.46
875.2	-15.67
875.6	1.89
875.9	10.78
876.2	-7.71
876.5	0.01
876.8	-20.12
877.1	-14.97
877.4	1.42
877.7	-30.18
878	18.27
878.3	3.06
878.6	5.63
878.9	3.06
879.3	4.69
879.6	16.86
879.9	-9.12
880.2	-5.14
880.5	27.4
880.8	10.55
881.1	18.27
881.4	-8.88
881.7	17.57
882	9.61
882.3	-7.48
882.6	-3.03
882.9	-15.9
883.3	3.76
883.6	2.12
883.9	-10.75
884.2	14.06
884.5	-21.99
884.8	1.89
885.1	3.52
885.4	-18.71
885.7	-18.48
886	2.59
886.3	10.08
886.6	3.29
886.9	6.57
887.2	5.16
887.6	4.23
887.9	14.29
888.2	-9.35
888.5	2.12
888.8	25.52
889.1	3.99
889.4	7.5
889.7	-28.54
890	17.1
890.3	-10.75
890.6	1.42
890.9	-12.86
891.2	10.31
891.5	-20.12
891.8	-15.2
892.1	-1.16
892.5	-17.31
892.8	-7.71
893.1	21.55
893.4	-20.58
893.7	18.04
894	-13.56
894.3	-23.16
894.6	-23.86
894.9	4.46
895.2	-6.07
895.5	7.74
895.8	5.4
896.1	-6.31
896.4	-7.71
896.7	2.59
897	-2.09
897.3	3.76
897.6	3.06
897.9	20.61
898.3	30.21
898.6	17.57
898.9	-15.67
899.2	14.06
899.5	-13.56
899.8	-8.65
900.1	-15.67
900.4	8.67
900.7	13.35
901	17.1
901.3	5.63
901.6	-7.48
901.9	-4.2
902.2	6.1
902.5	-5.14
902.8	36.76
903.1	0.25
903.4	-9.35
903.7	-23.63
904	-34.63
904.3	-25.26
904.6	-2.33
904.9	4.46
905.2	-18.24
905.6	10.78
905.9	-23.63
906.2	1.65
906.5	26.46
906.8	4.46
907.1	3.99
907.4	-38.61
907.7	13.82
908	22.95
908.3	-0.69
908.6	-6.31
908.9	-16.6
909.2	3.29
909.5	10.31
909.8	-19.41
910.1	-11.46
910.4	-22.92
910.7	9.61
911	4.23
911.3	1.18
911.6	16.63
911.9	10.31
912.2	20.61
912.5	-3.03
912.8	-4.2
913.1	5.4
913.4	19.67
913.7	4.69
914	-9.35
914.3	-1.86
914.6	9.84
914.9	-27.37
915.2	8.67
915.5	-24.09
915.8	-20.58
916.1	-3.03
916.4	-4.9
916.7	3.99
917	6.8
917.3	-6.77
917.6	-21.29
917.9	-13.8
918.2	12.18
918.5	28.57
918.8	4.69
919.1	0.72
919.5	3.52
919.8	9.38
920.1	28.33
920.4	18.27
920.7	-11.22
921	25.52
921.3	17.1
921.6	-14.03
921.9	-11.22
922.2	-23.86
922.5	2.82
922.8	28.8
923.1	14.06
923.4	22.01
923.7	23.65
924	38.4
924.3	-8.88
924.6	-5.84
924.9	-14.03
925.2	-7.48
925.5	11.95
925.8	-0.92
926.1	12.89
926.4	-7.48
926.7	21.08
927	11.72
927.3	-25.73
927.6	13.12
927.9	-3.5
928.2	0.95
928.4	18.74
928.7	-30.18
929	33.95
929.3	-7.24
929.6	8.2
929.9	2.12
930.2	-5.6
930.5	3.06
930.8	10.78
931.1	-3.26
931.4	-0.69
931.7	2.59
932	35.59
932.3	-9.12
932.6	-25.5
932.9	-16.37
933.2	-13.09
933.5	11.25
933.8	-14.26
934.1	18.97
934.4	32.31
934.7	29.5
935	-11.22
935.3	2.12
935.6	25.52
935.9	-7.48
936.2	15.93
936.5	-22.22
936.8	-3.26
937.1	-3.5
937.4	-17.54
937.7	-2.09
938	13.12
938.3	-17.07
938.6	-1.63
938.9	13.82
939.2	-1.16
939.5	-2.8
939.8	-11.69
940.1	18.97
940.4	-2.8
940.7	-11.46
941	0.25
941.3	-11.22
941.6	18.5
941.9	-4.9
942.2	16.16
942.4	-3.5
942.7	-16.14
943	2.82
943.3	20.14
943.6	-9.12
943.9	-40.24
944.2	14.99
944.5	-24.56
944.8	-35.8
945.1	-0.22
945.4	-29.71
945.7	-16.6
946	-1.86
946.3	18.5
946.6	-6.31
946.9	-6.77
947.2	-3.97
947.5	-1.39
947.8	-0.92
948.1	23.65
948.4	3.06
948.7	-28.31
949	27.63
949.2	10.31
949.5	8.44
949.8	14.06
950.1	22.95
950.4	-9.35
950.7	24.12
951	4.93
951.3	15.69
951.6	16.16
951.9	-16.14
952.2	8.2
952.5	-6.31
952.8	18.97
953.1	-34.63
953.4	33.25
953.7	-2.8
954	20.14
954.3	-17.07
954.6	33.72
954.8	-10.52
955.1	-10.29
955.4	0.25
955.7	15.69
956	-3.73
956.3	20.14
956.6	-4.43
956.9	13.12
957.2	8.91
957.5	17.57
957.8	-16.6
958.1	12.42
958.4	9.61
958.7	1.65
959	28.57
959.2	2.59
959.5	0.48
959.8	3.29
960.1	-4.67
960.4	-3.5
960.7	-21.05
961	-11.92
961.3	13.59
961.6	-1.16
961.9	-2.33
962.2	-12.86
962.5	0.25
962.8	11.48
963.1	-6.54
963.3	9.14
963.6	-5.37
963.9	6.8
964.2	-7.24
964.5	-4.2
964.8	31.38
965.1	-12.39
965.4	15.46
965.7	-4.9
966	28.1
966.3	-11.92
966.6	17.33
966.9	2.12
967.1	8.67
967.4	-0.22
967.7	-7.01
968	-11.22
968.3	46.12
968.6	-6.77
968.9	8.44
969.2	2.59
969.5	22.48
969.8	-8.41
970.1	-1.16
970.3	1.42
970.6	-4.67
970.9	4.23
971.2	9.14
971.5	3.52
971.8	13.82
972.1	47.29
972.4	15.69
972.7	-4.2
973	22.72
973.3	-10.75
973.5	-12.16
973.8	3.52
974.1	-19.88
974.4	27.4
974.7	16.86
975	32.08
975.3	-0.69
975.6	-7.71
975.9	13.12
976.2	-5.37
976.4	0.25
976.7	-5.6
977	-12.86
977.3	10.55
977.6	24.59
977.9	-7.01
978.2	10.55
978.5	-11.92
978.8	20.84
979	9.61
979.3	-7.24
979.6	0.01
979.9	9.61
980.2	-19.88
980.5	1.65
980.8	1.42
981.1	1.42
981.4	8.2
981.6	5.63
981.9	13.12
982.2	-10.75
982.5	-22.22
982.8	-18.48
983.1	-7.71
983.4	-20.12
983.7	-7.24
984	12.42
984.2	2.59
984.5	2.35
984.8	20.38
985.1	-1.39
985.4	-17.07
985.7	-33.46
986	51.04
986.3	3.99
986.5	5.16
986.8	23.18
987.1	12.42
987.4	11.95
987.7	-8.18
988	19.21
988.3	-7.01
988.6	9.14
988.8	16.4
989.1	27.16
989.4	11.72
989.7	-28.78
990	9.84
990.3	-12.16
990.6	2.59
990.9	3.06
991.1	-21.99
991.4	26.93
991.7	9.38
992	7.03
992.3	-1.86
992.6	8.67
992.9	-36.97
993.1	2.12
993.4	14.06
993.7	0.25
994	20.61
994.3	-21.75
994.6	-0.22
994.9	10.55
995.1	-13.33
995.4	-0.46
995.7	14.29
996	-17.54
996.3	27.4
996.6	-18.24
996.9	21.55
997.1	6.1
997.4	13.35
997.7	-4.2
998	-14.5
998.3	45.65
998.6	10.08
998.9	36.06
999.1	-1.16
999.4	-10.29
999.7	-14.73
1000	8.67
1000.3	14.29
1000.6	-0.69
1000.8	22.01
1001.1	36.06
1001.4	11.48
1001.7	-13.33
1002	-0.92
1002.3	-7.94
1002.6	-15.2
1002.8	-9.35
1003.1	3.06
1003.4	18.5
1003.7	0.25
1004	8.67
1004.3	15.69
1004.5	-4.43
1004.8	17.8
1005.1	-13.09
1005.4	-1.16
1005.7	0.48
1006	22.25
1006.2	14.76
1006.5	-1.63
1006.8	10.31
1007.1	25.76
1007.4	18.5
1007.7	10.31
1007.9	15.69
1008.2	8.2
1008.5	-4.9
1008.8	6.8
1009.1	31.61
1009.4	19.21
1009.6	-42.12
1009.9	-11.22
1010.2	20.84
1010.5	-7.94
1010.8	-17.54
1011.1	-5.37
1011.3	11.25
1011.6	19.21
1011.9	-2.33
1012.2	-3.97
1012.5	9.38
1012.7	-1.16
1013	0.95
1013.3	5.86
1013.6	8.91
1013.9	10.55
1014.2	2.12
1014.4	12.89
1014.7	3.29
1015	-2.56
1015.3	-5.37
1015.6	-31.35
1015.8	6.57
1016.1	-12.39
1016.4	-2.33
1016.7	-2.33
1017	-38.61
1017.2	-12.86
1017.5	-6.54
1017.8	2.12
1018.1	-22.22
1018.4	-0.22
1018.7	0.25
1018.9	-9.82
1019.2	-35.56
1019.5	-36.97
1019.8	-15.67
1020.1	-0.92
1020.3	20.38
1020.6	10.55
1020.9	10.55
1021.2	10.55
