340.19	-5.45
340.564	-5.45
340.939	-5.45
341.313	7.66
341.687	-31.43
342.061	13.51
342.436	20.77
342.81	-31.19
343.184	26.15
343.558	-3.81
343.932	14.21
344.306	-3.11
344.68	-6.62
345.054	-0.53
345.428	1.34
345.802	-1.24
346.176	2.51
346.55	8.13
346.924	1.81
347.298	-4.28
347.672	-6.15
348.046	-12.7
348.419	-50.39
348.793	-16.68
349.167	-22.53
349.54	5.79
349.914	0.64
350.288	-9.19
350.661	-32.83
351.035	16.79
351.408	-23.7
351.782	1.81
352.155	26.85
352.528	11.64
352.902	25.68
353.275	7.42
353.648	24.04
354.022	-4.98
354.395	1.11
354.768	-8.96
355.141	14.21
355.515	1.11
355.888	14.68
356.261	-12.24
356.634	5.08
357.007	14.91
357.38	-29.56
357.753	-12
358.126	-9.9
358.499	15.15
358.872	5.32
359.245	26.38
359.617	29.89
359.99	-9.66
360.363	-11.07
360.736	-8.72
361.108	3.68
361.481	16.08
361.854	-5.45
362.226	31.06
362.599	8.36
362.971	2.51
363.344	31.53
363.716	-11.07
364.089	25.68
364.461	6.49
364.834	20.53
365.206	7.19
365.578	19.6
365.951	-4.75
366.323	23.34
366.695	3.68
367.067	28.26
367.439	9.77
367.812	1.57
368.184	8.13
368.556	8.83
368.928	-1.94
369.3	-2.17
369.672	-4.75
370.044	3.45
370.416	-13.41
370.788	-17.38
371.159	1.81
371.531	-23.7
371.903	7.66
372.275	9.53
372.646	-8.72
373.018	13.28
373.39	35.98
373.761	8.59
374.133	15.85
374.505	8.13
374.876	13.51
375.248	-12
375.619	35.75
375.991	17.72
376.362	-0.07
376.733	3.68
377.105	-7.79
377.476	7.66
377.847	-8.26
378.219	7.89
378.59	18.66
378.961	33.64
379.332	3.91
379.703	-7.55
380.074	11.17
380.445	10.94
380.816	-22.3
381.187	10.23
381.558	15.15
381.929	3.21
382.3	13.98
382.671	28.26
383.042	-0.3
383.413	-9.43
383.784	-11.53
384.154	4.62
384.525	-7.09
384.896	6.49
385.266	5.55
385.637	-30.26
386.008	-23.24
386.378	15.62
386.749	25.21
387.119	4.85
387.49	1.34
387.86	-14.58
388.23	9.06
388.601	10.47
388.971	-2.87
389.341	5.08
389.712	-10.13
390.082	6.02
390.452	-1
390.822	-26.75
391.192	-19.96
391.562	-6.15
391.933	-1.24
392.303	21.23
392.673	24.74
393.043	2.04
393.412	19.13
393.782	-6.85
394.152	-14.34
394.522	22.64
394.892	-5.92
395.262	-0.53
395.631	18.89
396.001	-16.21
396.371	11.4
396.74	-10.83
397.11	-0.77
397.48	11.4
397.849	16.08
398.219	29.19
398.588	22.87
398.958	-13.64
399.327	19.83
399.696	-13.87
400.066	11.4
400.435	3.21
400.804	16.79
401.174	11.64
401.543	10.47
401.912	11.17
402.281	22.87
402.65	-7.55
403.019	25.45
403.389	2.51
403.758	-6.62
404.127	10.23
404.496	42.3
404.864	23.11
405.233	19.13
405.602	22.64
405.971	31.77
406.34	10.47
406.709	10.23
407.077	-1.47
407.446	0.17
407.815	19.36
408.183	4.38
408.552	13.51
408.92	32.94
409.289	7.42
409.657	48.62
410.026	33.87
410.394	42.53
410.763	35.28
411.131	56.11
411.499	37.85
411.868	91.45
412.236	55.64
412.604	72.73
412.972	59.15
413.341	96.83
413.709	99.64
414.077	49.32
414.445	107.6
414.813	87.71
415.181	122.81
415.549	140.13
415.917	142.71
416.285	126.32
416.653	182.96
417.02	202.39
417.388	171.5
417.756	187.88
418.124	225.33
418.491	231.88
418.859	255.99
419.227	271.91
419.594	291.1
419.962	319.89
420.329	323.87
420.697	370.91
421.064	372.55
421.432	411.64
421.799	440.42
422.167	495.43
422.534	472.26
422.901	535.22
423.269	604.26
423.636	606.84
424.003	622.99
424.37	688.29
424.737	719.18
425.104	775.12
425.471	833.4
425.838	904.08
426.205	972.66
426.572	1025.79
426.939	1052.71
427.306	1156.16
427.673	1215.61
428.04	1246.97
428.407	1350.42
428.773	1445.92
429.14	1522.22
429.507	1597.35
429.874	1706.42
430.24	1775.7
430.607	1835.85
430.973	1968.09
431.34	2075.05
431.706	2177.1
432.073	2345.62
432.439	2403.9
432.806	2513.44
433.172	2676.34
433.538	2733.91
433.904	2916.24
434.271	3050.36
434.637	3212.79
435.003	3319.28
435.369	3515.89
435.735	3696.11
436.101	3896.93
436.467	3998.27
436.834	4209.39
437.199	4445.55
437.565	4559.77
437.931	4776.73
438.297	4996.74
438.663	5157.31
439.029	5371.46
439.395	5635.01
439.76	5772.4
440.126	5925
440.492	6124.88
440.857	6292.47
441.223	6573.1
441.588	6738.1
441.954	6916.45
442.32	7049.86
442.685	7052.67
443.05	7154.48
443.416	7332.37
443.781	7436.99
444.146	7444.48
444.512	7456.41
444.877	7389.24
445.242	7335.64
445.607	7220.02
445.973	7190.53
446.338	6987.6
446.703	6919.73
447.068	6849.04
447.433	6623.42
447.798	6414.41
448.163	6205.87
448.528	5926.64
448.892	5756.48
449.257	5471.41
449.622	5310.14
449.987	4970.76
450.352	4703.01
450.716	4549.23
451.081	4300.44
451.446	4062.64
451.81	3938.82
452.175	3679.02
452.539	3454.33
452.904	3327.94
453.268	3096
453.633	2966.56
453.997	2820.98
454.361	2686.17
454.726	2541.52
455.09	2446.26
455.454	2374.41
455.818	2235.85
456.183	2153.7
456.547	2036.44
456.911	1954.75
457.275	1890.85
457.639	1785.3
458.003	1715.31
458.367	1678.8
458.731	1646.27
459.095	1529.48
459.459	1473.3
459.822	1464.17
460.186	1387.64
460.55	1329.83
460.914	1304.08
461.277	1244.87
461.641	1180.27
462.005	1148.67
462.368	1076.35
462.732	1047.56
463.095	1050.84
463.459	986.24
463.822	957.45
464.185	912.28
464.549	843.7
464.912	852.59
465.275	769.04
465.639	778.63
466.002	764.12
466.365	720.35
466.728	688.05
467.091	676.58
467.454	624.86
467.818	569.62
468.181	575.47
468.543	573.37
468.906	520.24
469.269	482.32
469.632	531.94
469.995	493.32
470.358	499.17
470.721	503.15
471.083	431.3
471.446	466.4
471.809	463.6
472.171	432.23
472.534	426.61
472.896	419.12
473.259	417.02
473.621	366.23
473.984	435.98
474.346	389.4
474.709	394.08
475.071	384.95
475.433	355.23
475.795	358.97
476.158	373.02
476.52	376.29
476.882	382.38
477.244	369.27
477.606	382.38
477.968	351.95
478.33	363.42
478.692	372.78
479.054	344.23
479.416	347.97
479.778	325.27
480.14	346.8
480.502	388.93
480.863	342.59
481.225	332.29
481.587	349.38
481.948	333.23
482.31	329.95
482.671	306.78
483.033	355.93
483.395	355.7
483.756	358.04
484.117	353.12
484.479	358.27
484.84	373.95
485.201	362.72
485.563	338.38
485.924	392.44
486.285	362.25
486.646	378.63
487.008	393.14
487.369	426.61
487.73	412.57
488.091	400.4
488.452	436.21
488.813	418.66
489.174	439.02
489.534	466.17
489.895	487.94
490.256	488.64
490.617	485.36
490.978	527.49
491.338	540.83
491.699	547.15
492.06	549.73
492.42	550.9
492.781	596.54
493.141	639.37
493.502	639.37
493.862	614.56
494.223	670.97
494.583	697.41
494.943	741.18
495.304	766.46
495.664	794.31
496.024	790.1
496.384	820.99
496.744	880.91
497.105	889.1
497.465	937.55
497.825	979.22
498.185	987.88
498.545	1018.77
498.905	1074.71
499.264	1067.45
499.624	1120.35
499.984	1164.12
500.344	1206.48
500.704	1213.97
501.063	1276.46
501.423	1299.87
501.783	1386.7
502.142	1433.75
502.502	1483.83
502.861	1540.71
503.221	1613.97
503.58	1654.23
503.94	1705.95
504.299	1767.04
504.658	1759.55
505.018	1851.53
505.377	1917.54
505.736	1953.11
506.095	2025.67
506.455	2064.76
506.814	2171.95
507.173	2256.68
507.532	2316.36
507.891	2393.13
508.25	2443.92
508.609	2514.37
508.968	2609.63
509.326	2668.61
509.685	2723.15
510.044	2828.24
510.403	2910.63
510.761	2990.2
511.12	3079.38
511.479	3128.06
511.837	3187.98
512.196	3284.41
512.554	3393.48
512.913	3457.14
513.271	3542.8
513.63	3652.34
513.988	3752.98
514.346	3794.88
514.705	3903.25
515.063	3954.5
515.421	4062.17
515.779	4145.49
516.138	4254.79
516.496	4362.46
516.854	4447.19
517.212	4478.08
517.57	4567.49
517.928	4617.58
518.286	4730.86
518.643	4789.61
519.001	4923.95
519.359	4965.85
519.717	5077.73
520.075	5094.35
520.432	5213.95
520.79	5307.1
521.148	5322.08
521.505	5345.72
521.863	5501.83
522.22	5573.45
522.578	5587.03
522.935	5729.33
523.292	5760.7
523.65	5855.02
524.007	5878.42
524.364	5936.7
524.722	6007.62
525.079	6093.29
525.436	6143.84
525.793	6136.12
526.15	6285.68
526.507	6323.59
526.864	6434.54
527.221	6380
527.578	6462.62
527.935	6553.43
528.292	6609.61
528.649	6580.35
529.005	6746.76
529.362	6669.76
529.719	6750.04
530.076	6857.47
530.432	6837.11
530.789	6880.17
531.145	6923.47
531.502	6962.33
531.858	6965.6
532.215	7037.93
532.571	7015.22
532.928	7097.61
533.284	7118.21
533.64	7109.31
533.996	7107.91
534.353	7190.76
534.709	7202.47
535.065	7206.44
535.421	7200.83
535.777	7191.93
536.133	7309.66
536.489	7261.68
536.845	7241.79
537.201	7323.71
537.557	7270.81
537.912	7337.75
538.268	7273.38
538.624	7310.83
538.98	7311.77
539.335	7317.15
539.691	7324.17
540.047	7263.79
540.402	7264.26
540.758	7205.27
541.113	7216.27
541.469	7176.49
541.824	7174.61
542.179	7154.25
542.535	7160.57
542.89	7181.63
543.245	7164.78
543.6	7124.99
543.955	7115.4
544.311	6995.8
544.666	7046.59
545.021	7054.78
545.376	6988.77
545.731	6990.18
546.086	6989.01
546.44	6887.9
546.795	6874.56
547.15	6951.09
547.505	6848.34
547.86	6889.07
548.214	6878.3
548.569	6744.89
548.924	6748.87
549.278	6737.87
549.633	6664.84
549.987	6654.78
550.342	6658.29
550.696	6629.97
551.05	6574.97
551.405	6558.12
551.759	6523.24
552.113	6456.54
552.468	6490.47
552.822	6452.79
553.176	6393.81
553.53	6328.04
553.884	6383.98
554.238	6361.04
554.592	6297.38
554.946	6265.78
555.3	6257.59
555.654	6268.12
556.008	6240.51
556.361	6205.4
556.715	6131.2
557.069	6156.71
557.423	6104.75
557.776	6093.75
558.13	6068.71
558.483	6125.35
558.837	6033.6
559.19	6034.77
559.544	5978.6
559.897	6024.71
560.251	6034.07
560.604	6016.52
560.957	5910.26
561.31	5951.45
561.664	5889.89
562.017	5871.4
562.37	5890.6
562.723	5930.38
563.076	5854.55
563.429	5881
563.782	5881
564.135	5860.87
564.488	5832.78
564.841	5821.32
565.193	5884.28
565.546	5821.78
565.899	5855.72
566.252	5834.89
566.604	5818.74
566.957	5880.77
567.309	5796.74
567.662	5846.59
568.014	5827.17
568.367	5865.55
568.719	5833.25
569.072	5804.7
569.424	5881.94
569.776	5870.93
570.129	5788.08
570.481	5834.42
570.833	5847.53
571.185	5913.06
571.537	5851.04
571.889	5912.83
572.241	5938.81
572.593	5918.92
572.945	5928.28
573.297	6002.71
573.649	5939.75
574.001	6016.98
574.352	6079.01
574.704	6125.59
575.056	6078.77
575.407	6079.24
575.759	6105.92
576.111	6157.18
576.462	6190.89
576.814	6226.46
577.165	6264.85
577.516	6296.44
577.868	6296.91
578.219	6373.45
578.57	6367.6
578.922	6381.41
579.273	6496.09
579.624	6488.84
579.975	6583.63
580.326	6602.35
580.677	6613.35
581.028	6657.59
581.379	6697.61
581.73	6759.87
582.081	6754.25
582.432	6858.64
582.783	6884.39
583.133	6929.33
583.484	6923.71
583.835	7046.59
584.185	7009.84
584.536	7065.78
584.886	7153.08
585.237	7237.11
585.587	7275.26
585.938	7278.06
586.288	7323.71
586.639	7484.03
586.989	7446.82
587.339	7615.8
587.689	7611.12
588.04	7701
588.39	7712.47
588.74	7764.43
589.09	7843.77
589.44	7959.16
589.79	7971.33
590.14	8027.04
590.49	8119.25
590.84	8235.81
591.189	8283.79
591.539	8324.05
591.889	8403.16
592.239	8480.4
592.588	8591.11
592.938	8630.19
593.287	8677.47
593.637	8781.39
593.987	8875.48
594.336	8897.01
594.685	8995.08
595.035	8987.36
595.384	9202.92
595.733	9225.39
596.083	9253.01
596.432	9303.1
596.781	9401.4
597.13	9469.98
597.479	9580.92
597.828	9581.39
598.177	9699.82
598.526	9746.16
598.875	9829.95
599.224	9876.53
599.573	9926.38
599.922	10049.96
600.27	10153.18
600.619	10108.01
600.968	10296.42
601.316	10220.35
601.665	10430.53
602.013	10465.17
602.362	10498.17
602.71	10524.39
603.059	10565.11
603.407	10672.54
603.756	10765.23
604.104	10818.36
604.452	10812.98
604.8	10831.23
605.148	10948.73
605.497	11013.09
605.845	10943.11
606.193	11041.88
606.541	11150.48
606.889	11128.71
607.237	11283.89
607.584	11275.47
607.932	11344.04
608.28	11358.32
608.628	11444.69
608.976	11412.62
609.323	11448.67
609.671	11412.86
610.018	11503.43
610.366	11512.8
610.713	11503.67
611.061	11613.91
611.408	11691.38
611.756	11697.46
612.103	11630.99
612.45	11627.25
612.798	11683.19
613.145	11715.25
613.492	11702.15
613.839	11736.55
614.186	11768.38
614.533	11813.79
614.88	11825.02
615.227	11782.19
615.574	11883.77
615.921	11706.83
616.268	11728.36
616.615	11698.4
616.961	11700.04
617.308	11767.21
617.655	11703.32
618.001	11764.64
618.348	11705.89
618.695	11733.74
619.041	11643.4
619.387	11708.93
619.734	11615.31
620.08	11612.5
620.427	11604.08
620.773	11531.75
621.119	11494.07
621.465	11478.62
621.811	11471.37
622.158	11324.62
622.504	11365.58
622.85	11332.11
623.196	11234.51
623.542	11222.57
623.888	11194.95
624.233	11201.97
624.579	11011.22
624.925	11031.58
625.271	10935.85
625.616	10936.32
625.962	10859.55
626.308	10830.53
626.653	10750.25
626.999	10724.04
627.344	10552.01
627.69	10522.75
628.035	10536.56
628.38	10505.66
628.726	10383.49
629.071	10272.08
629.416	10185.24
629.761	10145.69
630.107	10026.09
630.452	10025.39
630.797	9953.3
631.142	9851.95
631.487	9847.04
631.832	9695.14
632.176	9518.66
632.521	9467.4
632.866	9437.21
633.211	9356.69
633.556	9268.69
633.9	9261.43
634.245	9068.34
634.589	9015.44
634.934	8871.03
635.278	8823.75
635.623	8712.58
635.967	8632.06
636.312	8637.45
636.656	8399.65
637	8360.33
637.345	8248.22
637.689	8215.68
638.033	8103.1
638.377	8042.95
638.721	7932.01
639.065	7838.39
639.409	7775.19
639.753	7691.87
640.097	7477.24
640.441	7421.07
640.785	7402.82
641.128	7242.49
641.472	7155.65
641.816	7020.37
642.159	6991.82
642.503	6930.03
642.847	6810.43
643.19	6711.89
643.534	6536.12
643.877	6450.22
644.22	6376.26
644.564	6327.34
644.907	6188.08
645.25	6125.82
645.593	5981.88
645.937	5944.19
646.28	5845.66
646.623	5737.99
646.966	5678.54
647.309	5589.84
647.652	5501.13
647.995	5391.59
648.337	5326.53
648.68	5172.52
649.023	5155.67
649.366	5043.56
649.708	4966.55
650.051	4829.86
650.394	4781.88
650.736	4639.58
651.079	4606.81
651.421	4480.89
651.764	4422.14
652.106	4350.05
652.448	4276.56
652.791	4207.52
653.133	4148.53
653.475	4071.06
653.817	3987.51
654.159	3864.16
654.501	3827.18
654.843	3746.43
655.185	3703.6
655.527	3612.32
655.869	3537.89
656.211	3439.35
656.553	3411.97
656.895	3291.9
657.236	3219.34
657.578	3185.87
657.92	3109.8
658.261	3087.57
658.603	3030.46
658.944	2945.03
659.286	2898.22
659.627	2859.13
659.969	2756.62
660.31	2703.02
660.651	2618.06
660.993	2613.85
661.334	2556.03
661.675	2525.61
662.016	2438.54
662.357	2363.64
662.698	2338.36
663.039	2284.53
663.38	2237.25
663.721	2183.42
664.062	2145.04
664.402	2087.93
664.743	2020.75
665.084	1977.45
665.425	1980.96
665.765	1923.39
666.106	1862.07
666.446	1815.96
666.787	1834.68
667.127	1724.68
667.468	1719.06
667.808	1642.76
668.148	1662.42
668.489	1609.29
668.829	1593.37
669.169	1549.84
669.509	1525.26
669.849	1516.84
670.189	1470.73
670.529	1418.53
670.869	1373.13
671.209	1382.49
671.549	1337.08
671.889	1282.08
672.229	1274.59
672.568	1262.42
672.908	1209.29
673.248	1195.48
673.587	1213.5
673.927	1168.8
674.266	1080.79
674.606	1145.16
674.945	1109.82
675.285	1048.49
675.624	1043.11
675.963	1080.56
676.302	1007.07
676.642	949.26
676.981	959.79
677.32	946.68
677.659	874.36
677.998	917.66
678.337	902.45
678.676	839.25
679.015	825.91
679.354	830.36
679.692	828.95
680.031	807.89
680.37	761.08
680.708	786.82
681.047	744.69
681.386	746.33
681.724	740.71
682.063	709.59
682.401	699.29
682.739	682.2
683.078	661.84
683.416	643.35
683.754	647.09
684.093	622.52
684.431	630.01
684.769	598.41
685.107	581.56
685.445	568.92
685.783	561.2
686.121	574.3
686.459	570.09
686.797	556.51
687.134	566.34
687.472	518.6
687.81	537.56
688.148	540.13
688.485	501.75
688.823	503.85
689.16	490.98
689.498	483.26
689.835	443
690.173	479.98
690.51	468.28
690.847	447.21
691.185	407.42
691.522	420.76
691.859	448.15
692.196	408.36
692.533	395.49
692.87	416.08
693.207	383.31
693.544	375.83
693.881	391.97
694.218	411.64
694.555	420.3
694.891	338.84
695.228	337.44
695.565	359.21
695.901	356.16
696.238	354.29
696.574	364.12
696.911	378.4
697.247	348.21
697.584	321.76
697.92	347.04
698.256	331.35
698.593	337.67
698.929	318.72
699.265	347.27
699.601	325.27
699.937	293.2
700.273	284.78
700.609	314.27
700.945	290.4
701.281	288.29
701.617	299.29
701.953	314.5
702.288	300.23
702.624	286.88
702.96	282.2
703.295	284.54
703.631	260.67
703.966	277.76
704.302	267.69
704.637	277.29
704.973	244.76
705.308	248.73
705.643	251.31
705.979	252.24
706.314	250.61
706.649	248.5
706.984	226.5
707.319	250.84
707.654	218.54
707.989	231.88
708.324	205.2
708.659	241.71
708.994	244.99
709.329	221.58
709.663	217.37
709.998	218.54
710.333	217.37
710.667	227.67
711.002	197.01
711.336	210.58
711.671	213.86
712.005	259.97
712.34	204.73
712.674	220.18
713.008	206.84
713.342	195.6
713.677	200.05
714.011	191.62
714.345	195.37
714.679	229.31
715.013	207.77
715.347	191.86
715.681	204.5
716.014	164.24
716.348	203.56
716.682	198.18
717.016	182.73
717.349	205.43
717.683	212.92
718.017	175.71
718.35	190.22
718.684	189.05
719.017	202.16
719.35	165.18
719.684	228.61
720.017	196.31
720.35	185.54
720.684	197.01
721.017	153.94
721.35	183.9
721.683	190.22
722.016	189.99
722.349	178.05
722.682	168.22
723.015	150.67
723.347	202.63
723.68	153.94
724.013	182.26
724.346	185.77
724.678	183.9
725.011	157.22
725.343	185.31
725.676	159.33
726.008	149.5
726.341	133.58
726.673	148.79
727.005	178.05
727.338	148.56
727.67	159.33
728.002	145.28
728.334	179.69
728.666	139.2
728.998	148.32
729.33	186.24
729.662	176.41
729.994	150.43
730.326	148.79
730.658	151.6
730.989	149.73
731.321	155.35
731.653	158.16
731.984	159.09
732.316	134.52
732.647	159.56
732.979	150.43
733.31	128.2
733.642	131
733.973	134.28
734.304	136.39
734.636	124.92
734.967	139.2
735.298	138.96
735.629	126.56
735.96	153.71
736.291	124.92
736.622	128.2
736.953	133.35
737.284	159.09
737.614	128.9
737.945	145.52
738.276	111.58
738.606	123.28
738.937	135.22
739.268	138.03
739.598	127.03
739.929	112.28
740.259	159.56
740.589	160.73
740.92	141.54
741.25	152.07
741.58	123.28
741.91	114.62
742.24	129.83
742.571	133.58
742.901	132.18
743.231	128.43
743.561	129.37
743.89	141.54
744.22	108.3
744.55	117.43
744.88	116.26
745.209	112.28
745.539	126.09
745.869	111.34
746.198	118.37
746.528	114.15
746.857	132.88
747.187	106.66
747.516	70.39
747.845	102.45
748.175	106.66
748.504	116.03
748.833	80.92
749.162	115.56
749.491	119.77
749.82	134.28
750.149	106.2
750.478	95.66
750.807	110.88
751.136	91.68
751.465	97.07
751.793	105.26
752.122	109.94
752.451	98.94
752.779	108.54
753.108	101.05
753.436	144.81
753.765	93.56
754.093	100.11
754.421	106.66
754.75	130.3
755.078	62.43
755.406	115.79
755.734	68.04
756.062	100.11
756.391	87.94
756.719	101.75
757.046	69.45
757.374	98.94
757.702	88.41
758.03	84.66
758.358	61.96
758.686	54.94
759.013	66.64
759.341	91.68
759.668	80.92
759.996	73.66
760.323	89.34
760.651	88.17
760.978	57.28
761.306	100.11
761.633	96.83
761.96	88.41
762.287	71.32
762.614	79.51
762.941	96.13
763.268	72.73
763.595	64.07
763.922	63.36
764.249	75.53
764.576	72.49
764.903	69.92
765.23	81.62
765.556	94.26
765.883	84.43
766.21	50.49
766.536	60.79
766.863	53.77
767.189	82.56
767.516	61.26
767.842	76.47
768.168	83.02
768.494	87.71
768.821	72.02
769.147	47.92
769.473	63.36
769.799	66.64
770.125	44.17
770.451	67.81
770.777	46.04
771.103	49.79
771.429	57.28
771.754	83.02
772.08	79.05
772.406	80.92
772.731	35.98
773.057	57.75
773.382	69.68
773.708	45.81
774.033	68.04
774.359	53.3
774.684	72.02
775.009	24.51
775.334	39.02
775.66	48.38
775.985	85.36
776.31	72.02
776.635	46.75
776.96	48.62
777.285	60.79
777.61	47.45
777.934	53.53
778.259	74.6
778.584	23.57
778.909	43.7
779.233	62.66
779.558	45.34
779.882	33.17
780.207	48.85
780.531	56.58
780.856	61.26
781.18	52.83
781.504	61.73
781.828	64.77
782.153	29.89
782.477	53.3
782.801	21.7
783.125	42.3
783.449	22.17
783.773	37.62
784.097	19.13
784.42	30.36
784.744	47.92
785.068	51.43
785.392	30.83
785.715	40.89
786.039	48.85
786.362	47.92
786.686	32.7
787.009	43.23
787.333	44.41
787.656	28.49
787.979	32.7
788.303	24.51
788.626	5.32
788.949	46.04
789.272	39.26
789.595	43.7
789.918	20.77
790.241	34.81
790.564	49.55
790.887	54.7
791.209	43.23
791.532	25.45
791.855	59.15
792.178	36.45
792.5	42.3
792.823	47.92
793.145	42.3
793.468	23.11
793.79	43.94
794.112	41.13
794.435	5.55
794.757	34.57
795.079	18.66
795.401	-0.53
795.723	17.25
796.045	41.36
796.367	12.34
796.689	25.21
797.011	27.55
797.333	-6.85
797.655	43.94
797.976	20.06
798.298	32
798.62	4.62
798.941	13.51
799.263	-7.32
799.584	22.4
799.906	14.21
800.227	28.96
800.548	19.13
800.87	-3.34
801.191	24.51
801.512	9.77
801.833	48.62
802.154	13.74
802.475	44.64
802.796	-5.92
803.117	15.38
803.438	14.45
803.759	20.3
804.08	-4.51
804.4	14.45
804.721	12.11
805.042	-23.47
805.362	6.96
805.683	9.53
806.003	7.66
806.323	32.23
806.644	11.87
806.964	32.7
807.284	-2.64
807.605	23.81
807.925	-10.13
808.245	56.58
808.565	1.81
808.885	-3.34
809.205	28.02
809.525	14.68
809.845	12.34
810.164	1.81
810.484	15.62
810.804	31.3
811.124	15.15
811.443	6.02
811.763	32.94
812.082	6.25
812.402	56.11
812.721	9.3
813.04	-12
813.36	-1.24
813.679	6.96
813.998	14.21
814.317	26.85
814.636	15.15
814.955	17.72
815.274	4.38
815.593	10
815.912	4.85
816.231	18.43
816.55	-2.41
816.868	0.87
817.187	11.87
817.506	-5.92
817.824	14.91
818.143	15.38
818.461	-14.81
818.78	-12.94
819.098	7.19
819.416	11.4
819.735	-5.92
820.053	25.21
820.371	-4.04
820.689	7.42
821.007	33.4
821.325	3.45
821.643	-4.28
821.961	9.53
822.279	-18.09
822.597	7.42
822.914	28.96
823.232	16.32
823.55	-11.53
823.867	11.64
824.185	-31.9
824.502	15.15
824.82	-6.62
825.137	12.11
825.454	-11.53
825.772	9.3
826.089	19.13
826.406	7.42
826.723	7.66
827.04	-27.45
827.357	8.36
827.674	-17.15
827.991	6.49
828.308	4.85
828.625	-6.38
828.942	-16.45
829.258	24.51
829.575	10.94
829.892	-26.04
830.208	2.74
830.525	35.51
830.841	13.98
831.158	9.06
831.474	-13.41
831.79	13.74
832.106	-8.72
832.423	-10.36
832.739	1.57
833.055	-6.38
833.371	29.66
833.687	12.81
834.003	10.7
834.319	-7.32
834.635	0.17
834.95	-26.28
835.266	-29.79
835.582	27.09
835.897	4.85
836.213	15.38
836.528	-8.02
836.844	-2.87
837.159	-27.68
837.475	12.57
837.79	13.98
838.105	17.02
838.42	-5.92
838.735	23.57
839.051	-15.04
839.366	6.72
839.681	-17.85
839.996	10.23
840.31	-8.02
840.625	-212.82
840.94	24.74
841.255	17.96
841.569	-2.17
841.884	6.25
842.199	-21.83
842.513	2.74
842.828	-12.94
843.142	-16.21
843.456	13.04
843.771	-14.34
844.085	-6.15
844.399	-14.58
844.713	15.85
845.027	-21.83
845.341	2.51
845.655	6.72
845.969	22.4
846.283	2.04
846.597	7.66
846.911	11.4
847.224	-7.55
847.538	-30.96
847.852	9.3
848.165	-0.77
848.479	15.85
848.792	2.04
849.106	5.55
849.419	-20.19
849.732	32
850.046	8.59
850.359	5.08
850.672	-15.98
850.985	2.28
851.298	-18.56
851.611	-4.04
851.924	-30.73
852.237	-22.53
852.55	-8.96
852.862	2.51
853.175	-16.21
853.488	-1.47
853.8	16.79
854.113	1.11
854.425	10.94
854.738	11.17
855.05	-4.04
855.363	-7.32
855.675	1.34
855.987	-34
856.299	10
856.612	12.34
856.924	-8.96
857.236	-16.45
857.548	-31.9
857.859	-18.79
858.171	17.49
858.483	1.34
858.795	1.57
859.107	-13.17
859.418	-0.77
859.73	-6.85
860.041	1.34
860.353	20.77
860.664	16.32
860.976	15.62
861.287	15.38
861.598	-22.77
861.91	-13.64
862.221	-16.45
862.532	11.4
862.843	-12.47
863.154	-25.58
863.465	15.38
863.776	-18.56
864.087	-17.38
864.397	-24.64
864.708	8.13
865.019	10.7
865.329	-16.21
865.64	-2.17
865.951	-14.58
866.261	-9.43
866.571	36.68
866.882	39.02
867.192	5.79
867.502	9.53
867.813	-34.24
868.123	24.98
868.433	-1.47
868.743	6.72
869.053	11.4
869.363	-11.3
869.673	8.83
869.982	9.77
870.292	2.28
870.602	6.25
870.912	32.94
871.221	-7.09
871.531	2.98
871.84	12.11
872.15	20.53
872.459	2.51
872.768	0.87
873.078	-8.72
873.387	-14.81
873.696	-39.15
874.005	-11.53
874.314	-17.15
874.623	10.23
874.932	7.89
875.241	-3.11
875.55	3.91
875.859	19.36
876.168	7.89
876.476	-21.83
876.785	-15.04
877.093	7.42
877.402	-1.94
877.71	-9.19
878.019	-0.77
878.327	0.17
878.636	-2.87
878.944	-26.28
879.252	-4.28
879.56	0.17
879.868	-3.81
880.176	-19.49
880.484	-16.45
880.792	5.55
881.1	-20.9
881.408	19.13
881.716	-5.92
882.023	19.83
882.331	6.49
882.639	4.38
882.946	11.87
883.254	-2.64
883.561	6.02
883.868	-0.53
884.176	-28.39
884.483	11.17
884.79	10
885.097	10
885.404	-10.13
885.712	-3.58
886.019	-3.58
886.325	18.89
886.632	13.98
886.939	-8.96
887.246	-2.41
887.553	0.87
887.859	-15.28
888.166	8.36
888.472	-2.17
888.779	-23.47
889.085	-12.24
889.392	-14.81
889.698	-18.09
890.004	-17.62
890.311	-12.94
890.617	2.04
890.923	3.91
891.229	9.06
891.535	22.64
891.841	8.83
892.147	-5.21
892.453	-8.96
892.759	-15.75
893.064	-23.94
893.37	0.87
893.676	-8.49
893.981	26.62
894.287	-19.73
894.592	12.57
894.897	-1.7
895.203	8.13
895.508	-4.51
895.813	-12.24
896.119	2.74
896.424	18.89
896.729	-19.73
897.034	13.51
897.339	25.68
897.644	15.62
897.948	-3.81
898.253	-15.04
898.558	-17.15
898.863	4.62
899.167	-2.41
899.472	1.34
899.776	2.28
900.081	10.94
900.385	4.38
900.69	-23.94
900.994	-54.37
901.298	12.11
901.602	-15.98
901.906	-15.04
902.21	-3.11
902.514	13.74
902.818	3.21
903.122	11.87
903.426	-6.15
903.73	-26.75
904.034	17.72
904.337	2.98
904.641	-14.11
904.945	7.89
905.248	3.91
905.552	-1.47
905.855	2.28
906.158	10.94
906.462	6.02
906.765	8.83
907.068	2.04
907.371	21.7
907.674	-23
907.977	-14.81
908.28	-8.72
908.583	-0.07
908.886	-1.24
909.189	-1
909.491	-8.26
909.794	12.57
910.097	17.25
910.399	10
910.702	6.72
911.004	-7.55
911.307	-18.09
911.609	-3.58
911.911	19.13
912.213	4.85
912.516	-12.94
912.818	13.28
913.12	18.66
913.422	22.17
913.724	-17.85
914.026	-12.47
914.327	-4.28
914.629	4.15
914.931	19.6
915.233	24.04
915.534	1.57
915.836	13.28
916.137	-31.43
916.439	-9.66
916.74	1.11
917.041	-38.22
917.343	-20.66
917.644	-6.15
917.945	10.47
918.246	7.42
918.547	-33.3
918.848	-25.81
919.149	-3.34
919.45	-9.19
919.751	12.11
920.052	-22.77
920.352	-6.62
920.653	10.7
920.954	-0.07
921.254	1.81
921.555	-26.04
921.855	-14.11
922.155	25.91
922.456	4.15
922.756	9.06
923.056	-29.79
923.356	-28.15
923.656	2.98
923.956	-1.7
924.256	-5.92
924.556	1.81
924.856	-5.21
925.156	4.62
925.456	-2.64
925.755	79.05
926.055	-8.02
926.355	-1
926.654	-10.36
926.953	20.06
927.253	-28.62
927.552	-3.81
927.852	-2.41
928.151	5.79
928.45	4.62
928.749	-22.53
929.048	-1.94
929.347	-15.75
929.646	-6.15
929.945	-3.81
930.244	-28.85
930.543	-9.66
930.841	3.45
931.14	-5.92
931.439	3.21
931.737	4.15
932.036	2.51
932.334	-20.9
932.632	-7.79
932.931	-5.92
933.229	-1.94
933.527	-5.68
933.825	18.89
934.123	-12.7
934.421	16.08
934.719	-37.75
935.017	-15.04
935.315	-22.07
935.613	14.21
935.911	19.13
936.208	-0.53
936.506	6.02
936.804	17.96
937.101	-31.9
937.399	-3.81
937.696	25.68
937.993	-3.11
938.291	-2.64
938.588	10
938.885	8.59
939.182	-4.75
939.479	25.68
939.776	2.74
940.073	14.91
940.37	-14.81
940.667	-9.19
940.964	0.17
941.26	8.13
941.557	15.85
941.854	5.79
942.15	14.91
942.447	-5.21
942.743	5.79
943.039	10.23
943.336	3.68
943.632	4.15
943.928	-38.92
944.224	-18.32
944.52	15.38
944.816	3.21
945.112	18.19
945.408	-13.17
945.704	0.17
946	-6.15
946.295	-11.3
946.591	-9.66
946.887	2.98
947.182	-0.53
947.478	-14.11
947.773	8.59
948.069	31.06
948.364	8.59
948.659	3.68
948.954	-22.77
949.25	32
949.545	-12.24
949.84	0.4
950.135	-12.94
950.43	12.11
950.724	-28.62
951.019	-1.7
951.314	-46.41
951.609	-6.62
951.903	43.47
952.198	10.94
952.492	3.21
952.787	16.55
953.081	6.25
953.376	6.96
953.67	-8.49
953.964	26.15
954.258	13.51
954.552	-2.41
954.846	3.91
955.14	10.7
955.434	-13.64
955.728	-22.07
956.022	-6.85
956.316	-10.13
956.609	20.3
956.903	3.68
957.197	25.68
957.49	-16.92
957.784	4.38
958.077	-35.17
958.37	3.68
958.664	-37.98
958.957	31.06
959.25	-5.68
959.543	6.96
959.836	0.64
960.129	7.19
960.422	18.19
960.715	-4.04
961.008	10.94
961.3	-1.47
961.593	9.77
961.886	-8.49
962.178	-8.96
962.471	9.53
962.763	8.36
963.056	-2.64
963.348	-12.47
963.64	-1.47
963.933	5.32
964.225	-25.81
964.517	-11.77
964.809	2.28
965.101	-21.13
965.393	-25.81
965.685	9.53
965.977	3.45
966.268	-0.3
966.56	10.47
966.852	-17.85
967.143	-13.87
967.435	-22.07
967.726	-41.96
968.018	0.87
968.309	-2.41
968.6	22.64
968.891	7.42
969.183	8.13
969.474	-22.07
969.765	22.64
970.056	16.79
970.347	-12.94
970.638	-15.04
970.928	-0.3
971.219	-11.3
971.51	1.34
971.8	-0.3
972.091	-14.34
972.382	-2.64
972.672	-7.55
972.962	26.38
973.253	-20.19
973.543	0.17
973.833	-33.07
974.123	-32.83
974.413	11.17
974.704	-2.87
974.994	-12.7
975.283	-14.34
975.573	-20.9
975.863	-16.21
976.153	10.7
976.443	-62.09
976.732	-14.81
977.022	-4.98
977.311	5.55
977.601	9.77
977.89	-4.98
978.179	-14.11
978.469	-1.24
978.758	-12.7
979.047	-5.92
979.336	8.59
979.625	23.57
979.914	-14.58
980.203	-17.38
980.492	15.38
980.781	-17.62
981.069	-38.22
981.358	-5.92
981.647	-0.3
981.935	15.38
982.224	28.72
982.512	-0.3
982.8	-16.45
983.089	-15.98
983.377	3.68
983.665	-19.02
983.953	-16.92
984.241	-0.53
984.529	-20.19
984.817	20.77
985.105	-4.28
985.393	24.04
985.681	7.89
985.969	-4.04
986.256	5.79
986.544	-16.92
986.831	-17.85
987.119	-23.47
987.406	-23.47
987.694	-19.49
987.981	6.02
988.268	-3.81
988.555	-17.15
988.842	-21.13
989.129	-13.41
989.416	-4.98
989.703	-9.66
989.99	2.98
990.277	21
990.564	-1
990.85	-20.19
991.137	-8.02
991.424	9.77
991.71	-17.62
991.997	-14.11
992.283	4.15
992.569	-4.51
992.856	5.08
993.142	24.98
993.428	0.64
993.714	-16.21
994	-12.7
994.286	-1
994.572	1.57
994.858	-4.04
995.144	7.42
995.429	5.08
995.715	-9.43
996.001	14.68
996.286	-10.36
996.572	19.36
996.857	2.51
997.142	19.6
997.428	10
997.713	-7.09
997.998	7.66
998.283	-8.96
998.568	-2.17
998.853	6.96
999.138	-12.47
999.423	-9.9
999.708	16.55
999.993	27.55
1000.277	-4.28
1000.562	10.94
1000.847	11.17
1001.131	-20.66
1001.415	-8.49
1001.7	-26.28
1001.984	0.17
1002.268	-15.98
1002.553	1.11
1002.837	-4.75
1003.121	-11.53
1003.405	11.64
1003.689	3.68
1003.973	-36.34
1004.257	10.47
1004.54	-24.87
1004.824	-10.6
1005.108	-18.09
1005.391	-8.02
1005.675	33.4
1005.958	-23.24
1006.242	2.04
1006.525	4.85
1006.808	-27.22
1007.092	-15.51
1007.375	-15.51
1007.658	12.11
1007.941	-8.02
1008.224	-8.96
1008.507	10
1008.79	-0.53
1009.073	-23.24
1009.355	-31.43
1009.638	5.79
1009.921	-1.94
1010.203	6.96
1010.486	-0.3
1010.768	7.66
1011.05	2.98
1011.333	28.26
1011.615	5.08
1011.897	-9.9
1012.179	-3.34
1012.461	0.87
1012.743	-5.21
1013.025	12.34
1013.307	-0.77
1013.589	-2.17
1013.871	-8.96
1014.152	2.51
1014.434	-15.28
1014.716	-23.7
1014.997	-19.49
1015.279	-17.38
1015.56	-28.62
1015.841	-1
1016.123	9.53
1016.404	-8.26
1016.685	-22.07
1016.966	-15.75
1017.247	-33.77
1017.528	4.15
1017.809	-25.58
1018.09	0.87
1018.371	-7.32
1018.651	-5.92
1018.932	-12
1019.212	-0.53
1019.493	8.83
1019.773	-32.36
1020.054	7.19
1020.334	2.28
1020.614	-12.24
1020.895	-12.24
1021.175	-12.24
