340.19	-11.77
340.564	-11.77
340.939	-11.77
341.313	7.89
341.687	-1.7
342.061	26.38
342.436	14.21
342.81	-7.09
343.184	13.04
343.558	-2.41
343.932	3.21
344.306	-12
344.68	-15.75
345.054	9.53
345.428	-9.43
345.802	2.98
346.176	-3.34
346.55	9.77
346.924	-26.28
347.298	6.49
347.672	4.85
348.046	-4.51
348.419	-47.58
348.793	3.91
349.167	-19.02
349.54	7.42
349.914	22.17
350.288	-11.07
350.661	-5.45
351.035	0.87
351.408	-32.36
351.782	-20.43
352.155	13.74
352.528	-12.94
352.902	7.89
353.275	7.89
353.648	22.87
354.022	14.91
354.395	-14.34
354.768	-11.07
355.141	5.08
355.515	10.94
355.888	22.64
356.261	-19.49
356.634	-16.21
357.007	9.3
357.38	-3.81
357.753	9.77
358.126	16.08
358.499	32.47
358.872	-13.17
359.245	28.26
359.617	10.94
359.99	-21.6
360.363	4.62
360.736	12.57
361.108	11.64
361.481	4.62
361.854	-21.83
362.226	-1.94
362.599	-15.04
362.971	5.08
363.344	18.66
363.716	5.79
364.089	25.68
364.461	19.83
364.834	-16.92
365.206	-4.04
365.578	-14.34
365.951	2.04
366.323	26.15
366.695	11.17
367.067	4.15
367.439	-4.98
367.812	-3.11
368.184	-12.94
368.556	28.49
368.928	13.51
369.3	-8.02
369.672	24.04
370.044	-1.47
370.416	-1.94
370.788	16.79
371.159	14.68
371.531	-31.19
371.903	1.81
372.275	-9.43
372.646	-17.15
373.018	-11.53
373.39	7.42
373.761	4.15
374.133	27.09
374.505	4.38
374.876	13.04
375.248	-15.98
375.619	-23
375.991	22.17
376.362	-1.24
376.733	-2.41
377.105	16.08
377.476	20.77
377.847	-17.38
378.219	13.28
378.59	17.02
378.961	29.19
379.332	-26.28
379.703	-12.47
380.074	23.81
380.445	13.04
380.816	-3.58
381.187	3.91
381.558	10
381.929	-4.98
382.3	2.28
382.671	-30.26
383.042	-27.92
383.413	7.66
383.784	-6.62
384.154	-14.81
384.525	-12.94
384.896	-14.11
385.266	12.57
385.637	-11.07
386.008	-4.51
386.378	7.42
386.749	-10.83
387.119	-1.47
387.49	-1.24
387.86	-21.13
388.23	-11.3
388.601	16.08
388.971	27.09
389.341	-8.02
389.712	13.74
390.082	-7.32
390.452	-14.81
390.822	-18.79
391.192	8.13
391.562	-18.79
391.933	20.06
392.303	-0.53
392.673	38.09
393.043	-2.64
393.412	6.25
393.782	-34.24
394.152	-0.07
394.522	0.4
394.892	-12.7
395.262	28.96
395.631	13.51
396.001	-1.24
396.371	10.47
396.74	-7.09
397.11	-5.45
397.48	29.43
397.849	35.51
398.219	2.04
398.588	20.3
398.958	13.74
399.327	2.74
399.696	-1.7
400.066	7.19
400.435	16.32
400.804	3.91
401.174	7.89
401.543	7.42
401.912	29.19
402.281	43.94
402.65	-3.81
403.019	32.47
403.389	9.77
403.758	12.34
404.127	16.55
404.496	17.49
404.864	29.19
405.233	23.81
405.602	27.32
405.971	50.72
406.34	36.92
406.709	10
407.077	25.91
407.446	20.53
407.815	33.64
408.183	18.66
408.552	58.92
408.92	5.55
409.289	15.15
409.657	40.43
410.026	25.68
410.394	44.87
410.763	29.43
411.131	50.96
411.499	45.11
411.868	65.24
412.236	81.62
412.604	61.26
412.972	65.7
413.341	90.98
413.709	82.32
414.077	84.43
414.445	93.32
414.813	98.24
415.181	102.68
415.549	126.79
415.917	165.18
416.285	115.32
416.653	180.86
417.02	196.77
417.388	189.28
417.756	208.24
418.124	219.48
418.491	206.37
418.859	246.16
419.227	251.54
419.594	283.61
419.962	330.89
420.329	331.35
420.697	353.59
421.064	397.36
421.432	443
421.799	449.08
422.167	486.53
422.534	460.32
422.901	525.15
423.269	591.86
423.636	595.84
424.003	654.35
424.37	717.54
424.737	720.35
425.104	780.74
425.471	787.53
425.838	893.08
426.205	928.89
426.572	978.75
426.939	1052.24
427.306	1139.07
427.673	1216.78
428.04	1242.29
428.407	1325.61
428.773	1412.68
429.14	1547.73
429.507	1583.31
429.874	1709.93
430.24	1775.23
430.607	1852.7
430.973	1935.32
431.34	2045.56
431.706	2209.17
432.073	2315.19
432.439	2418.88
432.806	2546.91
433.172	2634.21
433.538	2743.75
433.904	2982.01
434.271	3063.23
434.637	3218.87
435.003	3331.92
435.369	3547.02
435.735	3699.15
436.101	3885.46
436.467	3945.84
436.834	4199.56
437.199	4412.55
437.565	4563.98
437.931	4726.65
438.297	4955.55
438.663	5148.41
439.029	5334.95
439.395	5606.69
439.76	5809.14
440.126	5942.56
440.492	6151.8
440.857	6346.53
441.223	6545.01
441.588	6748.4
441.954	6919.73
442.32	7097.84
442.685	7100.18
443.05	7176.95
443.416	7335.17
443.781	7474.9
444.146	7404.22
444.512	7427.63
444.877	7372.39
445.242	7340.56
445.607	7188.89
445.973	7200.36
446.338	6960.92
446.703	6910.83
447.068	6862.39
447.433	6577.31
447.798	6433.83
448.163	6208.44
448.528	5987.73
448.892	5768.89
449.257	5488.02
449.622	5238.99
449.987	4959.53
450.352	4747.24
450.716	4544.32
451.081	4318.46
451.446	4090.26
451.81	3911.44
452.175	3659.83
452.539	3464.63
452.904	3363.05
453.268	3132.51
453.633	3011.97
453.997	2833.15
454.361	2661.12
454.726	2550.65
455.09	2452.35
455.454	2318.24
455.818	2219
456.183	2152.76
456.547	2042.75
456.911	1964.11
457.275	1901.39
457.639	1800.28
458.003	1746.21
458.367	1648.14
458.731	1642.05
459.095	1506.07
459.459	1530.88
459.822	1446.62
460.186	1403.09
460.55	1347.85
460.914	1279.74
461.277	1267.8
461.641	1182.37
462.005	1130.41
462.368	1074.47
462.732	1074.01
463.095	1019.24
463.459	971.96
463.822	974.3
464.185	909.94
464.549	862.42
464.912	857.51
465.275	804.38
465.639	767.4
466.002	732.99
466.365	709.35
466.728	702.8
467.091	651.77
467.454	647.09
467.818	598.18
468.181	584.13
468.543	575.24
468.906	548.09
469.269	505.49
469.632	508.3
469.995	489.58
470.358	499.87
470.721	494.49
471.083	426.15
471.446	462.89
471.809	461.49
472.171	438.55
472.534	443.93
472.896	408.36
473.259	435.27
473.621	383.08
473.984	400.4
474.346	400.87
474.709	380.27
475.071	392.21
475.433	373.72
475.795	370.68
476.158	376.06
476.52	385.42
476.882	350.08
477.244	369.51
477.606	371.61
477.968	336.04
478.33	350.78
478.692	341.89
479.054	355.7
479.416	365.29
479.778	335.57
480.14	323.4
480.502	381.91
480.863	334.87
481.225	332.76
481.587	337.21
481.948	347.5
482.31	342.82
482.671	314.97
483.033	332.29
483.395	377.23
483.756	332.29
484.117	363.19
484.479	390.34
484.84	364.59
485.201	361.08
485.563	363.65
485.924	382.14
486.285	382.38
486.646	402.74
487.008	391.51
487.369	402.27
487.73	422.87
488.091	450.02
488.452	444.87
488.813	421.23
489.174	440.42
489.534	445.57
489.895	480.21
490.256	470.15
490.617	486.3
490.978	538.49
491.338	576.64
491.699	549.49
492.06	569.86
492.42	566.58
492.781	626.5
493.141	625.09
493.502	642.41
493.862	646.39
494.223	644.52
494.583	694.37
494.943	718.01
495.304	747.97
495.664	800.16
496.024	824.51
496.384	827.55
496.744	865
497.105	910.64
497.465	961.19
497.825	959.79
498.185	964
498.545	1020.88
498.905	1078.92
499.264	1065.35
499.624	1119.41
499.984	1145.86
500.344	1209.52
500.704	1247.91
501.063	1276.23
501.423	1296.12
501.783	1400.04
502.142	1445.68
502.502	1476.81
502.861	1544.69
503.221	1582.84
503.58	1649.54
503.94	1685.82
504.299	1763.06
504.658	1752.29
505.018	1819.23
505.377	1864.41
505.736	1968.79
506.095	2015.14
506.455	2066.63
506.814	2150.65
507.173	2262.76
507.532	2346.09
507.891	2389.39
508.25	2392.43
508.609	2494.95
508.968	2617.59
509.326	2678.91
509.685	2732.98
510.044	2831.52
510.403	2900.33
510.761	2980.37
511.12	3042.63
511.479	3141.64
511.837	3186.57
512.196	3271.3
512.554	3358.14
512.913	3467.67
513.271	3553.8
513.63	3656.32
513.988	3752.75
514.346	3772.18
514.705	3917.99
515.063	4005.76
515.421	4071.3
515.779	4149
516.138	4297.63
516.496	4372.99
516.854	4403.89
517.212	4489.08
517.57	4617.58
517.928	4649.18
518.286	4721.03
518.643	4783.29
519.001	4906.17
519.359	4957.42
519.717	5020.38
520.075	5068.13
520.432	5175.33
520.79	5267.08
521.148	5310.61
521.505	5421.79
521.863	5478.43
522.22	5556.83
522.578	5622.84
522.935	5712.95
523.292	5750.16
523.65	5858.3
524.007	5904.64
524.364	5924.77
524.722	6026.81
525.079	6087.9
525.436	6156.48
525.793	6143.61
526.15	6280.06
526.507	6275.61
526.864	6408.09
527.221	6416.05
527.578	6518.56
527.935	6551.33
528.292	6575.44
528.649	6595.1
529.005	6691.06
529.362	6732.95
529.719	6698.31
530.076	6783.04
530.432	6864.73
530.789	6904.05
531.145	6906.15
531.502	6937.05
531.858	6929.09
532.215	7028.56
532.571	7013.12
532.928	7072.57
533.284	7087.08
533.64	7118.67
533.996	7172.51
534.353	7195.21
534.709	7257.23
535.065	7255.6
535.421	7217.44
535.777	7243.89
536.133	7324.17
536.489	7272.21
536.845	7282.51
537.201	7281.81
537.557	7327.92
537.912	7328.62
538.268	7279
538.624	7348.51
538.98	7260.74
539.335	7327.68
539.691	7338.92
540.047	7324.88
540.402	7233.36
540.758	7214.17
541.113	7238.28
541.469	7214.4
541.824	7243.89
542.179	7139.97
542.535	7132.25
542.89	7174.85
543.245	7129.44
543.6	7130.85
543.955	7056.65
544.311	7066.25
544.666	7050.1
545.021	6972.16
545.376	7006.09
545.731	6959.28
546.086	6966.31
546.44	6933.77
546.795	6926.98
547.15	6901.94
547.505	6837.11
547.86	6870.11
548.214	6799.43
548.569	6761.74
548.924	6779.06
549.278	6724.29
549.633	6637.46
549.987	6717.97
550.342	6622.01
550.696	6678.65
551.05	6536.82
551.405	6603.99
551.759	6509.9
552.113	6542.67
552.468	6499.13
552.822	6458.64
553.176	6399.43
553.53	6409.49
553.884	6378.13
554.238	6322.42
554.592	6333.19
554.946	6268.12
555.3	6259.46
555.654	6283.57
556.008	6252.44
556.361	6205.16
556.715	6070.82
557.069	6164.67
557.423	6129.1
557.776	6087.2
558.13	6032.2
558.483	6084.86
558.837	6011.37
559.19	6035.24
559.544	5993.34
559.897	6033.37
560.251	5965.02
560.604	5995.22
560.957	5928.28
561.31	5921.96
561.664	5946.53
562.017	5916.81
562.37	5897.15
562.723	5880.06
563.076	5892.23
563.429	5885.68
563.782	5862.04
564.135	5854.08
564.488	5874.68
564.841	5800.48
565.193	5821.32
565.546	5861.57
565.899	5861.1
566.252	5811.25
566.604	5840.74
566.957	5833.49
567.309	5800.02
567.662	5832.32
568.014	5855.96
568.367	5806.8
568.719	5835.36
569.072	5870.93
569.424	5819.44
569.776	5864.85
570.129	5882.64
570.481	5812.66
570.833	5901.83
571.185	5888.02
571.537	5894.11
571.889	5909.55
572.241	5902.3
572.593	5916.81
572.945	5966.66
573.297	5971.11
573.649	5983.28
574.001	6017.22
574.352	6038.05
574.704	6059.58
575.056	6094.46
575.407	6139.63
575.759	6116.69
576.111	6122.07
576.462	6161.86
576.814	6213.12
577.165	6288.49
577.516	6311.19
577.868	6331.55
578.219	6414.41
578.57	6341.38
578.922	6471.05
579.273	6445.54
579.624	6470.81
579.975	6568.18
580.326	6565.14
580.677	6640.74
581.028	6696.44
581.379	6768.76
581.73	6771.1
582.081	6755.42
582.432	6861.45
582.783	6913.18
583.133	6908.26
583.484	6957.18
583.835	6974.73
584.185	7089.42
584.536	7120.78
584.886	7196.38
585.237	7207.38
585.587	7335.41
585.938	7353.2
586.288	7377.07
586.639	7487.54
586.989	7460.86
587.339	7574.14
587.689	7628.91
588.04	7653.49
588.39	7751.56
588.74	7839.79
589.09	7880.75
589.44	7927.8
589.79	7967.35
590.14	8078.53
590.49	8093.98
590.84	8219.66
591.189	8304.16
591.539	8333.88
591.889	8387.48
592.239	8574.02
592.588	8518.55
592.938	8666.24
593.287	8701.81
593.637	8792.86
593.987	8901.93
594.336	8883.91
594.685	8950.61
595.035	9036.74
595.384	9117.96
595.733	9221.18
596.083	9303.56
596.432	9352.48
596.781	9391.57
597.13	9490.57
597.479	9481.21
597.828	9655.58
598.177	9686.24
598.526	9790.86
598.875	9849.61
599.224	9878.87
599.573	9991.68
599.922	10009.24
600.27	10146.86
600.619	10079.92
600.968	10271.84
601.316	10314.44
601.665	10403.38
602.013	10493.26
602.362	10508.94
602.71	10524.86
603.059	10596.48
603.407	10707.65
603.756	10671.14
604.104	10771.08
604.452	10885.53
604.8	10893.49
605.148	10973.07
605.497	11038.14
605.845	11066.92
606.193	11125.2
606.541	11154.46
606.889	11131.76
607.237	11216.95
607.584	11220.23
607.932	11322.04
608.28	11323.45
608.628	11377.05
608.976	11477.69
609.323	11386.41
609.671	11476.52
610.018	11535.27
610.366	11456.16
610.713	11541.58
611.061	11688.57
611.408	11627.72
611.756	11662.12
612.103	11748.02
612.45	11653.93
612.798	11718.3
613.145	11660.25
613.492	11684.12
613.839	11792.49
614.186	11754.34
614.533	11841.41
614.88	11781.26
615.227	11745.21
615.574	11900.62
615.921	11851
616.268	11745.21
616.615	11787.81
616.961	11783.36
617.308	11776.11
617.655	11777.98
618.001	11815.66
618.348	11707.29
618.695	11732.81
619.041	11636.61
619.387	11768.15
619.734	11607.12
620.08	11577.16
620.427	11565.69
620.773	11525.2
621.119	11530.58
621.465	11499.46
621.811	11495.48
622.158	11413.09
622.504	11443.28
622.85	11295.13
623.196	11261.42
623.542	11242.46
623.888	11178.57
624.233	11134.8
624.579	11072.78
624.925	10975.64
625.271	11036.5
625.616	10995.07
625.962	10820
626.308	10783.02
626.653	10677.69
626.999	10733.87
627.344	10543.81
627.69	10528.6
628.035	10592.5
628.38	10489.05
628.726	10424.21
629.071	10244.23
629.416	10228.31
629.761	10166.75
630.107	10083.67
630.452	10042
630.797	9872.31
631.142	9833.7
631.487	9858.51
631.832	9712.22
632.176	9597.77
632.521	9579.05
632.866	9436.74
633.211	9350.61
633.556	9298.18
633.9	9201.99
634.245	9072.55
634.589	9033.7
634.934	8901.23
635.278	8827.5
635.623	8712.35
635.967	8681.68
636.312	8641.43
636.656	8421.42
637	8347.22
637.345	8306.03
637.689	8236.75
638.033	8130.25
638.377	8036.63
638.721	7875.6
639.065	7805.62
639.409	7712.94
639.753	7649.51
640.097	7527.1
640.441	7444.48
640.785	7349.69
641.128	7303.11
641.472	7135.29
641.816	7018.73
642.159	6971.45
642.503	6856.77
642.847	6775.32
643.19	6694.8
643.534	6584.1
643.877	6413.94
644.22	6435.47
644.564	6348.4
644.907	6145.01
645.25	6098.9
645.593	6046.94
645.937	5940.21
646.28	5820.15
646.623	5724.89
646.966	5617.22
647.309	5544.43
647.652	5451.98
647.995	5409.62
648.337	5321.14
648.68	5195.92
649.023	5180.01
649.366	5062.75
649.708	4974.28
650.051	4872.23
650.394	4764.8
650.736	4706.52
651.079	4631.86
651.421	4525.59
651.764	4463.57
652.106	4348.18
652.448	4270.24
652.791	4222.96
653.133	4112.49
653.475	4026.59
653.817	3968.55
654.159	3880.08
654.501	3791.37
654.843	3715.07
655.185	3691.43
655.527	3604.36
655.869	3507.7
656.211	3488.74
656.553	3388.56
656.895	3368.2
657.236	3263.34
657.578	3180.02
657.92	3129
658.261	3089.44
658.603	2956.5
658.944	2967.73
659.286	2862.64
659.627	2843.45
659.969	2762
660.31	2684.53
660.651	2648.25
660.993	2588.33
661.334	2471.54
661.675	2470.6
662.016	2379.56
662.357	2359.9
662.698	2310.98
663.039	2302.09
663.38	2196.06
663.721	2180.85
664.062	2151.12
664.402	2087.93
664.743	2049.07
665.084	2032.69
665.425	1975.58
665.765	1899.28
666.106	1883.13
666.446	1802.15
666.787	1806.36
667.127	1734.74
667.468	1740.36
667.808	1684.65
668.148	1651.89
668.489	1600.86
668.829	1555.46
669.169	1543.28
669.509	1510.75
669.849	1481.96
670.189	1436.56
670.529	1407.53
670.869	1407.53
671.209	1352.53
671.549	1312.04
671.889	1291.44
672.229	1258.44
672.568	1271.78
672.908	1188.69
673.248	1182.84
673.587	1172.08
673.927	1148.67
674.266	1108.65
674.606	1098.35
674.945	1054.11
675.285	1022.28
675.624	1017.83
675.963	1075.65
676.302	1015.26
676.642	957.92
676.981	990.22
677.32	934.74
677.659	886.76
677.998	937.32
678.337	863.83
678.676	835.74
679.015	829.42
679.354	826.14
679.692	814.91
680.031	786.82
680.37	773.01
680.708	792.44
681.047	776.06
681.386	733.22
681.724	715.67
682.063	683.37
682.401	684.54
682.739	669.09
683.078	680.56
683.416	627.67
683.754	643.35
684.093	602.62
684.431	634.92
684.769	627.9
685.107	609.41
685.445	596.77
685.783	573.6
686.121	594.67
686.459	560.73
686.797	574.3
687.134	548.32
687.472	531
687.81	494.02
688.148	541.77
688.485	518.36
688.823	501.98
689.16	503.85
689.498	462.42
689.835	447.45
690.173	471.55
690.51	443.47
690.847	433.17
691.185	426.61
691.522	435.74
691.859	457.28
692.196	420.76
692.533	376.53
692.87	400.87
693.207	410.46
693.544	395.72
693.881	398.53
694.218	417.25
694.555	390.1
694.891	343.53
695.228	338.14
695.565	369.74
695.901	366.23
696.238	347.27
696.574	366.93
696.911	352.89
697.247	337.67
697.584	348.44
697.92	327.38
698.256	345.16
698.593	322.23
698.929	319.18
699.265	310.06
699.601	329.01
699.937	313.1
700.273	299.29
700.609	312.63
700.945	288.05
701.281	285.01
701.617	273.78
701.953	291.8
702.288	302.1
702.624	293.91
702.96	289.23
703.295	246.63
703.631	275.88
703.966	283.14
704.302	247.8
704.637	256.69
704.973	252.95
705.308	233.99
705.643	248.73
705.979	262.78
706.314	233.29
706.649	256.46
706.984	230.01
707.319	254.35
707.654	215.26
707.989	220.41
708.324	223.69
708.659	215.5
708.994	241.48
709.329	225.33
709.663	230.24
709.998	210.82
710.333	218.54
710.667	218.54
711.002	231.18
711.336	209.18
711.671	204.5
712.005	234.92
712.34	211.99
712.674	213.86
713.008	202.39
713.342	196.07
713.677	230.48
714.011	180.39
714.345	193.26
714.679	205.2
715.013	216.43
715.347	186.24
715.681	214.56
716.014	188.11
716.348	166.35
716.682	205.9
717.016	164.94
717.349	184.84
717.683	182.96
718.017	165.41
718.35	190.92
718.684	221.58
719.017	214.56
719.35	180.39
719.684	192.56
720.017	200.52
720.35	191.62
720.684	168.45
721.017	170.56
721.35	191.16
721.683	180.86
722.016	171.96
722.349	140.84
722.682	166.82
723.015	174.77
723.347	186.48
723.68	161.2
724.013	182.73
724.346	162.84
724.678	161.67
725.011	179.22
725.343	172.2
725.676	160.26
726.008	148.09
726.341	137.56
726.673	171.26
727.005	167.99
727.338	153.94
727.67	124.45
728.002	153.01
728.334	196.54
728.666	127.73
728.998	153.47
729.33	174.54
729.662	143.18
729.994	146.22
730.326	146.69
730.658	137.09
730.989	154.64
731.321	148.79
731.653	176.41
731.984	149.5
732.316	124.69
732.647	159.33
732.979	124.22
733.31	142.47
733.642	131.24
733.973	141.54
734.304	142.47
734.636	121.64
734.967	134.05
735.298	138.49
735.629	134.75
735.96	152.77
736.291	118.37
736.622	131.71
736.953	134.28
737.284	143.41
737.614	160.73
737.945	148.09
738.276	114.86
738.606	122.11
738.937	125.86
739.268	132.41
739.598	109.24
739.929	103.62
740.259	131.71
740.589	152.54
740.92	148.32
741.25	152.54
741.58	132.88
741.91	122.81
742.24	143.88
742.571	125.62
742.901	134.75
743.231	128.2
743.561	123.98
743.89	124.69
744.22	119.54
744.55	90.51
744.88	109.94
745.209	118.6
745.539	119.54
745.869	137.56
746.198	92.85
746.528	112.51
746.857	92.39
747.187	90.51
747.516	80.22
747.845	110.41
748.175	130.07
748.504	119.77
748.833	99.17
749.162	103.39
749.491	117.43
749.82	109.47
750.149	116.49
750.478	111.58
750.807	113.92
751.136	101.05
751.465	68.51
751.793	122.35
752.122	87.71
752.451	101.98
752.779	95.66
753.108	97.07
753.436	149.03
753.765	104.09
754.093	94.96
754.421	111.34
754.75	82.32
755.078	66.41
755.406	107.6
755.734	84.9
756.062	65.7
756.391	88.41
756.719	69.68
757.046	84.43
757.374	90.28
757.702	84.19
758.03	72.73
758.358	77.64
758.686	88.17
759.013	60.55
759.341	71.32
759.668	78.34
759.996	75.07
760.323	67.34
760.651	81.15
760.978	83.02
761.306	66.17
761.633	92.15
761.96	79.98
762.287	93.56
762.614	72.73
762.941	78.11
763.268	69.68
763.595	93.79
763.922	65.47
764.249	55.41
764.576	70.85
764.903	49.55
765.23	76
765.556	97.54
765.883	74.36
766.21	47.21
766.536	75.3
766.863	67.58
767.189	83.02
767.516	79.75
767.842	65.24
768.168	86.53
768.494	70.85
768.821	83.96
769.147	27.55
769.473	68.04
769.799	65.7
770.125	77.41
770.451	65.24
770.777	68.51
771.103	48.62
771.429	56.81
771.754	68.28
772.08	67.81
772.406	81.15
772.731	51.19
773.057	69.45
773.382	65.47
773.708	41.36
774.033	55.64
774.359	42.06
774.684	76.7
775.009	67.81
775.334	38.09
775.66	60.32
775.985	33.87
776.31	42.77
776.635	46.04
776.96	47.68
777.285	58.68
777.61	28.96
777.934	41.13
778.259	48.85
778.584	17.02
778.909	43.7
779.233	43
779.558	52.36
779.882	32.23
780.207	64.77
780.531	73.43
780.856	50.96
781.18	46.98
781.504	32.23
781.828	45.58
782.153	46.75
782.477	36.45
782.801	33.64
783.125	38.55
783.449	33.4
783.773	33.17
784.097	20.06
784.42	30.36
784.744	27.32
785.068	38.09
785.392	14.91
785.715	43.47
786.039	51.19
786.362	47.92
786.686	44.87
787.009	18.89
787.333	41.36
787.656	29.66
787.979	11.4
788.303	29.89
788.626	24.28
788.949	27.55
789.272	26.38
789.595	25.68
789.918	24.51
790.241	31.3
790.564	36.92
790.887	49.55
791.209	40.66
791.532	16.79
791.855	13.51
792.178	48.62
792.5	48.85
792.823	25.45
793.145	39.02
793.468	18.89
793.79	39.02
794.112	58.68
794.435	27.79
794.757	18.66
795.079	26.62
795.401	23.57
795.723	28.02
796.045	21.7
796.367	19.36
796.689	26.62
797.011	36.21
797.333	-1.94
797.655	46.04
797.976	27.79
798.298	41.6
798.62	4.85
798.941	22.4
799.263	-3.58
799.584	26.62
799.906	3.21
800.227	9.77
800.548	25.45
800.87	10.94
801.191	10.7
801.512	25.91
801.833	50.26
802.154	3.68
802.475	14.91
802.796	12.81
803.117	-5.45
803.438	-2.41
803.759	-4.28
804.08	7.89
804.4	21.94
804.721	7.19
805.042	12.34
805.362	-2.87
805.683	-6.85
806.003	18.66
806.323	4.15
806.644	1.11
806.964	10.47
807.284	25.21
807.605	18.89
807.925	3.45
808.245	41.13
808.565	12.57
808.885	-9.66
809.205	24.28
809.525	16.32
809.845	13.04
810.164	14.45
810.484	1.57
810.804	17.72
811.124	-12.94
811.443	14.45
811.763	19.6
812.082	16.08
812.402	50.02
812.721	-9.9
813.04	9.06
813.36	-23.7
813.679	-12.7
813.998	-5.92
814.317	24.98
814.636	0.87
814.955	4.62
815.274	-3.11
815.593	19.36
815.912	-0.77
816.231	28.26
816.55	-0.07
816.868	0.17
817.187	6.72
817.506	-1.94
817.824	-6.85
818.143	-4.28
818.461	-8.02
818.78	-1.94
819.098	12.57
819.416	5.32
819.735	13.04
820.053	32.47
820.371	4.38
820.689	-20.43
821.007	43.47
821.325	10.47
821.643	11.87
821.961	-6.85
822.279	-3.81
822.597	-12.7
822.914	6.49
823.232	18.43
823.55	9.77
823.867	-7.09
824.185	-30.02
824.502	-0.3
824.82	-10.6
825.137	-12.24
825.454	-16.21
825.772	22.64
826.089	-2.87
826.406	13.98
826.723	-13.41
827.04	-2.17
827.357	35.75
827.674	-0.77
827.991	-12.47
828.308	23.34
828.625	-4.51
828.942	-20.66
829.258	11.64
829.575	-15.28
829.892	-15.04
830.208	-23.47
830.525	26.62
830.841	-10.6
831.158	15.62
831.474	7.89
831.79	15.62
832.106	2.04
832.423	-13.87
832.739	-12.24
833.055	-17.38
833.371	6.02
833.687	11.4
834.003	25.68
834.319	-13.41
834.635	-1.94
834.95	-7.09
835.266	-18.79
835.582	6.25
835.897	-12.47
836.213	9.53
836.528	-18.79
836.844	13.98
837.159	-45.24
837.475	32.47
837.79	16.08
838.105	10.47
838.42	-0.53
838.735	15.85
839.051	-35.88
839.366	3.21
839.681	-3.81
839.996	0.87
840.31	-8.02
840.625	-233.65
840.94	22.64
841.255	-6.38
841.569	-1.24
841.884	-21.13
842.199	-12.47
842.513	9.06
842.828	-9.19
843.142	-4.75
843.456	12.81
843.771	14.68
844.085	-27.68
844.399	-19.02
844.713	7.42
845.027	-17.85
845.341	-15.04
845.655	24.51
845.969	13.98
846.283	4.38
846.597	-5.45
846.911	-1.94
847.224	25.91
847.538	5.32
847.852	18.89
848.165	-4.51
848.479	29.43
848.792	12.34
849.106	8.59
849.419	-14.11
849.732	8.83
850.046	3.45
850.359	-8.96
850.672	-4.51
850.985	-9.9
851.298	-7.09
851.611	-18.79
851.924	-13.64
852.237	19.6
852.55	-16.45
852.862	-10.13
853.175	-5.92
853.488	5.55
853.8	21.47
854.113	18.19
854.425	16.55
854.738	-5.68
855.05	-28.62
855.363	-13.17
855.675	-17.62
855.987	-22.07
856.299	-29.56
856.612	1.81
856.924	-5.21
857.236	-22.07
857.548	-14.34
857.859	-18.32
858.171	15.38
858.483	-6.38
858.795	-3.11
859.107	-16.92
859.418	-4.04
859.73	-19.49
860.041	4.38
860.353	0.87
860.664	6.49
860.976	0.64
861.287	19.83
861.598	-4.51
861.91	-12.7
862.221	-12.94
862.532	-6.38
862.843	-6.15
863.154	-42.19
863.465	13.51
863.776	-15.28
864.087	-16.68
864.397	-28.62
864.708	5.08
865.019	-15.75
865.329	-2.17
865.64	11.4
865.951	-7.55
866.261	-7.09
866.571	9.77
866.882	-8.72
867.192	-14.34
867.502	17.72
867.813	-22.3
868.123	17.02
868.433	-22.53
868.743	-4.28
869.053	8.13
869.363	-6.62
869.673	19.36
869.982	-3.81
870.292	-2.87
870.602	-23.7
870.912	13.98
871.221	-5.21
871.531	11.64
871.84	-30.26
872.15	-7.32
872.459	13.51
872.768	4.85
873.078	-19.02
873.387	-28.39
873.696	-18.56
874.005	10.94
874.314	-8.26
874.623	2.74
874.932	12.81
875.241	6.49
875.55	-11.53
875.859	6.96
876.168	3.68
876.476	-38.92
876.785	-34.24
877.093	-15.98
877.402	-3.58
877.71	-7.32
878.019	-10.36
878.327	-25.34
878.636	-13.41
878.944	-42.9
879.252	-23.47
879.56	13.04
879.868	-24.17
880.176	21.47
880.484	-18.09
880.792	16.55
881.1	-21.6
881.408	9.3
881.716	-5.21
882.023	-15.75
882.331	-1.47
882.639	0.87
882.946	-11.3
883.254	2.74
883.561	-10.83
883.868	-14.81
884.176	-19.73
884.483	-9.9
884.79	1.11
885.097	6.25
885.404	2.28
885.712	-14.11
886.019	1.11
886.325	3.91
886.632	29.19
886.939	-12.47
887.246	2.74
887.553	9.53
887.859	2.04
888.166	0.87
888.472	4.38
888.779	6.02
889.085	-6.85
889.392	-15.04
889.698	-26.28
890.004	-5.68
890.311	2.28
890.617	-18.79
890.923	4.62
891.229	-6.38
891.535	-0.07
891.841	-15.28
892.147	-8.72
892.453	-1
892.759	5.08
893.064	-9.66
893.37	-5.92
893.676	5.32
893.981	-3.34
894.287	-4.75
894.592	2.98
894.897	4.62
895.203	-7.79
895.508	-10.36
895.813	-14.34
896.119	-1.47
896.424	10.94
896.729	-33.07
897.034	12.57
897.339	9.06
897.644	25.68
897.948	10.47
898.253	-21.13
898.558	-22.53
898.863	-1
899.167	-12.7
899.472	6.49
899.776	-3.34
900.081	-5.92
900.385	-10.83
900.69	-30.96
900.994	-28.15
901.298	-31.19
901.602	0.64
901.906	-0.53
902.21	27.55
902.514	10.23
902.818	2.04
903.122	19.6
903.426	-18.32
903.73	-10.36
904.034	29.89
904.337	-4.04
904.641	-17.15
904.945	-10.83
905.248	13.74
905.552	16.55
905.855	-12.94
906.158	8.59
906.462	-4.28
906.765	1.11
907.068	1.81
907.371	6.02
907.674	5.55
907.977	-12.94
908.28	-15.04
908.583	-12
908.886	-9.19
909.189	-10.6
909.491	-23
909.794	-7.32
910.097	7.42
910.399	1.81
910.702	10
911.004	-19.49
911.307	-28.85
911.609	12.34
911.911	11.87
912.213	-29.56
912.516	24.28
912.818	6.72
913.12	-1.24
913.422	2.51
913.724	-10.83
914.026	24.98
914.327	-5.92
914.629	-26.75
914.931	-6.62
915.233	25.21
915.534	29.89
915.836	13.74
916.137	-9.66
916.439	2.28
916.74	-7.79
917.041	-28.62
917.343	-13.41
917.644	-16.92
917.945	-23.7
918.246	-26.04
918.547	-55.3
918.848	-15.75
919.149	-24.64
919.45	-14.58
919.751	-17.15
920.052	0.87
920.352	17.02
920.653	2.04
920.954	5.32
921.254	0.17
921.555	-19.73
921.855	-40.79
922.155	30.13
922.456	3.68
922.756	-12.7
923.056	-19.02
923.356	-18.09
923.656	-5.45
923.956	8.13
924.256	-16.21
924.556	18.66
924.856	-2.64
925.156	12.11
925.456	-7.55
925.755	54.47
926.055	-2.87
926.355	-5.68
926.654	-33.3
926.953	18.66
927.253	9.06
927.552	17.25
927.852	-7.32
928.151	-20.66
928.45	-25.34
928.749	1.34
929.048	-11.77
929.347	-38.92
929.646	-8.72
929.945	0.4
930.244	-10.83
930.543	-17.85
930.841	-6.85
931.14	-14.81
931.439	-26.04
931.737	-0.53
932.036	-21.6
932.334	-36.81
932.632	6.96
932.931	-21.13
933.229	2.74
933.527	5.08
933.825	-0.53
934.123	5.32
934.421	7.66
934.719	-36.34
935.017	8.13
935.315	-13.41
935.613	17.02
935.911	-0.53
936.208	7.66
936.506	-4.28
936.804	3.45
937.101	-3.11
937.399	-8.49
937.696	4.85
937.993	-0.77
938.291	-27.92
938.588	-19.73
938.885	21.47
939.182	-24.64
939.479	15.15
939.776	-13.41
940.073	7.19
940.37	-14.58
940.667	-7.55
940.964	13.04
941.26	-23
941.557	-8.72
941.854	4.15
942.15	-11.3
942.447	-15.98
942.743	8.83
943.039	-3.81
943.336	-20.19
943.632	17.49
943.928	-18.79
944.224	-13.17
944.52	-0.77
944.816	-2.17
945.112	-2.64
945.408	18.89
945.704	-5.68
946	-7.32
946.295	-2.64
946.591	-23.24
946.887	-14.34
947.182	-18.79
947.478	-8.26
947.773	-24.17
948.069	25.91
948.364	-18.56
948.659	16.79
948.954	-20.9
949.25	-4.04
949.545	2.74
949.84	13.28
950.135	-16.92
950.43	-11.3
950.724	-12.94
951.019	-18.32
951.314	-20.9
951.609	-1.24
951.903	41.13
952.198	4.85
952.492	-14.34
952.787	10.23
953.081	-17.62
953.376	-7.32
953.67	13.74
953.964	13.51
954.258	-6.38
954.552	-8.02
954.846	9.3
955.14	0.64
955.434	-28.39
955.728	-36.81
956.022	1.57
956.316	-4.75
956.609	0.4
956.903	16.55
957.197	11.17
957.49	-12.24
957.784	-26.04
958.077	-14.58
958.37	-12.94
958.664	-21.83
958.957	-7.09
959.25	4.62
959.543	-20.43
959.836	-25.58
960.129	-16.68
960.422	-31.66
960.715	27.32
961.008	1.34
961.3	14.21
961.593	3.68
961.886	-21.83
962.178	-11.77
962.471	9.06
962.763	-4.98
963.056	13.51
963.348	-15.98
963.64	-21.36
963.933	-8.26
964.225	-16.92
964.517	-8.72
964.809	-16.21
965.101	-38.22
965.393	-39.39
965.685	11.4
965.977	2.28
966.268	-0.3
966.56	-10.83
966.852	-14.58
967.143	-27.68
967.435	-11.07
967.726	-31.19
968.018	8.36
968.309	-30.49
968.6	0.4
968.891	-2.41
969.183	3.91
969.474	-9.66
969.765	6.02
970.056	27.09
970.347	-19.02
970.638	5.32
970.928	1.34
971.219	-16.68
971.51	7.19
971.8	3.45
972.091	-25.34
972.382	-13.87
972.672	-15.98
972.962	4.85
973.253	-19.49
973.543	-6.85
973.833	-4.51
974.123	-26.75
974.413	3.68
974.704	-12.47
974.994	-24.64
975.283	10.7
975.573	-25.34
975.863	-9.19
976.153	-8.26
976.443	-50.62
976.732	-1
977.022	-2.64
977.311	33.87
977.601	17.25
977.89	11.4
978.179	3.21
978.469	-9.43
978.758	-28.15
979.047	-3.34
979.336	4.85
979.625	30.36
979.914	-0.3
980.203	-10.6
980.492	1.11
980.781	12.11
981.069	-25.58
981.358	10.7
981.647	-16.45
981.935	17.25
982.224	-12.24
982.512	19.13
982.8	-5.45
983.089	11.64
983.377	1.34
983.665	-6.85
983.953	2.04
984.241	-29.79
984.529	4.38
984.817	9.53
985.105	-25.11
985.393	9.3
985.681	6.25
985.969	-12.94
986.256	4.15
986.544	9.3
986.831	-21.13
987.119	5.08
987.406	-12.7
987.694	-9.9
987.981	6.96
988.268	9.77
988.555	-29.79
988.842	-24.87
989.129	0.87
989.416	3.21
989.703	-14.81
989.99	21.94
990.277	20.06
990.564	-17.62
990.85	-8.96
991.137	13.28
991.424	-8.96
991.71	-37.51
991.997	-20.43
992.283	5.55
992.569	-3.81
992.856	-2.41
993.142	12.34
993.428	10
993.714	-8.49
994	-7.09
994.286	-12.24
994.572	-27.68
994.858	11.64
995.144	-12.47
995.429	-3.34
995.715	11.64
996.001	8.59
996.286	-44.3
996.572	8.13
996.857	-12.94
997.142	5.32
997.428	-15.75
997.713	-16.92
997.998	10.94
998.283	6.96
998.568	-20.19
998.853	3.21
999.138	8.59
999.423	11.87
999.708	20.06
999.993	4.15
1000.277	-3.34
1000.562	16.55
1000.847	-9.43
1001.131	-19.02
1001.415	-12
1001.7	9.06
1001.984	9.3
1002.268	-1.7
1002.553	10.47
1002.837	2.28
1003.121	-6.62
1003.405	-8.96
1003.689	-15.04
1003.973	-31.9
1004.257	-23
1004.54	-6.85
1004.824	-10.36
1005.108	-13.64
1005.391	-37.05
1005.675	8.13
1005.958	-25.11
1006.242	-18.09
1006.525	-18.09
1006.808	-19.49
1007.092	-41.96
1007.375	-33.77
1007.658	-1.47
1007.941	-30.02
1008.224	-4.98
1008.507	16.08
1008.79	6.49
1009.073	-8.72
1009.355	-33.07
1009.638	-25.58
1009.921	-24.41
1010.203	2.04
1010.486	-9.19
1010.768	11.4
1011.05	-36.81
1011.333	6.25
1011.615	8.36
1011.897	-9.43
1012.179	-0.77
1012.461	-20.66
1012.743	-12.47
1013.025	-8.02
1013.307	-26.98
1013.589	-11.77
1013.871	-4.04
1014.152	-9.9
1014.434	-23
1014.716	-24.17
1014.997	-25.34
1015.279	-8.02
1015.56	-31.19
1015.841	7.89
1016.123	11.64
1016.404	-11.77
1016.685	-36.34
1016.966	-27.92
1017.247	-40.09
1017.528	-8.26
1017.809	-5.68
1018.09	11.64
1018.371	24.28
1018.651	4.85
1018.932	5.79
1019.212	-2.17
1019.493	33.4
1019.773	-9.19
1020.054	11.64
1020.334	3.45
1020.614	-17.85
1020.895	-17.85
1021.175	-17.85
