340.2	-7.16
340.6	-7.16
340.9	-7.16
341.3	18.82
341.7	-9.51
342.1	-17.46
342.4	-33.38
342.8	0.33
343.2	8.99
343.6	-8.57
343.9	2.43
344.3	1.26
344.7	11.79
345.1	-11.38
345.4	-0.38
345.8	16.24
346.2	-17.46
346.6	59.77
346.9	24.9
347.3	-16.53
347.7	23.03
348	4.07
348.4	6.18
348.8	3.37
349.2	-4.82
349.5	-7.16
349.9	-13.95
350.3	0.09
350.7	-20.51
351	-39.23
351.4	-30.1
351.8	-14.65
352.2	-20.51
352.5	-9.04
352.9	21.86
353.3	-11.38
353.6	18.11
354	17.18
354.4	-13.72
354.8	-13.95
355.1	15.54
355.5	12.5
355.9	0.33
356.3	0.79
356.6	-19.8
357	-5.29
357.4	-6.23
357.8	12.26
358.1	9.45
358.5	2.67
358.9	-18.63
359.2	-5.99
359.6	-4.82
360	-20.27
360.4	-16.76
360.7	-4.36
361.1	-5.29
361.5	17.41
361.9	3.84
362.2	0.09
362.6	1.03
363	5.71
363.3	14.84
363.7	10.86
364.1	-5.53
364.5	-9.74
364.8	-8.8
365.2	8.52
365.6	-6.7
366	1.73
366.3	30.05
366.7	-1.08
367.1	-33.14
367.4	9.69
367.8	11.09
368.2	-12.31
368.6	-11.14
368.9	-11.38
369.3	2.9
369.7	18.35
370	-10.91
370.4	-22.14
370.8	1.73
371.2	-1.78
371.5	-4.59
371.9	-11.85
372.3	-4.82
372.6	30.99
373	28.41
373.4	49.94
373.8	-17.23
374.1	-16.53
374.5	7.11
374.9	-11.14
375.2	-1.31
375.6	1.5
376	16.24
376.4	-7.4
376.7	-3.89
377.1	-23.08
377.5	-3.89
377.8	-30.57
378.2	-9.97
378.6	-19.57
379	4.3
379.3	1.73
379.7	8.99
380.1	-0.85
380.4	8.28
380.8	-11.85
381.2	6.88
381.6	-22.14
381.9	-15.36
382.3	21.86
382.7	2.67
383	-17.23
383.4	-5.06
383.8	12.03
384.2	8.52
384.5	12.73
384.9	-5.29
385.3	7.11
385.6	-13.25
386	4.3
386.4	-4.12
386.7	7.11
387.1	19.05
387.5	-1.78
387.9	24.2
388.2	8.05
388.6	8.28
389	25.6
389.3	8.52
389.7	1.73
390.1	3.13
390.5	-6.7
390.8	-4.59
391.2	10.62
391.6	-10.91
391.9	-7.16
392.3	7.58
392.7	26.31
393	-33.38
393.4	-6.23
393.8	-1.78
394.2	-15.12
394.5	-22.14
394.9	19.52
395.3	-17.93
395.6	5.01
396	-0.85
396.4	16.71
396.7	5.94
397.1	-17.23
397.5	11.33
397.8	-12.31
398.2	4.3
398.6	11.79
399	4.3
399.3	8.52
399.7	-27.76
400.1	8.52
400.4	-10.44
400.8	11.09
401.2	-2.95
401.5	2.43
401.9	-3.65
402.3	9.45
402.7	7.81
403	-14.42
403.4	3.13
403.8	-7.4
404.1	-11.14
404.5	18.11
404.9	-4.82
405.2	-34.55
405.6	-4.12
406	-23.78
406.3	-5.06
406.7	18.58
407.1	11.79
407.4	25.84
407.8	-7.63
408.2	13.2
408.6	7.81
408.9	-2.72
409.3	2.43
409.7	7.35
410	-4.12
410.4	-18.63
410.8	-3.89
411.1	12.96
411.5	31.92
411.9	145.91
412.2	38.48
412.6	2.43
413	23.73
413.3	11.56
413.7	12.26
414.1	24.43
414.4	-8.33
414.8	18.35
415.2	39.41
415.5	48.54
415.9	23.73
416.3	56.73
416.7	22.09
417	52.99
417.4	35.43
417.8	73.58
418.1	57.9
418.5	23.03
418.9	76.16
419.2	79.2
419.6	56.26
420	45.03
420.3	75.46
420.7	76.63
421.1	84.35
421.4	99.8
421.8	88.8
422.2	78.73
422.5	77.8
422.9	119.69
423.3	105.88
423.6	96.99
424	112.2
424.4	98.39
424.7	102.84
425.1	121.8
425.5	117.35
425.8	122.74
426.2	109.16
426.6	103.07
426.9	129.29
427.3	141.46
427.7	134.44
428	131.86
428.4	163.46
428.8	153.86
429.1	142.4
429.5	152.93
429.9	145.44
430.2	136.78
430.6	162.52
431	162.52
431.3	189.67
431.7	188.97
432.1	182.89
432.4	175.87
432.8	214.72
433.2	184.29
433.5	211.91
433.9	194.36
434.3	203.02
434.6	197.87
435	201.14
435.4	201.85
435.7	220.8
436.1	246.55
436.5	236.95
436.8	210.51
437.2	223.38
437.6	176.57
437.9	-12.55
438.3	210.27
438.7	203.25
439	236.49
439.4	209.33
439.8	194.82
440.1	200.21
440.5	190.84
440.9	138.18
441.2	174.23
441.6	161.35
442	142.16
442.3	101.9
442.7	152.93
443.1	132.57
443.4	149.42
443.8	93.24
444.1	103.78
444.5	118.99
444.9	102.37
445.2	80.37
445.6	81.07
446	73.58
446.3	62.12
446.7	45.26
447.1	56.03
447.4	49.94
447.8	67.5
448.2	36.84
448.5	35.43
448.9	36.37
449.3	35.9
449.6	34.26
450	16.01
450.4	5.71
450.7	24.43
451.1	18.35
451.4	47.6
451.8	32.16
452.2	18.82
452.5	0.79
452.9	12.96
453.3	33.09
453.6	14.37
454	11.33
454.4	14.6
454.7	4.77
455.1	-13.02
455.5	5.24
455.8	5.47
456.2	38.71
456.5	5.47
456.9	7.35
457.3	-0.61
457.6	8.75
458	-8.57
458.4	11.56
458.7	16.71
459.1	-14.19
459.5	-8.33
459.8	18.82
460.2	15.3
460.5	5.71
460.9	-3.19
461.3	5.94
461.6	1.26
462	-23.31
462.4	-4.82
462.7	42.69
463.1	-0.61
463.5	8.05
463.8	5.94
464.2	22.33
464.5	23.26
464.9	10.16
465.3	8.75
465.6	35.2
466	-4.36
466.4	-2.25
466.7	6.88
467.1	19.52
467.5	18.58
467.8	-18.4
468.2	-7.16
468.5	-3.42
468.9	-8.1
469.3	-3.42
469.6	1.26
470	-23.78
470.4	-0.61
470.7	8.28
471.1	-18.87
471.4	11.33
471.8	13.67
472.2	-3.42
472.5	32.86
472.9	-6.46
473.3	-4.12
473.6	-3.42
474	19.28
474.3	-9.97
474.7	-4.59
475.1	17.65
475.4	10.39
475.8	5.71
476.2	-12.31
476.5	4.07
476.9	39.88
477.2	6.18
477.6	-19.57
478	-6.7
478.3	17.41
478.7	11.79
479.1	-36.19
479.4	-1.31
479.8	19.75
480.1	2.67
480.5	-21.44
480.9	12.03
481.2	-20.27
481.6	21.62
481.9	2.2
482.3	2.2
482.7	8.52
483	-1.31
483.4	11.09
483.8	6.88
484.1	7.58
484.5	-16.53
484.8	26.77
485.2	-13.02
485.6	8.75
485.9	24.43
486.3	15.3
486.6	10.16
487	11.79
487.4	14.37
487.7	2.67
488.1	16.24
488.5	21.62
488.8	38.94
489.2	20.92
489.5	4.3
489.9	38.71
490.3	32.39
490.6	-6.7
491	22.33
491.3	19.28
491.7	-3.19
492.1	19.52
492.4	26.31
492.8	27.01
493.1	37.07
493.5	31.22
493.9	26.07
494.2	46.43
494.6	13.67
494.9	13.43
495.3	26.07
495.7	37.77
496	33.56
496.4	51.58
496.7	56.5
497.1	46.43
497.5	69.37
497.8	57.43
498.2	88.8
498.5	39.18
498.9	71.01
499.3	55.56
499.6	55.56
500	48.77
500.3	85.99
500.7	64.92
501.1	62.58
501.4	66.8
501.8	84.58
502.1	78.5
502.5	82.71
502.9	74.52
503.2	89.97
503.6	110.33
503.9	76.16
504.3	97.69
504.7	112.67
505	95.58
505.4	127.42
505.7	149.42
506.1	157.38
506.5	102.84
506.8	107.05
507.2	135.61
507.5	143.8
507.9	133.27
508.2	157.38
508.6	152.46
509	163.23
509.3	163.93
509.7	150.59
510	153.4
510.4	174.69
510.8	151.52
511.1	206.06
511.5	186.87
511.8	186.16
512.2	194.59
512.6	177.97
512.9	202.55
513.3	209.1
513.6	206.53
514	199.5
514.3	234.38
514.7	228.53
515.1	224.55
515.4	264.81
515.8	235.08
516.1	200.44
516.5	270.42
516.9	270.66
517.2	270.89
517.6	251.93
517.9	259.66
518.3	261.06
518.6	276.04
519	297.81
519.4	270.89
519.7	279.32
520.1	273.47
520.4	312.55
520.8	297.34
521.1	268.08
521.5	302.72
521.9	321.68
522.2	311.38
522.6	335.26
522.9	317.47
523.3	341.58
523.6	317.47
524	286.81
524.4	335.02
524.7	337.13
525.1	332.21
525.4	342.28
525.8	338.06
526.2	371.77
526.5	366.62
526.9	371.3
527.2	377.39
527.6	385.58
527.9	359.83
528.3	353.51
528.6	359.83
529	384.88
529.4	375.75
529.7	402.9
530.1	412.49
530.4	387.45
530.8	417.64
531.1	412.03
531.5	405
531.9	386.75
532.2	407.81
532.6	401.02
532.9	411.56
533.3	414.13
533.6	427.94
534	458.13
534.4	629.7
534.7	433.56
535.1	433.56
535.4	425.83
535.8	434.26
536.1	464.69
536.5	452.75
536.8	489.5
537.2	465.62
537.6	445.73
537.9	437.77
538.3	457.2
538.6	450.18
539	435.2
539.3	469.13
539.7	449.01
540	435.2
540.4	445.73
540.8	457.43
541.1	388.15
541.5	485.05
541.8	476.39
542.2	457.9
542.5	471.47
542.9	479.2
543.2	494.65
543.6	463.99
544	474.99
544.3	481.54
544.7	484.11
545	480.84
545.4	468.2
545.7	500.5
546.1	510.09
546.4	478.96
546.8	501.43
547.2	541.46
547.5	474.52
547.9	490.43
548.2	490.43
548.6	524.61
548.9	500.26
549.3	526.24
549.6	472.18
550	505.88
550.3	510.56
550.7	488.33
551.1	502.37
551.4	519.46
551.8	506.11
552.1	522.73
552.5	507.29
552.8	547.54
553.2	481.31
553.5	494.41
553.9	508.46
554.2	500.03
554.6	500.03
554.9	553.16
555.3	551.05
555.7	512.43
556	523.9
556.4	480.13
556.7	524.61
557.1	498.86
557.4	509.16
557.8	521.8
558.1	514.07
558.5	525.54
558.8	500.97
559.2	510.56
559.5	525.78
559.9	533.03
560.3	506.82
560.6	510.56
561	501.67
561.3	481.31
561.7	515.24
562	492.54
562.4	492.77
562.7	510.09
563.1	480.6
563.4	504.71
563.8	509.63
564.1	493.71
564.5	480.84
564.8	498.39
565.2	501.9
565.5	480.37
565.9	480.37
566.3	494.41
566.6	498.16
567	507.75
567.3	493.94
567.7	460.24
568	488.33
568.4	480.6
568.7	451.58
569.1	464.69
569.4	440.58
569.8	469.13
570.1	459.77
570.5	481.31
570.8	467.73
571.2	492.31
571.5	460.47
571.9	446.9
572.2	458.6
572.6	469.13
572.9	487.86
573.3	489.26
573.6	453.69
574	465.62
574.4	467.5
574.7	453.69
575.1	457.43
575.4	469.6
575.8	458.6
576.1	459.3
576.5	450.41
576.8	498.86
577.2	462.11
577.5	463.99
577.9	544.73
578.2	463.28
578.6	454.15
578.9	460.47
579.3	459.07
579.6	457.9
580	431.22
580.3	462.35
580.7	456.03
581	417.64
581.4	446.43
581.7	449.24
582.1	428.88
582.4	477.09
582.8	443.15
583.1	416
583.5	427.94
583.8	425.37
584.2	429.35
584.5	445.03
584.9	419.05
585.2	407.11
585.6	444.56
585.9	441.98
586.3	431.22
586.6	397.98
587	438.47
587.3	436.6
587.7	432.62
588	449.47
588.4	435.2
588.7	460.71
589.1	435.66
589.4	419.98
589.8	426.3
590.1	401.96
590.5	434.73
590.8	433.79
591.2	396.11
591.5	409.45
591.9	386.05
592.2	404.54
592.6	399.62
592.9	417.17
593.3	370.36
593.6	371.77
594	405.71
594.3	384.41
594.7	426.07
595	393.54
595.4	412.26
595.7	389.09
596.1	372.7
596.4	377.85
596.8	408.98
597.1	356.09
597.5	407.81
597.8	399.62
598.2	407.11
598.5	381.6
598.9	381.13
599.2	377.85
599.6	370.83
599.9	393.77
600.3	360.77
600.6	360.07
601	377.39
601.3	362.64
601.7	352.81
602	364.75
602.4	363.58
602.7	370.36
603.1	358.19
603.4	380.43
603.8	318.17
604.1	347.89
604.5	328.94
604.8	343.68
605.1	362.41
605.5	378.56
605.8	355.62
606.2	349.53
606.5	324.02
606.9	348.83
607.2	318.17
607.6	329.64
607.9	362.17
608.3	354.21
608.6	343.92
609	348.6
609.3	315.36
609.7	308.81
610	344.62
610.4	337.83
610.7	309.04
611.1	307.4
611.4	298.28
611.8	312.79
612.1	301.55
612.5	309.98
612.8	311.62
613.1	289.85
613.5	349.53
613.8	276.27
614.2	296.4
614.5	323.55
614.9	302.25
615.2	299.21
615.6	267.61
615.9	301.55
616.3	314.66
616.6	271.83
617	288.91
617.3	307.64
617.7	279.08
618	292.19
618.3	293.59
618.7	280.96
619	275.34
619.4	269.72
619.7	277.91
620.1	293.59
620.4	285.64
620.8	281.42
621.1	296.64
621.5	279.79
621.8	261.53
622.2	287.27
622.5	252.87
622.8	280.72
623.2	254.51
623.5	215.42
623.9	249.36
624.2	241.4
624.6	276.51
624.9	250.29
625.3	262
625.6	230.63
626	236.02
626.3	235.31
626.7	238.59
627	238.36
627.3	227.12
627.7	250.76
628	230.63
628.4	190.84
628.7	258.72
629.1	213.55
629.4	240.46
629.8	201.85
630.1	254.74
630.5	218.7
630.8	212.85
631.1	237.19
631.5	232.51
631.8	204.19
632.2	223.38
632.5	203.02
632.9	215.42
633.2	201.61
633.6	216.12
633.9	230.17
634.2	193.42
634.6	183.59
634.9	188.5
635.3	199.5
635.6	204.65
636	171.89
636.3	182.18
636.7	203.95
637	186.87
637.3	174.46
637.7	203.25
638	189.44
638.4	204.42
638.7	192.95
639.1	179.61
639.4	218.23
639.8	188.04
640.1	208.16
640.4	203.95
640.8	181.95
641.1	198.57
641.5	184.29
641.8	170.25
642.2	189.44
642.5	155.74
642.8	185.23
643.2	204.65
643.5	160.18
643.9	140.99
644.2	174.23
644.6	152.46
644.9	167.67
645.3	148.72
645.6	187.33
645.9	192.25
646.3	155.03
646.6	163.46
647	139.82
647.3	159.01
647.7	129.76
648	138.42
648.3	133.5
648.7	117.12
649	149.89
649.4	163.69
649.7	133.27
650.1	137.48
650.4	135.14
650.7	145.2
651.1	128.82
651.4	123.2
651.8	140.52
652.1	150.12
652.4	123.44
652.8	154.33
653.1	150.82
653.5	125.54
653.8	128.12
654.2	152.69
654.5	155.5
654.8	119.69
655.2	107.99
655.5	157.14
655.9	131.63
656.2	129.29
656.6	153.63
656.9	135.37
657.2	135.61
657.6	101.67
657.9	112.9
658.3	122.5
658.6	118.99
658.9	130.93
659.3	133.03
659.6	130.46
660	153.16
660.3	116.42
660.7	114.31
661	106.82
661.3	137.71
661.7	107.99
662	135.84
662.4	91.37
662.7	110.8
663	111.5
663.4	106.82
663.7	5.24
664.1	76.16
664.4	93.01
664.7	82.95
665.1	126.01
665.4	88.8
665.8	113.37
666.1	124.84
666.4	83.41
666.8	98.86
667.1	82.01
667.5	98.86
667.8	99.1
668.1	109.63
668.5	86.92
668.8	94.18
669.2	88.33
669.5	100.03
669.8	83.88
670.2	95.58
670.5	71.24
670.9	66.09
671.2	67.5
671.5	92.78
671.9	66.8
672.2	78.97
672.6	104.95
672.9	91.14
673.2	90.67
673.6	76.86
673.9	70.78
674.3	67.97
674.6	88.8
674.9	81.54
675.3	96.76
675.6	74.75
676	170.25
676.3	88.1
676.6	65.39
677	81.31
677.3	74.75
677.7	58.84
678	48.07
678.3	54.86
678.7	57.9
679	74.75
679.4	64.92
679.7	51.82
680	75.46
680.4	67.97
680.7	45.26
681	62.82
681.4	56.5
681.7	35.67
682.1	68.2
682.4	78.73
682.7	53.22
683.1	45.97
683.4	89.73
683.8	65.63
684.1	59.31
684.4	67.73
684.8	37.31
685.1	78.97
685.4	60.01
685.8	78.5
686.1	62.58
686.5	68.9
686.8	40.58
687.1	57.9
687.5	52.99
687.8	71.01
688.1	69.84
688.5	51.82
688.8	55.8
689.2	40.58
689.5	35.43
689.8	-210.09
690.2	79.9
690.5	39.18
690.8	72.18
691.2	60.94
691.5	38.24
691.9	44.33
692.2	55.56
692.5	44.09
692.9	46.43
693.2	43.86
693.5	44.8
693.9	52.99
694.2	73.58
694.6	54.16
694.9	47.37
695.2	32.16
695.6	52.99
695.9	5.94
696.2	32.86
696.6	54.39
696.9	63.05
697.2	51.82
697.6	55.33
697.9	29.82
698.3	32.39
698.6	25.6
698.9	35.43
699.3	24.9
699.6	9.45
699.9	48.54
700.3	33.56
700.6	39.18
700.9	-2.02
701.3	23.03
701.6	3.6
702	37.07
702.3	47.6
702.6	32.39
703	26.31
703.3	40.58
703.6	41.75
704	49.48
704.3	48.31
704.6	11.33
705	35.67
705.3	35.9
705.6	40.58
706	52.52
706.3	-10.21
706.6	17.88
707	10.62
707.3	52.99
707.7	33.33
708	39.18
708.3	25.13
708.7	31.45
709	14.13
709.3	4.3
709.7	32.86
710	12.03
710.3	4.54
710.7	39.88
711	40.35
711.3	11.33
711.7	41.05
712	21.62
712.3	13.67
712.7	41.52
713	47.84
713.3	8.52
713.7	41.05
714	59.77
714.3	15.3
714.7	44.33
715	14.84
715.3	4.54
715.7	4.3
716	41.99
716.3	40.82
716.7	13.9
717	1.03
717.3	23.96
717.7	44.8
718	7.11
718.4	29.35
718.7	20.22
719	-3.42
719.4	23.73
719.7	1.5
720	24.9
720.4	17.41
720.7	18.35
721	27.94
721.3	-3.42
721.7	31.69
722	7.81
722.3	11.56
722.7	16.24
723	11.56
723.3	20.45
723.7	28.18
724	28.65
724.3	38.48
724.7	12.03
725	-11.14
725.3	24.2
725.7	36.6
726	16.01
726.3	6.41
726.7	12.26
727	34.97
727.3	12.96
727.7	-0.38
728	38.48
728.3	-24.02
728.7	16.47
729	5.71
729.3	33.79
729.7	23.96
730	23.5
730.3	12.73
730.7	17.41
731	-4.82
731.3	-17.93
731.7	-9.27
732	23.5
732.3	6.18
732.6	3.13
733	15.3
733.3	-11.61
733.6	14.13
734	24.67
734.3	3.84
734.6	-7.4
735	26.07
735.3	-21.91
735.6	16.94
736	2.67
736.3	26.07
736.6	4.54
737	15.77
737.3	6.64
737.6	45.97
737.9	-20.04
738.3	21.39
738.6	-33.61
738.9	36.14
739.3	-18.4
739.6	16.94
739.9	5.47
740.3	-2.25
740.6	-7.16
740.9	19.05
741.2	1.96
741.6	17.18
741.9	-4.36
742.2	0.33
742.6	28.88
742.9	-2.02
743.2	17.18
743.6	1.03
743.9	4.3
744.2	22.09
744.6	29.35
744.9	4.54
745.2	-30.34
745.5	4.77
745.9	9.22
746.2	17.65
746.5	1.96
746.9	-3.42
747.2	-2.95
747.5	-2.48
747.8	-5.99
748.2	8.52
748.5	53.69
748.8	-12.31
749.2	13.67
749.5	13.67
749.8	11.33
750.1	20.22
750.5	24.9
750.8	39.88
751.1	13.9
751.5	13.43
751.8	1.26
752.1	-16.29
752.5	23.73
752.8	-14.42
753.1	0.79
753.4	-0.85
753.8	-26.36
754.1	-28.7
754.4	4.77
754.7	5.24
755.1	-4.82
755.4	-6.46
755.7	-20.74
756.1	25.37
756.4	8.05
756.7	-21.91
757	7.58
757.4	-16.53
757.7	-9.97
758	-0.61
758.4	1.73
758.7	28.88
759	-20.27
759.3	-16.29
759.7	0.79
760	34.03
760.3	22.56
760.7	22.79
761	16.01
761.3	11.33
761.6	20.69
762	0.33
762.3	9.45
762.6	-5.06
762.9	14.13
763.3	-16.53
763.6	4.77
763.9	-6.7
764.2	19.99
764.6	-11.38
764.9	1.03
765.2	-16.53
765.6	-3.89
765.9	10.39
766.2	-12.78
766.5	1.5
766.9	-8.57
767.2	6.64
767.5	3.6
767.8	-32.44
768.2	-7.87
768.5	-6.46
768.8	-7.4
769.1	-2.48
769.5	9.22
769.8	38.24
770.1	-20.97
770.5	5.47
770.8	-16.06
771.1	11.79
771.4	6.41
771.8	32.16
772.1	15.3
772.4	23.5
772.7	-7.87
773.1	-14.19
773.4	14.84
773.7	13.9
774	-40.17
774.4	-1.78
774.7	5.47
775	-22.14
775.3	2.2
775.7	15.77
776	-1.55
776.3	15.3
776.6	4.07
777	-5.99
777.3	-11.61
777.6	15.77
777.9	-4.82
778.3	-0.38
778.6	27.24
778.9	0.56
779.2	-15.12
779.6	8.99
779.9	-2.25
780.2	19.75
780.5	-6.23
780.9	-9.97
781.2	-16.06
781.5	-3.42
781.8	10.16
782.2	14.37
782.5	-6.93
782.8	10.62
783.1	-13.48
783.4	-28.46
783.8	34.73
784.1	21.39
784.4	34.03
784.7	-6.23
785.1	4.54
785.4	-19.34
785.7	-10.91
786	1.5
786.4	-34.08
786.7	-5.06
787	2.9
787.3	7.35
787.7	-3.42
788	1.26
788.3	26.77
788.6	-19.57
788.9	-4.36
789.3	-2.02
789.6	7.35
789.9	-5.76
790.2	6.18
790.6	-25.89
790.9	8.28
791.2	5.24
791.5	5.71
791.9	24.9
792.2	8.52
792.5	-3.65
792.8	21.16
793.1	0.33
793.5	-24.72
793.8	-14.42
794.1	4.3
794.4	0.79
794.8	4.54
795.1	31.92
795.4	-4.12
795.7	-27.29
796	5.24
796.4	2.67
796.7	12.5
797	22.09
797.3	11.56
797.7	-0.85
798	-10.21
798.3	4.77
798.6	-24.72
798.9	14.37
799.3	17.65
799.6	-11.38
799.9	3.6
800.2	18.11
800.5	-14.89
800.9	-19.1
801.2	-0.61
801.5	9.45
801.8	-3.89
802.2	-2.25
802.5	6.88
802.8	12.96
803.1	4.07
803.4	16.47
803.8	6.88
804.1	-7.4
804.4	7.35
804.7	10.16
805	-8.8
805.4	-10.91
805.7	-17.23
806	11.79
806.3	8.05
806.6	7.11
807	12.26
807.3	21.16
807.6	10.39
807.9	-9.51
808.2	-1.08
808.6	11.79
808.9	-1.31
809.2	-3.42
809.5	-22.61
809.8	-16.76
810.2	-5.53
810.5	1.5
810.8	25.13
811.1	7.58
811.4	29.58
811.8	15.3
812.1	5.71
812.4	-4.82
812.7	12.5
813	5.94
813.4	12.96
813.7	-1.55
814	-9.04
814.3	-14.19
814.6	19.99
815	37.07
815.3	-19.57
815.6	-3.42
815.9	12.73
816.2	3.37
816.5	26.07
816.9	2.67
817.2	3.37
817.5	-10.44
817.8	2.43
818.1	20.92
818.5	-16.53
818.8	9.69
819.1	-11.85
819.4	8.28
819.7	-0.38
820.1	-0.38
820.4	-10.44
820.7	31.22
821	32.16
821.3	-15.12
821.6	-6.93
822	-37.12
822.3	-5.99
822.6	-3.89
822.9	-7.4
823.2	-3.42
823.5	15.54
823.9	0.56
824.2	-2.95
824.5	2.67
824.8	-4.36
825.1	2.67
825.5	38.24
825.8	-2.72
826.1	0.09
826.4	4.07
826.7	12.03
827	-3.42
827.4	14.13
827.7	-10.68
828	-20.97
828.3	16.24
828.6	-21.91
828.9	-11.85
829.3	-10.68
829.6	-8.1
829.9	-13.95
830.2	-14.89
830.5	8.05
830.8	-16.06
831.2	0.56
831.5	-0.85
831.8	5.01
832.1	-16.76
832.4	-6.7
832.7	-21.91
833.1	9.92
833.4	6.41
833.7	3.84
834	1.26
834.3	-10.44
834.6	-6.93
835	14.37
835.3	-5.76
835.6	-15.82
835.9	1.96
836.2	0.33
836.5	-23.08
836.8	-11.38
837.2	9.22
837.5	-6.46
837.8	-26.36
838.1	21.39
838.4	-3.65
838.7	5.24
839.1	30.28
839.4	2.43
839.7	8.28
840	11.33
840.3	-2.48
840.6	-283.35
840.9	-25.19
841.3	-26.12
841.6	-3.19
841.9	13.43
842.2	11.09
842.5	-17.23
842.8	-25.42
843.1	3.84
843.5	-22.85
843.8	-2.02
844.1	-3.89
844.4	-10.68
844.7	35.43
845	8.05
845.3	-35.02
845.7	17.65
846	-64.74
846.3	3.84
846.6	-4.82
846.9	0.33
847.2	11.33
847.5	-28.46
847.9	-1.78
848.2	20.45
848.5	-21.68
848.8	-0.85
849.1	-12.78
849.4	3.13
849.7	-11.14
850	-18.63
850.4	-4.12
850.7	-30.1
851	31.45
851.3	5.71
851.6	3.13
851.9	-18.4
852.2	-13.95
852.5	10.62
852.9	7.11
853.2	16.47
853.5	-19.57
853.8	44.33
854.1	16.24
854.4	2.43
854.7	7.58
855.1	4.3
855.4	16.47
855.7	6.64
856	25.6
856.3	-23.78
856.6	14.84
856.9	12.03
857.2	10.16
857.5	-22.85
857.9	-32.68
858.2	-18.63
858.5	14.13
858.8	-23.55
859.1	-31.74
859.4	-0.14
859.7	23.26
860	7.81
860.4	-3.89
860.7	-2.72
861	-10.44
861.3	4.77
861.6	11.56
861.9	5.71
862.2	4.07
862.5	-12.55
862.8	9.45
863.2	-9.51
863.5	16.01
863.8	20.69
864.1	5.01
864.4	15.07
864.7	-5.99
865	21.39
865.3	20.22
865.6	-31.74
866	1.73
866.3	8.75
866.6	1.5
866.9	1.73
867.2	10.16
867.5	-9.04
867.8	3.37
868.1	2.9
868.4	9.45
868.7	0.79
869.1	12.26
869.4	15.07
869.7	14.84
870	1.5
870.3	9.69
870.6	-8.33
870.9	-29.4
871.2	4.3
871.5	20.69
871.8	-4.36
872.1	12.5
872.5	5.47
872.8	1.96
873.1	15.54
873.4	7.81
873.7	-4.36
874	-11.61
874.3	-2.02
874.6	13.9
874.9	29.82
875.2	18.11
875.6	-18.4
875.9	-3.19
876.2	-6.46
876.5	3.13
876.8	5.24
877.1	0.79
877.4	-12.31
877.7	6.88
878	5.94
878.3	24.67
878.6	-7.87
878.9	9.45
879.3	-24.72
879.6	17.88
879.9	-1.55
880.2	-0.61
880.5	3.84
880.8	6.64
881.1	4.3
881.4	-35.02
881.7	-14.65
882	7.35
882.3	3.84
882.6	4.54
882.9	-30.1
883.3	9.22
883.6	-9.04
883.9	18.58
884.2	-5.29
884.5	5.71
884.8	10.86
885.1	-21.91
885.4	-4.36
885.7	-11.85
886	-8.8
886.3	-36.89
886.6	-5.99
886.9	11.09
887.2	-14.19
887.6	2.2
887.9	-6.7
888.2	-26.12
888.5	-13.25
888.8	1.96
889.1	25.37
889.4	34.5
889.7	-14.42
890	2.2
890.3	1.96
890.6	-6.23
890.9	-17.46
891.2	-5.29
891.5	-8.8
891.8	22.33
892.1	-2.95
892.5	12.73
892.8	43.39
893.1	-19.1
893.4	-13.25
893.7	12.96
894	-1.78
894.3	4.54
894.6	-11.61
894.9	-8.33
895.2	-7.16
895.5	-25.42
895.8	4.3
896.1	7.35
896.4	-6.7
896.7	-20.27
897	-16.29
897.3	-13.95
897.6	-10.44
897.9	49.48
898.3	3.13
898.6	20.92
898.9	7.81
899.2	11.33
899.5	-13.02
899.8	8.75
900.1	-21.21
900.4	1.26
900.7	10.16
901	-11.61
901.3	19.52
901.6	-18.4
901.9	-2.48
902.2	-15.59
902.5	15.3
902.8	-5.29
903.1	0.33
903.4	3.84
903.7	-2.48
904	4.54
904.3	-1.78
904.6	-26.36
904.9	-24.95
905.2	6.88
905.6	-51.87
905.9	-22.61
906.2	-9.27
906.5	-2.48
906.8	-18.4
907.1	-17.46
907.4	-16.76
907.7	-0.61
908	-13.95
908.3	-41.8
908.6	1.03
908.9	1.03
909.2	2.9
909.5	21.16
909.8	-24.25
910.1	16.01
910.4	-28.46
910.7	-3.19
911	28.65
911.3	-9.04
911.6	-14.42
911.9	-11.14
912.2	-35.02
912.5	-7.4
912.8	-21.91
913.1	-13.48
913.4	3.13
913.7	13.43
914	6.64
914.3	-5.29
914.6	-8.8
914.9	-15.12
915.2	-10.21
915.5	17.41
915.8	-10.91
916.1	-21.68
916.4	8.05
916.7	0.56
917	-19.1
917.3	23.73
917.6	5.01
917.9	-1.55
918.2	-35.25
918.5	3.13
918.8	-17.7
919.1	-22.85
919.5	-2.25
919.8	-7.87
920.1	-9.51
920.4	-23.78
920.7	-11.85
921	-4.12
921.3	-5.53
921.6	-5.76
921.9	6.88
922.2	-11.85
922.5	4.77
922.8	-5.53
923.1	17.65
923.4	-15.36
923.7	-3.89
924	9.45
924.3	-11.61
924.6	-12.78
924.9	3.37
925.2	-2.95
925.5	-2.72
925.8	-22.38
926.1	-4.36
926.4	12.5
926.7	-8.8
927	-29.87
927.3	2.9
927.6	6.41
927.9	8.52
928.2	1.73
928.4	-10.44
928.7	-5.53
929	37.07
929.3	25.6
929.6	19.75
929.9	-0.85
930.2	-6.46
930.5	-7.63
930.8	-13.95
931.1	9.22
931.4	-20.51
931.7	-14.65
932	-22.38
932.3	-13.02
932.6	8.75
932.9	16.24
933.2	30.28
933.5	8.99
933.8	-0.38
934.1	-18.17
934.4	-14.89
934.7	-2.72
935	34.5
935.3	-7.4
935.6	-20.74
935.9	9.22
936.2	12.96
936.5	-16.53
936.8	11.33
937.1	11.09
937.4	1.26
937.7	0.79
938	9.22
938.3	-4.12
938.6	0.56
938.9	1.96
939.2	1.26
939.5	-9.27
939.8	-18.4
940.1	-2.48
940.4	-16.99
940.7	-27.53
941	1.73
941.3	7.35
941.6	-30.1
941.9	5.47
942.2	19.28
942.4	2.67
942.7	-15.36
943	5.94
943.3	9.69
943.6	-16.29
943.9	-16.53
944.2	8.75
944.5	9.69
944.8	-19.1
945.1	-13.02
945.4	-23.78
945.7	-6.7
946	8.99
946.3	7.11
946.6	7.58
946.9	6.88
947.2	10.39
947.5	8.75
947.8	-9.74
948.1	-8.57
948.4	-24.25
948.7	-26.59
949	-24.02
949.2	-5.06
949.5	9.45
949.8	35.43
950.1	14.84
950.4	-0.14
950.7	-10.44
951	-4.82
951.3	-8.1
951.6	4.54
951.9	-31.04
952.2	3.84
952.5	9.92
952.8	-25.65
953.1	0.79
953.4	21.16
953.7	2.67
954	26.31
954.3	-34.08
954.6	-8.57
954.8	-18.17
955.1	-5.06
955.4	-8.57
955.7	30.52
956	8.28
956.3	5.24
956.6	-27.06
956.9	13.2
957.2	-16.76
957.5	-13.02
957.8	-16.29
958.1	-3.42
958.4	4.07
958.7	-6.7
959	6.18
959.2	-12.08
959.5	5.71
959.8	-28.93
960.1	-15.82
960.4	1.73
960.7	2.43
961	-0.61
961.3	-2.95
961.6	-2.48
961.9	-10.44
962.2	22.33
962.5	-4.12
962.8	-26.59
963.1	-1.08
963.3	16.94
963.6	15.77
963.9	-16.06
964.2	2.2
964.5	6.64
964.8	-186.92
965.1	12.73
965.4	8.05
965.7	-12.31
966	-7.16
966.3	4.07
966.6	16.01
966.9	-2.25
967.1	-2.95
967.4	5.71
967.7	-5.76
968	44.09
968.3	-1.08
968.6	-15.12
968.9	-0.14
969.2	-7.87
969.5	16.24
969.8	-28
970.1	12.03
970.3	0.33
970.6	-6.46
970.9	5.47
971.2	2.43
971.5	25.13
971.8	-7.87
972.1	-4.59
972.4	12.26
972.7	-4.59
973	12.26
973.3	8.28
973.5	0.79
973.8	8.52
974.1	6.88
974.4	3.6
974.7	6.88
975	-2.02
975.3	1.03
975.6	-9.51
975.9	-1.08
976.2	-3.42
976.4	20.92
976.7	-5.53
977	-15.59
977.3	-16.06
977.6	4.3
977.9	-6.46
978.2	15.07
978.5	18.35
978.8	-2.25
979	-8.1
979.3	1.5
979.6	6.64
979.9	5.01
980.2	-6.93
980.5	13.43
980.8	1.03
981.1	3.13
981.4	1.26
981.6	-207.98
981.9	8.99
982.2	27.48
982.5	-14.65
982.8	-8.8
983.1	2.67
983.4	15.3
983.7	8.28
984	15.07
984.2	-9.04
984.5	-11.14
984.8	-4.12
985.1	6.18
985.4	-2.95
985.7	-9.27
986	-0.61
986.3	5.71
986.5	1.5
986.8	4.07
987.1	-8.1
987.4	-1.31
987.7	-34.78
988	-46.02
988.3	-4.59
988.6	-17.46
988.8	-12.08
989.1	7.11
989.4	16.01
989.7	29.82
990	-2.25
990.3	26.54
990.6	24.43
990.9	-11.61
991.1	8.28
991.4	5.01
991.7	-2.72
992	-1.55
992.3	-6.46
992.6	22.56
992.9	3.84
993.1	-4.12
993.4	21.62
993.7	4.3
994	-14.42
994.3	-16.99
994.6	3.6
994.9	-9.04
995.1	-0.61
995.4	-24.95
995.7	27.94
996	-1.31
996.3	1.73
996.6	-13.95
996.9	-21.68
997.1	7.11
997.4	1.73
997.7	-30.1
998	-13.25
998.3	1.03
998.6	-3.89
998.9	25.84
999.1	-11.85
999.4	-30.57
999.7	9.69
1000	-1.78
1000.3	-7.4
1000.6	-16.53
1000.8	-8.57
1001.1	2.2
1001.4	12.73
1001.7	-27.76
1002	-7.4
1002.3	-12.08
1002.6	1.03
1002.8	-4.36
1003.1	12.03
1003.4	-32.21
1003.7	-3.89
1004	-21.68
1004.3	-30.34
1004.5	-34.31
1004.8	-11.61
1005.1	2.9
1005.4	-3.65
1005.7	6.18
1006	-6.7
1006.2	-4.12
1006.5	23.03
1006.8	-11.85
1007.1	-12.31
1007.4	0.33
1007.7	8.99
1007.9	-23.31
1008.2	-18.17
1008.5	-2.95
1008.8	20.22
1009.1	-6.46
1009.4	-11.14
1009.6	-30.1
1009.9	-27.06
1010.2	3.13
1010.5	5.01
1010.8	-3.42
1011.1	20.69
1011.3	-9.04
1011.6	-8.8
1011.9	-13.95
1012.2	13.43
1012.5	4.07
1012.7	-6.46
1013	4.54
1013.3	-12.31
1013.6	-5.29
1013.9	-13.48
1014.2	-39.46
1014.4	-14.19
1014.7	-0.61
1015	-19.34
1015.3	9.69
1015.6	-21.44
1015.8	2.43
1016.1	-19.1
1016.4	5.94
1016.7	14.13
1017	8.52
1017.2	0.09
1017.5	-8.57
1017.8	1.96
1018.1	-14.89
1018.4	-3.65
1018.7	-6.7
1018.9	-10.91
1019.2	10.86
1019.5	17.88
1019.8	4.07
1020.1	9.92
1020.3	-28.46
1020.6	-3.65
1020.9	-3.65
1021.2	-3.65
