340.2	-10.6
340.6	-10.6
340.9	-10.6
341.3	9.3
341.7	6.02
342.1	17.72
342.4	-43.13
342.8	4.85
343.2	-24.17
343.6	-5.21
343.9	-18.79
344.3	0.64
344.7	24.98
345.1	6.25
345.4	2.04
345.8	19.13
346.2	-28.39
346.6	60.55
346.9	22.87
347.3	-4.04
347.7	19.83
348	-8.96
348.4	-5.68
348.8	-19.26
349.2	-6.38
349.5	-10.6
349.9	-13.17
350.3	-12.47
350.7	6.49
351	-14.58
351.4	-44.77
351.8	-37.98
352.2	-3.34
352.5	2.28
352.9	-0.53
353.3	9.77
353.6	-9.9
354	21.23
354.4	2.28
354.8	0.64
355.1	-5.21
355.5	-18.32
355.9	16.32
356.3	11.4
356.6	-9.43
357	-1.7
357.4	13.74
357.8	4.62
358.1	-11.07
358.5	-7.79
358.9	-19.02
359.2	5.32
359.6	-6.62
360	-7.55
360.4	6.02
360.7	-14.81
361.1	-7.09
361.5	3.21
361.9	11.87
362.2	-15.75
362.6	19.13
363	-1.24
363.3	11.17
363.7	-17.15
364.1	-11.77
364.5	1.81
364.8	15.15
365.2	-1.24
365.6	-4.28
366	-1
366.3	43.47
366.7	10.7
367.1	-12
367.4	9.3
367.8	-20.66
368.2	8.59
368.6	-18.32
368.9	2.98
369.3	-15.98
369.7	-12.47
370	-18.79
370.4	5.32
370.8	2.28
371.2	-17.62
371.5	10.23
371.9	-17.38
372.3	-4.75
372.6	7.66
373	3.45
373.4	51.66
373.8	2.98
374.1	-20.9
374.5	11.4
374.9	-2.17
375.2	-11.07
375.6	-3.58
376	-7.79
376.4	-6.85
376.7	-4.98
377.1	-20.9
377.5	-21.13
377.8	-3.58
378.2	-1
378.6	-10.83
379	14.91
379.3	-22.3
379.7	6.72
380.1	5.08
380.4	-4.98
380.8	-20.43
381.2	-8.49
381.6	-7.55
381.9	-14.81
382.3	32.23
382.7	9.53
383	-18.56
383.4	-16.45
383.8	-13.87
384.2	21.47
384.5	6.96
384.9	17.96
385.3	-11.53
385.6	-10.83
386	-12.24
386.4	-5.68
386.7	18.19
387.1	38.32
387.5	-1.47
387.9	11.87
388.2	7.19
388.6	-6.62
389	12.34
389.3	10
389.7	-13.64
390.1	-32.36
390.5	-18.32
390.8	10.7
391.2	-10.13
391.6	-8.72
391.9	-25.34
392.3	2.51
392.7	8.59
393	-8.96
393.4	-3.11
393.8	5.55
394.2	-8.26
394.5	-14.11
394.9	-1.47
395.3	-27.22
395.6	20.77
396	-17.85
396.4	7.42
396.7	-17.15
397.1	-20.43
397.5	-15.75
397.8	13.28
398.2	-14.34
398.6	-12
399	-16.92
399.3	10.23
399.7	-4.04
400.1	-14.81
400.4	-18.56
400.8	-4.98
401.2	3.21
401.5	-14.34
401.9	16.08
402.3	-15.98
402.7	14.45
403	-18.79
403.4	-3.58
403.8	-0.07
404.1	-19.73
404.5	16.08
404.9	2.98
405.2	-14.11
405.6	5.79
406	-18.79
406.3	9.06
406.7	10
407.1	-2.17
407.4	1.34
407.8	-4.04
408.2	21
408.6	-1.94
408.9	4.15
409.3	9.53
409.7	6.49
410	-13.17
410.4	-15.28
410.8	8.59
411.1	4.62
411.5	9.77
411.9	143.41
412.2	24.98
412.6	8.36
413	-2.64
413.3	47.92
413.7	0.87
414.1	27.32
414.4	-26.28
414.8	47.21
415.2	40.89
415.5	31.53
415.9	31.53
416.3	52.13
416.7	10.47
417	41.6
417.4	22.4
417.8	79.98
418.1	24.51
418.5	21.23
418.9	63.13
419.2	76.7
419.6	65
420	60.32
420.3	81.85
420.7	88.17
421.1	102.22
421.4	79.28
421.8	86.53
422.2	72.49
422.5	85.36
422.9	107.6
423.3	73.9
423.6	126.79
424	2.74
424.4	-33.07
424.7	69.68
425.1	127.73
425.5	115.56
425.8	107.37
426.2	110.64
426.6	92.39
426.9	111.11
427.3	139.66
427.7	127.96
428	109.47
428.4	125.39
428.8	117.2
429.1	124.22
429.5	154.18
429.9	153.94
430.2	122.81
430.6	166.11
431	134.75
431.3	193.26
431.7	180.39
432.1	182.5
432.4	183.2
432.8	192.8
433.2	190.69
433.5	216.43
433.9	219.01
434.3	194.43
434.6	217.37
435	225.33
435.4	202.86
435.7	232.12
436.1	239.14
436.5	200.28
436.8	201.92
437.2	243.12
437.6	175.24
437.9	182.03
438.3	184.84
438.7	212.22
439	224.63
439.4	184.84
439.8	214.09
440.1	194.43
440.5	197.71
440.9	148.56
441.2	195.14
441.6	168.92
442	169.39
442.3	127.96
442.7	139.66
443.1	128.9
443.4	137.32
443.8	98.94
444.1	114.86
444.5	115.09
444.9	113.69
445.2	73.19
445.6	54.7
446	70.62
446.3	41.13
446.7	44.17
447.1	63.83
447.4	59.38
447.8	30.36
448.2	54
448.5	55.41
448.9	12.34
449.3	45.81
449.6	41.6
450	35.75
450.4	34.34
450.7	41.36
451.1	3.68
451.4	22.64
451.8	19.6
452.2	12.34
452.5	-2.87
452.9	9.53
453.3	5.79
453.6	-1.94
454	-3.34
454.4	2.04
454.7	-20.43
455.1	12.11
455.5	17.96
455.8	-21.83
456.2	8.13
456.5	-6.38
456.9	17.02
457.3	0.64
457.6	6.25
458	8.59
458.4	22.87
458.7	-13.41
459.1	-8.49
459.5	4.15
459.8	13.98
460.2	12.81
460.5	-12.24
460.9	-1
461.3	29.19
461.6	8.83
462	6.72
462.4	20.06
462.7	30.83
463.1	2.74
463.5	-12.47
463.8	0.87
464.2	10.47
464.5	13.74
464.9	10.7
465.3	13.04
465.6	17.72
466	9.06
466.4	-11.3
466.7	6.96
467.1	-8.72
467.5	-5.21
467.8	-22.53
468.2	-4.75
468.5	5.32
468.9	17.02
469.3	6.25
469.6	3.21
470	2.98
470.4	13.28
470.7	-25.58
471.1	5.08
471.4	-5.21
471.8	2.98
472.2	3.45
472.5	19.6
472.9	5.79
473.3	16.55
473.6	-10.13
474	20.3
474.3	-4.98
474.7	-15.98
475.1	-4.98
475.4	26.15
475.8	-10.13
476.2	-9.19
476.5	25.45
476.9	2.04
477.2	-5.68
477.6	-6.85
478	12.57
478.3	4.62
478.7	8.13
479.1	-15.75
479.4	-7.79
479.8	14.21
480.1	-8.72
480.5	12.57
480.9	18.19
481.2	-29.79
481.6	17.72
481.9	9.77
482.3	0.17
482.7	-0.53
483	3.45
483.4	13.51
483.8	-1.94
484.1	12.11
484.5	-22.3
484.8	-3.58
485.2	-5.21
485.6	13.28
485.9	35.75
486.3	31.06
486.6	22.4
487	6.49
487.4	20.53
487.7	12.11
488.1	11.4
488.5	23.81
488.8	-0.77
489.2	16.32
489.5	-11.3
489.9	27.09
490.3	25.45
490.6	24.28
491	16.79
491.3	38.32
491.7	1.81
492.1	22.4
492.4	27.32
492.8	46.04
493.1	27.55
493.5	34.34
493.9	19.36
494.2	63.6
494.6	27.55
494.9	13.28
495.3	18.43
495.7	15.62
496	32.23
496.4	25.68
496.7	81.15
497.1	49.55
497.5	33.17
497.8	52.83
498.2	73.43
498.5	27.79
498.9	61.26
499.3	39.72
499.6	56.11
500	76.47
500.3	95.9
500.7	57.04
501.1	76.47
501.4	63.36
501.8	85.36
502.1	48.62
502.5	85.83
502.9	85.83
503.2	83.73
503.6	101.05
503.9	67.34
504.3	78.34
504.7	97.54
505	107.13
505.4	112.98
505.7	134.05
506.1	140.37
506.5	120.71
506.8	122.58
507.2	145.98
507.5	136.62
507.9	140.13
508.2	138.73
508.6	140.84
509	161.43
509.3	172.9
509.7	135.92
510	159.56
510.4	182.96
510.8	150.67
511.1	200.52
511.5	193.97
511.8	179.69
512.2	196.54
512.6	211.29
512.9	213.16
513.3	201.69
513.6	203.09
514	223.46
514.3	228.61
514.7	241.01
515.1	218.54
515.4	248.5
515.8	220.41
516.1	199.35
516.5	280.8
516.9	287.35
517.2	250.37
517.6	248.5
517.9	281.5
518.3	257.86
518.6	261.84
519	270.27
519.4	257.63
519.7	254.12
520.1	277.29
520.4	296.01
520.8	307.72
521.1	283.84
521.5	301.4
521.9	301.4
522.2	297.42
522.6	297.89
522.9	341.65
523.3	313.8
523.6	312.63
524	316.38
524.4	344.7
524.7	335.57
525.1	340.72
525.4	345.4
525.8	358.51
526.2	359.91
526.5	362.72
526.9	359.91
527.2	364.82
527.6	383.55
527.9	358.27
528.3	340.48
528.6	342.82
529	351.25
529.4	378.17
529.7	386.36
530.1	393.38
530.4	376.06
530.8	404.38
531.1	404.15
531.5	424.51
531.9	377.7
532.2	430.59
532.6	427.78
532.9	399.93
533.3	432.47
533.6	411.17
534	412.81
534.4	622.28
534.7	447.45
535.1	400.63
535.4	421
535.8	433.17
536.1	460.55
536.5	436.68
536.8	474.36
537.2	446.28
537.6	449.55
537.9	402.27
538.3	471.55
538.6	443.47
539	473.89
539.3	490.28
539.7	445.1
540	433.64
540.4	457.04
540.8	452.83
541.1	610.35
541.5	471.79
541.8	476.47
542.2	438.32
542.5	479.51
542.9	494.72
543.2	505.26
543.6	467.57
544	504.55
544.3	460.79
544.7	501.75
545	479.74
545.4	498
545.7	468.04
546.1	510.87
546.4	505.96
546.8	479.74
547.2	507.13
547.5	502.68
547.9	490.28
548.2	483.72
548.6	505.49
548.9	508.53
549.3	502.68
549.6	490.51
550	511.11
550.3	494.02
550.7	485.83
551.1	474.6
551.4	530.53
551.8	483.72
552.1	507.13
552.5	526.79
552.8	508.53
553.2	509.47
553.5	512.04
553.9	504.09
554.2	508.3
554.6	475.06
554.9	531.24
555.3	541.77
555.7	516.96
556	508.3
556.4	479.28
556.7	494.26
557.1	491.45
557.4	497.77
557.8	514.62
558.1	501.75
558.5	480.21
558.8	526.56
559.2	497.3
559.5	493.79
559.9	502.21
560.3	498.94
560.6	511.34
561	489.11
561.3	478.11
561.7	492.85
562	502.21
562.4	492.85
562.7	493.55
563.1	487.94
563.4	495.19
563.8	510.64
564.1	496.6
564.5	469.91
564.8	469.21
565.2	487.23
565.5	490.51
565.9	493.55
566.3	491.45
566.6	509.7
567	514.62
567.3	488.4
567.7	487.47
568	499.64
568.4	483.96
568.7	461.49
569.1	451.42
569.4	480.21
569.8	466.4
570.1	493.32
570.5	494.96
570.8	484.19
571.2	500.11
571.5	442.3
571.9	419.36
572.2	463.13
572.6	485.13
572.9	489.34
573.3	483.26
573.6	462.19
574	476.94
574.4	455.17
574.7	468.98
575.1	496.83
575.4	476.47
575.8	458.45
576.1	450.72
576.5	439.49
576.8	485.83
577.2	474.36
577.5	436.21
577.9	519.53
578.2	460.55
578.6	456.81
578.9	461.49
579.3	461.25
579.6	440.89
580	443.7
580.3	455.4
580.7	462.19
581	434.81
581.4	426.61
581.7	423.57
582.1	450.49
582.4	470.85
582.8	422.87
583.1	437.62
583.5	435.74
583.8	420.76
584.2	417.02
584.5	434.57
584.9	448.38
585.2	445.57
585.6	436.68
585.9	431.53
586.3	445.57
586.6	415.85
587	397.59
587.3	438.08
587.7	408.59
588	409.53
588.4	400.17
588.7	423.81
589.1	415.38
589.4	422.87
589.8	409.06
590.1	385.89
590.5	413.51
590.8	415.38
591.2	396.19
591.5	400.63
591.9	394.08
592.2	422.87
592.6	418.42
592.9	404.38
593.3	387.53
593.6	399.93
594	413.04
594.3	400.87
594.7	395.49
595	373.25
595.4	364.12
595.7	398.06
596.1	389.63
596.4	394.55
596.8	388.46
597.1	386.36
597.5	395.72
597.8	377.93
598.2	413.27
598.5	359.21
598.9	362.72
599.2	361.78
599.6	367.87
599.9	397.12
600.3	370.68
600.6	366.7
601	367.4
601.3	352.89
601.7	333.46
602	355.93
602.4	351.72
602.7	358.51
603.1	361.78
603.4	340.25
603.8	311.69
604.1	337.44
604.5	328.55
604.8	346.57
605.1	348.21
605.5	370.44
605.8	352.65
606.2	333.7
606.5	315.44
606.9	341.42
607.2	300.23
607.6	346.8
607.9	331.82
608.3	343.06
608.6	316.84
609	319.65
609.3	310.06
609.7	314.5
610	343.29
610.4	318.72
610.7	330.42
611.1	321.06
611.4	343.76
611.8	312.86
612.1	320.35
612.5	292.74
612.8	298.59
613.1	300.93
613.5	307.01
613.8	270.97
614.2	292.27
614.5	329.01
614.9	290.4
615.2	302.57
615.6	273.08
615.9	283.84
616.3	276.59
616.6	296.48
617	281.03
617.3	299.76
617.7	307.95
618	304.91
618.3	314.03
618.7	280.8
619	284.54
619.4	253.65
619.7	264.18
620.1	290.63
620.4	292.97
620.8	291.33
621.1	290.16
621.5	252.24
621.8	286.18
622.2	280.57
622.5	263.01
622.8	280.33
623.2	272.14
623.5	252.01
623.9	287.35
624.2	245.22
624.6	262.07
624.9	235.16
625.3	271.2
625.6	233.05
626	236.8
626.3	243.58
626.7	234.69
627	221.82
627.3	278.46
627.7	245.93
628	251.78
628.4	225.56
628.7	242.88
629.1	215.97
629.4	259.73
629.8	237.5
630.1	240.78
630.5	211.05
630.8	188.11
631.1	247.8
631.5	217.84
631.8	200.52
632.2	225.09
632.5	221.12
632.9	212.22
633.2	234.69
633.6	222.52
633.9	245.69
634.2	203.33
634.6	194.43
634.9	185.07
635.3	211.75
635.6	193.73
636	174.54
636.3	195.14
636.7	206.6
637	182.96
637.3	215.5
637.7	217.84
638	180.62
638.4	192.09
638.7	202.63
639.1	198.18
639.4	210.58
639.8	178.52
640.1	202.63
640.4	194.9
640.8	169.39
641.1	195.37
641.5	191.86
641.8	161.43
642.2	174.07
642.5	173.13
642.8	169.62
643.2	199.82
643.5	141.54
643.9	184.14
644.2	194.9
644.6	169.62
644.9	162.37
645.3	159.33
645.6	198.88
645.9	199.35
646.3	153.01
646.6	169.16
647	166.35
647.3	139.43
647.7	130.07
648	135.69
648.3	136.39
648.7	123.75
649	190.22
649.4	164.24
649.7	149.5
650.1	126.32
650.4	156.52
650.7	145.28
651.1	141.3
651.4	116.26
651.8	146.92
652.1	121.17
652.4	117.2
652.8	124.69
653.1	136.62
653.5	129.83
653.8	138.49
654.2	151.6
654.5	134.28
654.8	113.45
655.2	101.05
655.5	151.13
655.9	131.94
656.2	139.9
656.6	118.13
656.9	136.39
657.2	127.96
657.6	79.98
657.9	137.09
658.3	132.64
658.6	101.51
658.9	119.54
659.3	136.15
659.6	107.83
660	123.28
660.3	92.15
660.7	88.64
661	103.62
661.3	137.56
661.7	119.07
662	112.28
662.4	67.11
662.7	93.09
663	87
663.4	109.24
663.7	30.13
664.1	68.98
664.4	94.73
664.7	69.92
665.1	119.54
665.4	85.36
665.8	135.45
666.1	119.77
666.4	88.41
666.8	89.58
667.1	67.34
667.5	84.43
667.8	92.62
668.1	93.09
668.5	87.24
668.8	89.11
669.2	76.24
669.5	87
669.8	93.32
670.2	90.05
670.5	71.79
670.9	66.41
671.2	102.92
671.5	76
671.9	35.51
672.2	82.09
672.6	99.17
672.9	69.68
673.2	85.13
673.6	65.24
673.9	96.13
674.3	60.55
674.6	91.45
674.9	101.98
675.3	92.62
675.6	96.83
676	154.64
676.3	78.58
676.6	56.34
677	105.73
677.3	54.7
677.7	75.07
678	59.62
678.3	75.07
678.7	76.47
679	76.94
679.4	50.02
679.7	75.53
680	83.02
680.4	56.11
680.7	73.19
681	88.88
681.4	64.53
681.7	67.58
682.1	70.85
682.4	61.26
682.7	47.92
683.1	68.51
683.4	90.98
683.8	95.66
684.1	58.45
684.4	57.98
684.8	39.96
685.1	49.55
685.4	64.77
685.8	75.07
686.1	61.02
686.5	81.39
686.8	56.81
687.1	55.64
687.5	47.21
687.8	55.17
688.1	70.85
688.5	49.55
688.8	56.58
689.2	32.94
689.5	45.34
689.8	-178.18
690.2	34.81
690.5	38.55
690.8	60.32
691.2	63.83
691.5	48.85
691.9	38.79
692.2	71.79
692.5	36.92
692.9	24.98
693.2	53.77
693.5	21.7
693.9	32.94
694.2	48.85
694.6	53.07
694.9	40.66
695.2	19.13
695.6	40.43
695.9	10.47
696.2	12.57
696.6	38.55
696.9	40.66
697.2	42.53
697.6	72.96
697.9	-1.94
698.3	14.21
698.6	38.09
698.9	39.96
699.3	39.02
699.6	6.49
699.9	46.98
700.3	34.81
700.6	46.04
700.9	20.06
701.3	16.79
701.6	17.72
702	16.32
702.3	44.17
702.6	31.53
703	14.91
703.3	33.17
703.6	27.09
704	25.21
704.3	33.64
704.6	-0.53
705	10.23
705.3	3.68
705.6	38.79
706	42.77
706.3	4.85
706.6	47.92
707	18.89
707.3	40.43
707.7	11.4
708	44.64
708.3	14.45
708.7	32.7
709	29.89
709.3	17.72
709.7	15.15
710	32.47
710.3	18.89
710.7	21.94
711	55.17
711.3	-14.81
711.7	35.98
712	-2.17
712.3	14.21
712.7	35.51
713	43
713.3	-10.13
713.7	12.11
714	33.17
714.3	6.49
714.7	20.53
715	21.23
715.3	19.13
715.7	19.13
716	56.81
716.3	19.13
716.7	28.96
717	29.43
717.3	26.38
717.7	38.55
718	27.32
718.4	28.96
718.7	26.85
719	-6.85
719.4	39.02
719.7	17.49
720	24.04
720.4	24.74
720.7	49.79
721	-19.02
721.3	17.96
721.7	17.25
722	7.42
722.3	3.45
722.7	15.38
723	-1.7
723.3	4.15
723.7	21.47
724	23.34
724.3	7.19
724.7	-2.17
725	6.49
725.3	12.57
725.7	35.75
726	29.19
726.3	24.74
726.7	25.91
727	40.66
727.3	11.64
727.7	-18.56
728	20.3
728.3	-29.79
728.7	28.72
729	10.23
729.3	37.85
729.7	31.06
730	10.7
730.3	0.87
730.7	7.66
731	15.38
731.3	-4.75
731.7	8.59
732	26.85
732.3	10.47
732.6	0.64
733	20.3
733.3	1.57
733.6	14.45
734	12.57
734.3	-6.15
734.6	-0.77
735	21.47
735.3	-1
735.6	-11.07
736	12.11
736.3	10.94
736.6	1.11
737	-5.68
737.3	15.38
737.6	39.96
737.9	-13.64
738.3	23.11
738.6	-12
738.9	9.53
739.3	-7.32
739.6	11.87
739.9	-15.28
740.3	13.51
740.6	2.98
740.9	-5.45
741.2	3.45
741.6	3.21
741.9	-1.7
742.2	-4.98
742.6	-5.92
742.9	8.83
743.2	15.15
743.6	-24.87
743.9	12.11
744.2	15.38
744.6	22.87
744.9	10.23
745.2	-27.45
745.5	-26.98
745.9	22.87
746.2	-4.75
746.5	18.66
746.9	30.6
747.2	11.87
747.5	0.64
747.8	1.11
748.2	25.68
748.5	34.34
748.8	24.04
749.2	7.89
749.5	29.89
749.8	-12.47
750.1	10.47
750.5	-7.79
750.8	1.11
751.1	2.74
751.5	0.17
751.8	1.57
752.1	-8.02
752.5	13.51
752.8	16.32
753.1	2.28
753.4	11.4
753.8	3.45
754.1	-15.75
754.4	4.85
754.7	9.77
755.1	-4.28
755.4	-4.51
755.7	2.74
756.1	13.04
756.4	28.26
756.7	4.38
757	15.62
757.4	-25.11
757.7	-19.02
758	2.28
758.4	-1.94
758.7	13.28
759	18.89
759.3	-24.17
759.7	27.55
760	31.06
760.3	14.45
760.7	13.98
761	24.98
761.3	24.74
761.6	11.87
762	0.4
762.3	2.51
762.6	7.89
762.9	6.49
763.3	-35.88
763.6	20.06
763.9	-17.15
764.2	-8.26
764.6	-12.7
764.9	-9.66
765.2	12.81
765.6	32
765.9	-9.66
766.2	-28.85
766.5	11.64
766.9	-12.7
767.2	3.21
767.5	2.04
767.8	-3.81
768.2	-24.17
768.5	-7.32
768.8	24.74
769.1	-0.07
769.5	-6.85
769.8	-0.53
770.1	4.38
770.5	-13.17
770.8	-4.51
771.1	10
771.4	15.85
771.8	5.32
772.1	-8.02
772.4	16.32
772.7	0.4
773.1	-6.15
773.4	19.6
773.7	4.85
774	-29.56
774.4	8.13
774.7	12.81
775	-13.87
775.3	-4.75
775.7	17.02
776	7.19
776.3	-0.53
776.6	4.85
777	-33.07
777.3	3.91
777.6	7.19
777.9	6.72
778.3	-4.75
778.6	7.89
778.9	-9.43
779.2	-0.77
779.6	-32.13
779.9	6.96
780.2	16.32
780.5	-17.15
780.9	-16.45
781.2	1.57
781.5	-8.02
781.8	-12.7
782.2	-1.24
782.5	-15.28
782.8	10.94
783.1	5.08
783.4	6.72
783.8	17.72
784.1	6.25
784.4	29.66
784.7	7.89
785.1	32.7
785.4	-20.66
785.7	-10.36
786	7.19
786.4	-23.47
786.7	-8.26
787	-12.24
787.3	8.36
787.7	-27.68
788	0.17
788.3	41.36
788.6	-29.79
788.9	7.89
789.3	-24.87
789.6	-2.87
789.9	-7.09
790.2	6.96
790.6	11.64
790.9	-26.28
791.2	-4.75
791.5	11.64
791.9	28.26
792.2	10.7
792.5	-4.51
792.8	14.91
793.1	6.25
793.5	-14.81
793.8	-0.53
794.1	9.06
794.4	-5.21
794.8	7.42
795.1	8.59
795.4	-13.87
795.7	-37.51
796	9.3
796.4	2.04
796.7	27.32
797	10.47
797.3	-23.94
797.7	8.59
798	-20.9
798.3	-1.94
798.6	-10.6
798.9	-12
799.3	-0.77
799.6	-8.72
799.9	6.96
800.2	22.4
800.5	10
800.9	-7.79
801.2	3.91
801.5	-6.15
801.8	-5.45
802.2	10
802.5	-12.47
802.8	3.21
803.1	3.91
803.4	25.91
803.8	-6.38
804.1	5.32
804.4	7.66
804.7	6.72
805	6.72
805.4	-44.07
805.7	-23
806	2.98
806.3	6.25
806.6	-6.15
807	24.51
807.3	-1.7
807.6	11.64
807.9	13.74
808.2	-14.34
808.6	-24.87
808.9	37.15
809.2	6.96
809.5	-28.62
809.8	-14.58
810.2	1.11
810.5	-6.15
810.8	3.45
811.1	-6.38
811.4	26.85
811.8	5.08
812.1	-10.13
812.4	-16.92
812.7	10.94
813	0.64
813.4	-0.53
813.7	-12
814	1.11
814.3	-3.11
814.6	5.08
815	28.96
815.3	-21.6
815.6	-0.77
815.9	6.72
816.2	-1.24
816.5	4.85
816.9	-10.6
817.2	-4.51
817.5	-18.79
817.8	-19.73
818.1	23.57
818.5	-21.6
818.8	7.42
819.1	-15.04
819.4	0.4
819.7	-5.21
820.1	-6.38
820.4	-14.58
820.7	31.77
821	-4.04
821.3	-34.7
821.6	-13.87
822	-30.26
822.3	-37.51
822.6	-7.32
822.9	-12.94
823.2	-15.75
823.5	3.21
823.9	14.45
824.2	-12.94
824.5	20.77
824.8	8.59
825.1	1.11
825.5	24.98
825.8	-16.92
826.1	6.25
826.4	8.36
826.7	22.17
827	-0.3
827.4	5.55
827.7	-8.26
828	-22.77
828.3	12.81
828.6	-24.41
828.9	-9.43
829.3	2.74
829.6	-10.6
829.9	-24.87
830.2	-40.32
830.5	-3.34
830.8	-3.34
831.2	-14.11
831.5	6.25
831.8	-5.21
832.1	-8.96
832.4	-3.58
832.7	-11.3
833.1	-26.75
833.4	13.51
833.7	-11.07
834	-34
834.3	-13.17
834.6	4.38
835	15.62
835.3	-0.77
835.6	-19.26
835.9	-9.66
836.2	5.55
836.5	-15.75
836.8	-1.47
837.2	4.15
837.5	-32.6
837.8	-9.66
838.1	2.98
838.4	13.04
838.7	-4.75
839.1	21.7
839.4	-7.09
839.7	8.36
840	6.02
840.3	6.25
840.6	-287.48
840.9	-34.7
841.3	-26.51
841.6	-12.24
841.9	-6.62
842.2	5.32
842.5	-5.21
842.8	-12.24
843.1	13.98
843.5	-46.17
843.8	1.81
844.1	-5.21
844.4	-14.58
844.7	27.79
845	1.11
845.3	-28.85
845.7	-23
846	-35.88
846.3	-5.21
846.6	-18.09
846.9	-0.77
847.2	13.74
847.5	-20.43
847.9	1.57
848.2	38.32
848.5	-2.41
848.8	-22.53
849.1	-19.96
849.4	6.49
849.7	-3.81
850	-33.53
850.4	-1.24
850.7	-38.68
851	17.25
851.3	2.98
851.6	18.66
851.9	-2.41
852.2	-31.9
852.5	10.47
852.9	-7.32
853.2	-0.53
853.5	-11.53
853.8	25.91
854.1	-3.11
854.4	-12
854.7	-1.94
855.1	-7.79
855.4	-2.41
855.7	4.38
856	15.15
856.3	-3.34
856.6	14.45
856.9	5.55
857.2	11.87
857.5	-12
857.9	1.81
858.2	-32.6
858.5	-7.55
858.8	-34.7
859.1	-30.49
859.4	-16.21
859.7	2.28
860	-0.3
860.4	27.32
860.7	2.98
861	-1.94
861.3	-15.98
861.6	-2.41
861.9	-7.09
862.2	-2.64
862.5	-1
862.8	-6.62
863.2	-11.77
863.5	11.4
863.8	12.57
864.1	-1.94
864.4	10
864.7	-3.11
865	-1.47
865.3	4.15
865.6	25.68
866	5.08
866.3	1.57
866.6	-21.13
866.9	-14.81
867.2	14.45
867.5	6.49
867.8	17.49
868.1	-10.13
868.4	-4.04
868.7	-2.64
869.1	-0.77
869.4	3.91
869.7	15.85
870	1.57
870.3	2.98
870.6	-15.28
870.9	-7.55
871.2	-0.77
871.5	3.68
871.8	-5.21
872.1	18.19
872.5	20.06
872.8	6.72
873.1	1.57
873.4	5.08
873.7	4.38
874	8.59
874.3	-11.77
874.6	0.64
874.9	5.55
875.2	-19.73
875.6	-12.24
875.9	-31.19
876.2	-7.55
876.5	26.85
876.8	4.62
877.1	-15.75
877.4	7.42
877.7	-11.07
878	-3.58
878.3	44.64
878.6	2.28
878.9	24.74
879.3	-34.7
879.6	-10.13
879.9	-3.81
880.2	-15.04
880.5	-7.79
880.8	1.57
881.1	-17.15
881.4	-22.3
881.7	-5.68
882	4.15
882.3	-26.51
882.6	6.02
882.9	-23.24
883.3	-15.75
883.6	-17.38
883.9	10.7
884.2	7.66
884.5	6.49
884.8	11.64
885.1	-18.32
885.4	-2.41
885.7	-4.98
886	-1.47
886.3	-22.07
886.6	-15.98
886.9	-6.15
887.2	-8.02
887.6	-17.38
887.9	-1.24
888.2	-19.73
888.5	-15.51
888.8	21
889.1	-20.9
889.4	17.49
889.7	-5.92
890	-0.3
890.3	7.42
890.6	-12.7
890.9	13.04
891.2	22.17
891.5	16.32
891.8	6.96
892.1	-13.64
892.5	0.17
892.8	34.57
893.1	0.17
893.4	-5.21
893.7	10.23
894	9.3
894.3	0.64
894.6	7.89
894.9	-2.64
895.2	-14.34
895.5	-14.58
895.8	-1.7
896.1	11.17
896.4	8.36
896.7	-26.51
897	-11.77
897.3	-8.49
897.6	-13.64
897.9	33.64
898.3	-10.6
898.6	1.81
898.9	-12.47
899.2	5.55
899.5	10.94
899.8	13.98
900.1	-1.7
900.4	-7.32
900.7	2.74
901	4.62
901.3	10.47
901.6	-13.17
901.9	-6.85
902.2	-2.41
902.5	12.57
902.8	5.32
903.1	3.91
903.4	3.45
903.7	-8.49
904	6.02
904.3	-12.47
904.6	-10.6
904.9	-16.92
905.2	11.87
905.6	-27.68
905.9	-9.43
906.2	-38.68
906.5	-7.55
906.8	-10.83
907.1	-10.83
907.4	-18.56
907.7	-25.11
908	-21.83
908.3	-26.28
908.6	2.51
908.9	-32.83
909.2	-8.72
909.5	-22.77
909.8	8.13
910.1	-14.58
910.4	-21.13
910.7	0.87
911	-2.17
911.3	5.32
911.6	-20.19
911.9	-1.47
912.2	-26.51
912.5	-0.07
912.8	-23.47
913.1	0.87
913.4	20.3
913.7	-17.15
914	22.87
914.3	6.96
914.6	-6.38
914.9	-7.55
915.2	7.66
915.5	2.98
915.8	-26.75
916.1	-15.04
916.4	-15.51
916.7	-27.22
917	13.04
917.3	25.91
917.6	-2.87
917.9	5.08
918.2	-15.04
918.5	-7.55
918.8	-16.92
919.1	-25.81
919.5	27.55
919.8	-0.07
920.1	-13.64
920.4	-28.62
920.7	-0.53
921	-27.22
921.3	-1
921.6	-2.41
921.9	9.77
922.2	17.96
922.5	-14.11
922.8	-1.94
923.1	12.34
923.4	-6.38
923.7	-9.9
924	11.17
924.3	-33.53
924.6	1.81
924.9	3.91
925.2	6.96
925.5	9.53
925.8	-7.32
926.1	-6.38
926.4	-2.17
926.7	6.96
927	-23.94
927.3	10.94
927.6	2.74
927.9	-12.47
928.2	-1
928.4	-35.41
928.7	-48.98
929	38.32
929.3	15.85
929.6	-0.07
929.9	6.96
930.2	-0.53
930.5	-20.19
930.8	11.17
931.1	9.3
931.4	-13.41
931.7	1.11
932	-15.75
932.3	-19.73
932.6	3.21
932.9	33.87
933.2	5.79
933.5	3.91
933.8	14.21
934.1	-21.13
934.4	-11.3
934.7	3.68
935	-11.77
935.3	14.91
935.6	-6.85
935.9	5.08
936.2	19.6
936.5	-21.83
936.8	-10.13
937.1	-29.32
937.4	13.74
937.7	-10.13
938	-12.47
938.3	-19.96
938.6	-18.79
938.9	-3.58
939.2	-8.96
939.5	-16.45
939.8	-14.81
940.1	-6.62
940.4	-23.47
940.7	-36.11
941	1.81
941.3	4.62
941.6	-2.64
941.9	-23.47
942.2	-12
942.4	1.57
942.7	0.17
943	22.64
943.3	18.89
943.6	-20.9
943.9	-6.38
944.2	-3.34
944.5	-0.3
944.8	-6.38
945.1	-10.13
945.4	-20.19
945.7	10
946	-11.77
946.3	4.15
946.6	2.04
946.9	-5.45
947.2	1.57
947.5	10.23
947.8	-2.41
948.1	-10.36
948.4	-18.32
948.7	-33.53
949	-39.62
949.2	-11.3
949.5	0.64
949.8	17.96
950.1	10
950.4	-0.77
950.7	5.08
951	-1.7
951.3	12.81
951.6	-20.19
951.9	-30.73
952.2	8.59
952.5	-3.81
952.8	-12.7
953.1	-10.36
953.4	-5.21
953.7	-12.7
954	0.87
954.3	-39.39
954.6	-29.09
954.8	-17.62
955.1	-13.17
955.4	-3.11
955.7	9.77
956	-4.04
956.3	0.64
956.6	-3.58
956.9	6.49
957.2	-13.64
957.5	10
957.8	-18.56
958.1	-8.96
958.4	0.64
958.7	-50.62
959	-9.66
959.2	-18.09
959.5	-4.75
959.8	-34.94
960.1	-17.62
960.4	-32.6
960.7	2.74
961	23.57
961.3	-9.9
961.6	5.55
961.9	17.25
962.2	34.34
962.5	-6.15
962.8	-12.47
963.1	-3.11
963.3	25.68
963.6	17.72
963.9	9.3
964.2	-10.6
964.5	21
964.8	-205.33
965.1	-32.6
965.4	-10.13
965.7	-39.85
966	-5.92
966.3	23.81
966.6	5.08
966.9	17.72
967.1	-6.85
967.4	16.55
967.7	2.51
968	18.19
968.3	1.11
968.6	5.79
968.9	9.53
969.2	-18.56
969.5	-12.7
969.8	-7.32
970.1	-12.47
970.3	-24.87
970.6	-12.47
970.9	6.49
971.2	-29.32
971.5	-0.3
971.8	-32.6
972.1	6.49
972.4	15.38
972.7	0.87
973	-1.7
973.3	-33.77
973.5	-34.47
973.8	14.45
974.1	14.68
974.4	21.47
974.7	-0.07
975	-29.79
975.3	-7.32
975.6	4.15
975.9	19.36
976.2	-16.68
976.4	-5.68
976.7	-17.62
977	-9.43
977.3	-34.47
977.6	-3.34
977.9	-0.77
978.2	4.15
978.5	-17.38
978.8	2.51
979	-2.17
979.3	-12.7
979.6	0.17
979.9	1.81
980.2	-12.47
980.5	3.68
980.8	19.83
981.1	2.28
981.4	10.47
981.6	-199.71
981.9	-14.58
982.2	9.3
982.5	-7.79
982.8	-4.98
983.1	-25.34
983.4	14.68
983.7	-10.36
984	-16.92
984.2	-18.09
984.5	-17.85
984.8	-15.98
985.1	-8.26
985.4	-4.75
985.7	-10.36
986	-3.34
986.3	-22.77
986.5	14.45
986.8	-16.21
987.1	9.77
987.4	15.62
987.7	-31.43
988	-35.64
988.3	17.02
988.6	11.87
988.8	-13.87
989.1	-7.32
989.4	-4.04
989.7	14.68
990	25.91
990.3	-0.07
990.6	-2.64
990.9	-4.98
991.1	3.21
991.4	2.04
991.7	22.87
992	-5.68
992.3	-1.94
992.6	-8.26
992.9	5.08
993.1	21.47
993.4	9.53
993.7	0.4
994	-11.53
994.3	-18.32
994.6	1.34
994.9	-10.6
995.1	-28.39
995.4	-24.87
995.7	40.89
996	-21.13
996.3	-10.36
996.6	-12.94
996.9	-20.66
997.1	0.87
997.4	6.72
997.7	-8.26
998	-15.04
998.3	-17.62
998.6	-20.66
998.9	0.64
999.1	-24.64
999.4	-22.53
999.7	10.7
1000	-0.3
1000.3	12.81
1000.6	-18.79
1000.8	-22.77
1001.1	2.98
1001.4	24.51
1001.7	-22.3
1002	-3.34
1002.3	-27.68
1002.6	-3.58
1002.8	-11.53
1003.1	-6.85
1003.4	-8.96
1003.7	-1.47
1004	-6.62
1004.3	-3.11
1004.5	-23.94
1004.8	10
1005.1	-25.34
1005.4	-0.07
1005.7	-11.77
1006	-6.85
1006.2	15.62
1006.5	2.51
1006.8	-10.36
1007.1	-26.75
1007.4	2.98
1007.7	-2.64
1007.9	-24.17
1008.2	-1.47
1008.5	-10.36
1008.8	28.96
1009.1	-17.38
1009.4	-19.49
1009.6	-31.9
1009.9	-31.66
1010.2	-1
1010.5	-8.02
1010.8	-3.81
1011.1	2.74
1011.3	-25.11
1011.6	-15.28
1011.9	-14.81
1012.2	3.21
1012.5	-1.7
1012.7	1.34
1013	-20.43
1013.3	-14.81
1013.6	-22.53
1013.9	-23.47
1014.2	-29.79
1014.4	4.85
1014.7	4.15
1015	-7.32
1015.3	-18.79
1015.6	-2.41
1015.8	-5.68
1016.1	-0.07
1016.4	-1
1016.7	-12.94
1017	0.64
1017.2	1.34
1017.5	-12.94
1017.8	-15.04
1018.1	-16.45
1018.4	-30.96
1018.7	0.64
1018.9	-12.94
1019.2	1.11
1019.5	-0.3
1019.8	-5.45
1020.1	-10.36
1020.3	-7.79
1020.6	-3.58
1020.9	-3.58
1021.2	-3.58
