340.2	21.39
340.6	21.39
340.9	21.39
341.3	-7.16
341.7	12.96
342.1	-2.72
342.4	-23.78
342.8	-12.78
343.2	-7.4
343.6	-18.4
343.9	-29.63
344.3	-16.29
344.7	-0.38
345.1	11.09
345.4	-15.36
345.8	33.56
346.2	-35.72
346.6	47.84
346.9	-16.06
347.3	13.9
347.7	5.01
348	-21.21
348.4	3.37
348.8	-2.02
349.2	6.18
349.5	-14.19
349.9	-26.12
350.3	-22.14
350.7	-18.87
351	-7.16
351.4	-33.14
351.8	-46.49
352.2	4.3
352.5	-7.87
352.9	8.99
353.3	-16.99
353.6	-8.57
354	9.92
354.4	4.3
354.8	-3.42
355.1	10.39
355.5	2.43
355.9	-0.61
356.3	8.05
356.6	-18.17
357	2.9
357.4	18.11
357.8	-5.99
358.1	-26.83
358.5	-9.27
358.9	-35.95
359.2	-5.06
359.6	-32.68
360	-18.4
360.4	-32.68
360.7	-5.53
361.1	-4.82
361.5	-5.76
361.9	-8.57
362.2	-13.02
362.6	7.11
363	-13.25
363.3	-9.27
363.7	2.2
364.1	12.5
364.5	-7.4
364.8	-32.91
365.2	-9.97
365.6	5.01
366	-1.08
366.3	16.24
366.7	-16.29
367.1	-42.97
367.4	0.09
367.8	5.94
368.2	-32.68
368.6	-10.44
368.9	-17.93
369.3	-22.38
369.7	2.2
370	-4.36
370.4	-20.97
370.8	-2.25
371.2	7.11
371.5	7.58
371.9	-5.53
372.3	-16.76
372.6	11.79
373	10.62
373.4	24.43
373.8	-18.87
374.1	-16.99
374.5	-7.63
374.9	-2.95
375.2	-5.29
375.6	11.33
376	16.24
376.4	-6.93
376.7	-13.95
377.1	-10.44
377.5	-18.63
377.8	-0.85
378.2	-15.12
378.6	-46.72
379	16.47
379.3	-3.42
379.7	18.35
380.1	-10.44
380.4	1.5
380.8	-41.34
381.2	-41.34
381.6	-36.89
381.9	-11.61
382.3	27.71
382.7	-9.04
383	-14.65
383.4	-11.38
383.8	10.62
384.2	11.79
384.5	15.54
384.9	-20.04
385.3	1.96
385.6	1.26
386	-6.23
386.4	13.43
386.7	5.01
387.1	19.75
387.5	-23.31
387.9	-12.55
388.2	-5.76
388.6	-11.38
389	-3.19
389.3	23.03
389.7	-10.21
390.1	-11.85
390.5	-7.16
390.8	-11.61
391.2	20.22
391.6	-31.27
391.9	-7.63
392.3	-14.19
392.7	18.82
393	15.07
393.4	22.33
393.8	-4.12
394.2	0.56
394.5	-17.7
394.9	-7.63
395.3	-15.36
395.6	10.16
396	-2.72
396.4	9.22
396.7	-18.63
397.1	-16.06
397.5	-23.78
397.8	-10.44
398.2	-35.02
398.6	-1.31
399	-10.21
399.3	-14.19
399.7	-27.06
400.1	-1.78
400.4	-15.12
400.8	2.2
401.2	-8.57
401.5	-1.55
401.9	3.13
402.3	-15.12
402.7	-26.12
403	11.79
403.4	-0.61
403.8	-9.04
404.1	-33.38
404.5	17.18
404.9	-0.61
405.2	-3.65
405.6	-21.21
406	-13.72
406.3	12.96
406.7	22.79
407.1	-3.42
407.4	0.79
407.8	-10.68
408.2	23.96
408.6	-8.33
408.9	1.96
409.3	8.52
409.7	4.77
410	-14.42
410.4	-23.08
410.8	-2.95
411.1	-4.12
411.5	12.03
411.9	137.25
412.2	42.92
412.6	4.07
413	-1.31
413.3	12.96
413.7	-8.1
414.1	27.71
414.4	-17.23
414.8	25.6
415.2	20.45
415.5	28.88
415.9	21.39
416.3	26.77
416.7	32.39
417	48.07
417.4	19.52
417.8	67.26
418.1	58.37
418.5	48.77
418.9	56.73
419.2	91.61
419.6	64.69
420	55.33
420.3	74.29
420.7	77.8
421.1	87.86
421.4	66.8
421.8	79.9
422.2	71.95
422.5	85.52
422.9	108.93
423.3	83.88
423.6	99.56
424	80.37
424.4	41.75
424.7	94.18
425.1	129.99
425.5	105.42
425.8	142.4
426.2	108.69
426.6	97.69
426.9	118.29
427.3	136.78
427.7	116.88
428	141.46
428.4	149.18
428.8	132.33
429.1	147.31
429.5	147.54
429.9	157.38
430.2	150.12
430.6	163.69
431	155.74
431.3	174.23
431.7	181.95
432.1	184.99
432.4	186.63
432.8	195.76
433.2	190.38
433.5	182.65
433.9	196.93
434.3	193.65
434.6	213.78
435	215.19
435.4	208.87
435.7	206.76
436.1	231.34
436.5	236.25
436.8	188.5
437.2	225.25
437.6	206.06
437.9	4.3
438.3	170.95
438.7	192.25
439	221.74
439.4	195.76
439.8	194.36
440.1	178.91
440.5	169.55
440.9	181.48
441.2	165.1
441.6	176.8
442	156.44
442.3	110.1
442.7	131.86
443.1	131.4
443.4	139.59
443.8	80.61
444.1	96.76
444.5	93.71
444.9	86.46
445.2	85.05
445.6	63.99
446	71.95
446.3	49.48
446.7	42.92
447.1	45.97
447.4	56.26
447.8	41.05
448.2	57.2
448.5	53.92
448.9	22.33
449.3	35.9
449.6	48.54
450	37.77
450.4	21.39
450.7	42.69
451.1	26.31
451.4	10.16
451.8	28.65
452.2	26.54
452.5	-5.76
452.9	22.56
453.3	18.35
453.6	-8.8
454	5.01
454.4	-2.95
454.7	-13.02
455.1	-0.61
455.5	7.35
455.8	-7.87
456.2	17.41
456.5	-20.74
456.9	-9.27
457.3	-9.97
457.6	5.47
458	-1.55
458.4	50.41
458.7	-29.4
459.1	-14.19
459.5	4.07
459.8	15.54
460.2	-13.48
460.5	-8.1
460.9	10.62
461.3	13.43
461.6	1.73
462	-21.68
462.4	11.09
462.7	12.96
463.1	-1.08
463.5	-5.06
463.8	-16.06
464.2	-1.55
464.5	7.81
464.9	5.24
465.3	7.58
465.6	31.45
466	7.35
466.4	-11.38
466.7	5.94
467.1	-0.61
467.5	-24.48
467.8	-24.02
468.2	-1.08
468.5	-7.16
468.9	6.88
469.3	-2.48
469.6	22.09
470	-26.83
470.4	1.26
470.7	-2.02
471.1	-9.51
471.4	9.22
471.8	-15.59
472.2	-15.82
472.5	24.2
472.9	-16.99
473.3	9.92
473.6	-3.89
474	23.5
474.3	1.03
474.7	-8.33
475.1	-11.14
475.4	28.65
475.8	-7.63
476.2	-4.82
476.5	22.79
476.9	24.9
477.2	-2.72
477.6	-16.99
478	-9.74
478.3	9.92
478.7	11.79
479.1	-15.12
479.4	-7.4
479.8	28.18
480.1	0.33
480.5	-12.78
480.9	-2.02
481.2	-35.25
481.6	5.94
481.9	2.2
482.3	-22.85
482.7	-8.1
483	-6.23
483.4	7.35
483.8	2.9
484.1	12.26
484.5	-26.12
484.8	26.77
485.2	19.99
485.6	17.88
485.9	25.37
486.3	30.52
486.6	1.73
487	41.99
487.4	-6.23
487.7	-10.21
488.1	13.43
488.5	31.69
488.8	24.43
489.2	14.84
489.5	8.28
489.9	16.01
490.3	11.33
490.6	7.35
491	17.18
491.3	38.48
491.7	-17.46
492.1	3.6
492.4	5.71
492.8	48.31
493.1	33.09
493.5	36.37
493.9	6.18
494.2	32.62
494.6	23.03
494.9	26.31
495.3	17.88
495.7	48.31
496	45.73
496.4	31.92
496.7	41.75
497.1	26.54
497.5	48.31
497.8	46.2
498.2	61.65
498.5	32.62
498.9	74.52
499.3	50.65
499.6	52.05
500	71.71
500.3	94.65
500.7	43.62
501.1	60.48
501.4	68.43
501.8	89.5
502.1	80.14
502.5	106.82
502.9	61.65
503.2	91.84
503.6	82.48
503.9	70.54
504.3	82.48
504.7	94.18
505	92.07
505.4	107.05
505.7	151.52
506.1	151.29
506.5	99.33
506.8	128.12
507.2	145.2
507.5	137.95
507.9	114.78
508.2	115.95
508.6	146.14
509	144.03
509.3	183.59
509.7	144.74
510	181.48
510.4	175.63
510.8	156.2
511.1	216.12
511.5	180.78
511.8	207.23
512.2	196.93
512.6	212.14
512.9	196.7
513.3	194.82
513.6	197.87
514	196.93
514.3	215.42
514.7	247.72
515.1	220.1
515.4	226.89
515.8	234.85
516.1	199.74
516.5	246.78
516.9	263.64
517.2	269.72
517.6	233.68
517.9	270.66
518.3	273.7
518.6	273.47
519	272.06
519.4	280.96
519.7	270.42
520.1	296.4
520.4	283.53
520.8	305.3
521.1	273.93
521.5	306.47
521.9	311.15
522.2	312.79
522.6	318.17
522.9	315.83
523.3	325.19
523.6	312.79
524	294.3
524.4	338.3
524.7	355.15
525.1	346.49
525.4	328
525.8	360.53
526.2	340.64
526.5	355.85
526.9	355.62
527.2	382.3
527.6	356.32
527.9	345.09
528.3	338.53
528.6	365.92
529	379.73
529.4	381.13
529.7	408.75
530.1	396.11
530.4	371.53
530.8	405.47
531.1	392.36
531.5	442.22
531.9	360.07
532.2	415.3
532.6	404.3
532.9	419.75
533.3	418.11
533.6	424.66
534	432.62
534.4	614.95
534.7	445.26
535.1	416.24
535.4	412.96
535.8	441.05
536.1	442.22
536.5	444.09
536.8	480.13
537.2	462.81
537.6	428.41
537.9	401.96
538.3	436.83
538.6	457.43
539	423.73
539.3	467.73
539.7	437.07
540	437.54
540.4	458.84
540.8	474.52
541.1	629.7
541.5	472.18
541.8	474.05
542.2	439.18
542.5	472.41
542.9	499.56
543.2	504.48
543.6	462.11
544	496.75
544.3	481.31
544.7	493.94
545	503.77
545.4	480.13
545.7	505.88
546.1	520.86
546.4	511.97
546.8	475.92
547.2	500.5
547.5	481.54
547.9	499.8
548.2	489.73
548.6	509.39
548.9	496.52
549.3	513.84
549.6	499.09
550	507.29
550.3	488.79
550.7	475.69
551.1	494.65
551.4	515.71
551.8	495.82
552.1	479.67
552.5	504.24
552.8	512.9
553.2	483.65
553.5	516.18
553.9	494.88
554.2	508.46
554.6	491.37
554.9	518.29
555.3	522.03
555.7	523.2
556	533.73
556.4	499.56
556.7	537.95
557.1	502.14
557.4	503.77
557.8	498.63
558.1	526.24
558.5	492.07
558.8	488.33
559.2	489.5
559.5	492.77
559.9	527.41
560.3	508.69
560.6	511.5
561	474.75
561.3	509.16
561.7	505.65
562	473.11
562.4	478.5
562.7	518.99
563.1	481.77
563.4	498.86
563.8	518.05
564.1	511.26
564.5	465.86
564.8	469.6
565.2	487.86
565.5	496.99
565.9	493.71
566.3	470.07
566.6	466.79
567	511.5
567.3	486.45
567.7	460.01
568	494.65
568.4	462.81
568.7	471.47
569.1	457.9
569.4	480.84
569.8	467.26
570.1	475.22
570.5	479.9
570.8	476.86
571.2	491.37
571.5	434.73
571.9	445.96
572.2	472.65
572.6	470.3
572.9	471.71
573.3	474.75
573.6	451.11
574	468.43
574.4	474.75
574.7	462.11
575.1	478.96
575.4	443.62
575.8	461.88
576.1	451.11
576.5	438.71
576.8	479.67
577.2	472.65
577.5	466.56
577.9	512.2
578.2	459.77
578.6	452.75
578.9	424.2
579.3	465.16
579.6	441.05
580	426.77
580.3	465.16
580.7	437.54
581	434.73
581.4	432.15
581.7	429.58
582.1	439.64
582.4	440.11
582.8	433.09
583.1	429.35
583.5	428.88
583.8	429.58
584.2	454.62
584.5	458.37
584.9	452.28
585.2	420.45
585.6	432.15
585.9	435.43
586.3	424.9
586.6	413.2
587	417.41
587.3	425.83
587.7	422.32
588	415.07
588.4	424.9
588.7	418.58
589.1	438.94
589.4	401.26
589.8	414.83
590.1	405.24
590.5	426.77
590.8	419.28
591.2	389.79
591.5	419.05
591.9	374.34
592.2	422.32
592.6	415.54
592.9	403.83
593.3	372.24
593.6	396.81
594	419.98
594.3	396.81
594.7	407.34
595	397.28
595.4	388.85
595.7	402.66
596.1	383.47
596.4	399.15
596.8	404.3
597.1	383.47
597.5	370.6
597.8	380.66
598.2	396.11
598.5	384.17
598.9	372.94
599.2	357.72
599.6	362.41
599.9	366.38
600.3	382.07
600.6	363.11
601	360.53
601.3	345.09
601.7	340.87
602	366.15
602.4	368.96
602.7	362.17
603.1	365.21
603.4	368.02
603.8	320.51
604.1	331.74
604.5	332.68
604.8	352.81
605.1	384.17
605.5	373.17
605.8	324.49
606.2	321.91
606.5	343.45
606.9	347.43
607.2	291.25
607.6	326.36
607.9	323.32
608.3	323.32
608.6	343.68
609	321.21
609.3	306
609.7	305.06
610	345.55
610.4	316.77
610.7	312.08
611.1	285.87
611.4	326.83
611.8	304.13
612.1	287.27
612.5	278.15
612.8	304.13
613.1	303.89
613.5	328.47
613.8	287.27
614.2	304.83
614.5	321.21
614.9	287.04
615.2	308.34
615.6	267.85
615.9	309.04
616.3	271.83
616.6	286.81
617	292.42
617.3	285.87
617.7	274.87
618	298.51
618.3	303.42
618.7	283.76
619	277.68
619.4	273
619.7	276.27
620.1	276.04
620.4	271.59
620.8	267.85
621.1	294.06
621.5	232.27
621.8	250.76
622.2	282.83
622.5	260.83
622.8	255.21
623.2	233.44
623.5	228.29
623.9	268.08
624.2	246.32
624.6	256.38
624.9	252.4
625.3	231.57
625.6	203.72
626	243.97
626.3	214.02
626.7	222.44
627	221.51
627.3	249.59
627.7	247.25
628	233.91
628.4	210.97
628.7	224.08
629.1	217.99
629.4	228.76
629.8	206.29
630.1	221.97
630.5	210.27
630.8	212.38
631.1	227.12
631.5	221.04
631.8	187.8
632.2	227.83
632.5	199.97
632.9	202.08
633.2	197.63
633.6	207.46
633.9	229.23
634.2	203.48
634.6	150.12
634.9	194.82
635.3	194.36
635.6	192.25
636	176.57
636.3	196.23
636.7	214.72
637	191.55
637.3	161.12
637.7	198.33
638	207.93
638.4	201.14
638.7	213.55
639.1	164.86
639.4	202.78
639.8	205.82
640.1	187.33
640.4	194.82
640.8	179.38
641.1	186.87
641.5	170.95
641.8	168.84
642.2	176.1
642.5	171.42
642.8	174.46
643.2	184.29
643.5	158.55
643.9	154.8
644.2	155.5
644.6	148.48
644.9	160.89
645.3	177.27
645.6	157.84
645.9	168.84
646.3	151.29
646.6	157.84
647	164.4
647.3	141.46
647.7	141.69
648	134.91
648.3	151.29
648.7	131.16
649	148.95
649.4	143.8
649.7	129.05
650.1	144.97
650.4	147.54
650.7	147.54
651.1	129.76
651.4	106.59
651.8	133.97
652.1	142.86
652.4	126.25
652.8	131.63
653.1	149.89
653.5	127.18
653.8	153.63
654.2	149.42
654.5	150.35
654.8	124.61
655.2	118.99
655.5	127.18
655.9	126.95
656.2	113.84
656.6	126.01
656.9	147.54
657.2	130.22
657.6	114.31
657.9	137.01
658.3	100.03
658.6	115.25
658.9	117.59
659.3	125.78
659.6	93.01
660	128.59
660.3	138.65
660.7	115.01
661	108.93
661.3	139.82
661.7	136.08
662	139.12
662.4	92.78
662.7	106.35
663	101.67
663.4	101.44
663.7	12.03
664.1	97.22
664.4	76.86
664.7	70.54
665.1	121.56
665.4	93.95
665.8	120.63
666.1	97.22
666.4	93.24
666.8	104.95
667.1	94.65
667.5	86.69
667.8	83.65
668.1	112.44
668.5	73.58
668.8	76.63
669.2	83.41
669.5	82.01
669.8	94.18
670.2	75.69
670.5	76.86
670.9	68.9
671.2	66.33
671.5	95.12
671.9	45.97
672.2	87.86
672.6	107.29
672.9	84.82
673.2	67.5
673.6	59.31
673.9	86.22
674.3	52.52
674.6	81.78
674.9	67.73
675.3	97.69
675.6	86.69
676	182.42
676.3	76.86
676.6	75.69
677	63.99
677.3	58.6
677.7	66.8
678	24.9
678.3	72.18
678.7	43.16
679	41.99
679.4	50.65
679.7	28.88
680	77.56
680.4	69.84
680.7	63.52
681	61.18
681.4	41.99
681.7	64.92
682.1	75.69
682.4	69.84
682.7	17.65
683.1	41.05
683.4	84.12
683.8	74.75
684.1	65.39
684.4	62.58
684.8	34.5
685.1	52.52
685.4	50.88
685.8	63.99
686.1	53.22
686.5	68.2
686.8	34.73
687.1	56.26
687.5	39.65
687.8	54.16
688.1	56.73
688.5	56.73
688.8	35.43
689.2	33.79
689.5	28.65
689.8	-183.17
690.2	58.37
690.5	42.92
690.8	36.37
691.2	75.69
691.5	46.67
691.9	50.88
692.2	34.73
692.5	33.56
692.9	43.86
693.2	35.9
693.5	17.18
693.9	39.18
694.2	59.77
694.6	36.14
694.9	45.97
695.2	7.35
695.6	43.86
695.9	16.94
696.2	35.43
696.6	36.6
696.9	58.84
697.2	47.6
697.6	63.29
697.9	13.43
698.3	7.11
698.6	34.26
698.9	15.54
699.3	25.6
699.6	14.13
699.9	33.09
700.3	25.6
700.6	10.39
700.9	29.58
701.3	40.82
701.6	34.26
702	25.84
702.3	89.97
702.6	49.24
703	14.37
703.3	31.22
703.6	50.41
704	34.26
704.3	25.37
704.6	2.9
705	15.07
705.3	-7.4
705.6	40.58
706	32.16
706.3	7.81
706.6	10.62
707	16.01
707.3	35.43
707.7	19.75
708	37.31
708.3	15.07
708.7	10.16
709	10.39
709.3	19.05
709.7	5.47
710	6.41
710.3	14.37
710.7	16.47
711	21.62
711.3	24.43
711.7	45.26
712	18.58
712.3	6.18
712.7	-0.85
713	34.5
713.3	9.69
713.7	28.41
714	23.73
714.3	36.14
714.7	30.28
715	13.9
715.3	5.24
715.7	9.45
716	50.18
716.3	29.35
716.7	28.18
717	30.28
717.3	30.75
717.7	17.65
718	18.35
718.4	9.45
718.7	7.81
719	-19.8
719.4	4.3
719.7	5.71
720	6.88
720.4	-3.65
720.7	14.13
721	33.09
721.3	15.77
721.7	29.35
722	25.37
722.3	5.47
722.7	-8.8
723	27.01
723.3	17.41
723.7	9.22
724	13.9
724.3	29.58
724.7	16.71
725	5.24
725.3	35.2
725.7	12.26
726	27.01
726.3	14.84
726.7	31.45
727	26.31
727.3	13.67
727.7	-14.42
728	5.47
728.3	-4.12
728.7	32.16
729	35.67
729.3	16.71
729.7	-0.61
730	7.58
730.3	1.5
730.7	9.69
731	31.69
731.3	0.79
731.7	17.65
732	32.62
732.3	16.24
732.6	1.26
733	-14.42
733.3	1.96
733.6	24.9
734	17.41
734.3	-10.44
734.6	-2.25
735	41.05
735.3	-3.19
735.6	-4.82
736	4.07
736.3	11.56
736.6	-12.55
737	22.33
737.3	25.37
737.6	1.03
737.9	-11.61
738.3	29.82
738.6	-20.74
738.9	22.56
739.3	-19.34
739.6	4.54
739.9	26.31
740.3	17.18
740.6	2.2
740.9	-7.4
741.2	-7.63
741.6	30.99
741.9	13.9
742.2	4.54
742.6	3.6
742.9	2.9
743.2	10.16
743.6	-25.19
743.9	-8.33
744.2	-3.19
744.6	47.6
744.9	15.07
745.2	-33.14
745.5	-3.42
745.9	19.99
746.2	1.03
746.5	3.84
746.9	23.26
747.2	-9.97
747.5	-10.68
747.8	4.54
748.2	-8.1
748.5	31.22
748.8	-0.14
749.2	10.39
749.5	16.01
749.8	6.64
750.1	6.41
750.5	7.35
750.8	-6.23
751.1	7.35
751.5	12.96
751.8	-20.51
752.1	-7.87
752.5	21.16
752.8	-0.85
753.1	-12.31
753.4	16.94
753.8	-36.42
754.1	-17.7
754.4	-0.14
754.7	-21.68
755.1	-12.31
755.4	-10.68
755.7	-0.61
756.1	1.26
756.4	10.62
756.7	-24.02
757	1.5
757.4	-2.25
757.7	2.67
758	-2.95
758.4	-5.53
758.7	26.77
759	-4.59
759.3	-6.23
759.7	10.62
760	16.47
760.3	5.94
760.7	18.35
761	0.56
761.3	17.18
761.6	8.28
762	-9.74
762.3	6.88
762.6	5.24
762.9	10.62
763.3	-8.33
763.6	0.09
763.9	-9.27
764.2	-16.06
764.6	-4.82
764.9	2.2
765.2	-22.61
765.6	10.39
765.9	1.03
766.2	-10.44
766.5	8.52
766.9	1.96
767.2	-19.8
767.5	-0.38
767.8	-11.38
768.2	-21.68
768.5	-22.14
768.8	1.96
769.1	-21.44
769.5	-19.57
769.8	23.73
770.1	7.58
770.5	1.03
770.8	-23.31
771.1	-3.65
771.4	2.9
771.8	12.73
772.1	12.96
772.4	11.33
772.7	-10.91
773.1	5.24
773.4	14.84
773.7	9.92
774	-16.99
774.4	-4.12
774.7	-2.72
775	13.9
775.3	-7.87
775.7	0.79
776	-1.31
776.3	-3.42
776.6	-9.04
777	0.79
777.3	8.05
777.6	4.54
777.9	-13.48
778.3	1.26
778.6	24.9
778.9	6.41
779.2	-3.42
779.6	-4.82
779.9	-5.99
780.2	41.75
780.5	-8.57
780.9	-25.89
781.2	-8.57
781.5	-23.31
781.8	-16.76
782.2	8.52
782.5	-6.46
782.8	-23.78
783.1	6.64
783.4	-3.42
783.8	22.56
784.1	-6.46
784.4	0.79
784.7	-14.42
785.1	25.37
785.4	7.81
785.7	-12.78
786	-21.91
786.4	-21.68
786.7	-4.82
787	-14.42
787.3	-3.65
787.7	-19.34
788	-1.31
788.3	0.33
788.6	-5.29
788.9	9.92
789.3	-7.16
789.6	-13.48
789.9	-16.06
790.2	-3.89
790.6	1.26
790.9	1.03
791.2	-17.46
791.5	-5.76
791.9	11.79
792.2	25.6
792.5	1.96
792.8	10.62
793.1	-5.76
793.5	-23.31
793.8	-15.12
794.1	-14.19
794.4	3.84
794.8	-13.72
795.1	-12.55
795.4	-3.89
795.7	-41.34
796	-7.87
796.4	-11.14
796.7	8.52
797	10.62
797.3	-2.02
797.7	10.86
798	-20.51
798.3	-16.53
798.6	-6.93
798.9	7.81
799.3	1.5
799.6	9.92
799.9	-3.42
800.2	35.2
800.5	8.05
800.9	-28.7
801.2	0.79
801.5	3.84
801.8	-14.65
802.2	-28.46
802.5	-23.55
802.8	14.13
803.1	-1.08
803.4	-10.91
803.8	-15.82
804.1	-19.8
804.4	-12.78
804.7	12.03
805	-22.38
805.4	-20.51
805.7	-28.23
806	-3.65
806.3	-1.08
806.6	-1.78
807	4.07
807.3	1.26
807.6	4.3
807.9	-9.51
808.2	-10.68
808.6	-10.21
808.9	5.94
809.2	-6.7
809.5	-16.99
809.8	-17.93
810.2	13.2
810.5	3.84
810.8	-5.76
811.1	-13.95
811.4	-6.7
811.8	-0.14
812.1	-5.99
812.4	8.52
812.7	-12.55
813	-35.25
813.4	7.81
813.7	-14.89
814	-28.23
814.3	-25.89
814.6	22.79
815	28.18
815.3	-15.36
815.6	0.33
815.9	-5.53
816.2	-25.19
816.5	0.56
816.9	-13.02
817.2	6.41
817.5	-22.14
817.8	-9.51
818.1	12.5
818.5	-8.1
818.8	-15.12
819.1	3.13
819.4	1.73
819.7	-13.25
820.1	-12.55
820.4	-23.31
820.7	24.43
821	-4.36
821.3	-38.29
821.6	-7.63
822	-16.99
822.3	-21.44
822.6	-32.91
822.9	-10.44
823.2	-11.85
823.5	10.62
823.9	11.09
824.2	-6.7
824.5	-5.76
824.8	12.73
825.1	16.47
825.5	13.9
825.8	-3.65
826.1	-0.61
826.4	16.71
826.7	40.58
827	-5.53
827.4	1.96
827.7	-19.8
828	-11.38
828.3	28.88
828.6	-5.29
828.9	-20.27
829.3	-1.31
829.6	-2.48
829.9	-4.12
830.2	-31.74
830.5	-14.42
830.8	-13.72
831.2	-4.82
831.5	-28.46
831.8	1.5
832.1	-20.74
832.4	-18.17
832.7	-3.89
833.1	-2.72
833.4	-11.61
833.7	-11.61
834	-16.53
834.3	-24.48
834.6	-7.87
835	-12.31
835.3	-26.59
835.6	5.24
835.9	13.43
836.2	26.07
836.5	-15.59
836.8	-10.44
837.2	-4.12
837.5	-0.61
837.8	-5.76
838.1	-4.82
838.4	16.94
838.7	-4.36
839.1	2.2
839.4	-3.89
839.7	-6.93
840	15.3
840.3	-17.46
840.6	-282.65
840.9	-28
841.3	-30.8
841.6	3.84
841.9	-5.53
842.2	-0.14
842.5	6.88
842.8	-23.78
843.1	-8.1
843.5	-31.04
843.8	-4.59
844.1	-12.08
844.4	-26.83
844.7	26.77
845	-23.31
845.3	-43.44
845.7	1.26
846	-54.91
846.3	-15.82
846.6	-13.48
846.9	-16.76
847.2	3.13
847.5	-30.34
847.9	-9.27
848.2	8.99
848.5	-5.29
848.8	-6.93
849.1	-2.48
849.4	12.26
849.7	23.26
850	-22.14
850.4	-2.48
850.7	-35.72
851	27.94
851.3	-6.93
851.6	-0.38
851.9	-28.7
852.2	-43.91
852.5	-7.63
852.9	-7.4
853.2	-19.57
853.5	-11.85
853.8	22.79
854.1	16.47
854.4	-0.38
854.7	15.07
855.1	-16.06
855.4	-11.61
855.7	26.07
856	10.16
856.3	-8.57
856.6	-14.89
856.9	-12.31
857.2	-2.95
857.5	-6.93
857.9	3.37
858.2	-8.57
858.5	-15.82
858.8	-13.02
859.1	-42.27
859.4	17.41
859.7	2.2
860	3.6
860.4	1.26
860.7	16.47
861	-0.85
861.3	17.18
861.6	-5.99
861.9	5.47
862.2	0.79
862.5	-14.65
862.8	8.05
863.2	-1.31
863.5	11.33
863.8	2.9
864.1	-5.76
864.4	12.5
864.7	-8.8
865	7.58
865.3	4.07
865.6	3.37
866	-3.19
866.3	15.07
866.6	-8.57
866.9	-14.19
867.2	-16.06
867.5	-20.27
867.8	14.37
868.1	-19.8
868.4	24.2
868.7	1.03
869.1	-1.31
869.4	14.37
869.7	-5.29
870	-24.48
870.3	2.9
870.6	-8.57
870.9	-17.7
871.2	-18.4
871.5	12.03
871.8	-10.21
872.1	-18.17
872.5	-8.57
872.8	-2.02
873.1	22.56
873.4	-5.99
873.7	-8.57
874	6.18
874.3	1.26
874.6	25.84
874.9	9.22
875.2	19.28
875.6	-6.46
875.9	-20.51
876.2	-18.63
876.5	-9.27
876.8	13.9
877.1	2.2
877.4	12.03
877.7	-20.04
878	-11.85
878.3	-5.53
878.6	5.71
878.9	0.56
879.3	-24.72
879.6	-17.7
879.9	12.03
880.2	1.26
880.5	-14.42
880.8	-13.95
881.1	3.37
881.4	-27.53
881.7	-21.44
882	-14.19
882.3	-24.72
882.6	-5.76
882.9	-21.91
883.3	-29.17
883.6	-9.04
883.9	8.75
884.2	-23.55
884.5	1.73
884.8	-12.31
885.1	-11.14
885.4	-13.72
885.7	-17.46
886	-7.4
886.3	-12.78
886.6	4.3
886.9	-4.59
887.2	-1.08
887.6	-15.12
887.9	-1.78
888.2	-13.25
888.5	-11.85
888.8	8.05
889.1	2.9
889.4	22.09
889.7	-13.25
890	-18.87
890.3	2.67
890.6	-16.53
890.9	-16.29
891.2	9.92
891.5	11.56
891.8	-13.72
892.1	-7.4
892.5	6.41
892.8	34.03
893.1	-11.38
893.4	-13.48
893.7	23.73
894	-13.02
894.3	-1.55
894.6	-15.36
894.9	0.33
895.2	-4.82
895.5	-38.53
895.8	1.5
896.1	41.52
896.4	-2.72
896.7	-28.7
897	-34.55
897.3	-15.82
897.6	2.67
897.9	30.75
898.3	-1.78
898.6	-13.95
898.9	-18.17
899.2	5.71
899.5	4.54
899.8	22.09
900.1	-6.7
900.4	-1.78
900.7	-22.85
901	-13.25
901.3	10.39
901.6	-30.1
901.9	-8.1
902.2	-8.57
902.5	-20.04
902.8	-2.02
903.1	-3.89
903.4	0.56
903.7	-3.42
904	8.75
904.3	-11.85
904.6	5.01
904.9	-20.97
905.2	28.18
905.6	-43.68
905.9	-28.23
906.2	-22.38
906.5	7.58
906.8	-11.85
907.1	-30.1
907.4	-13.25
907.7	-22.61
908	-8.57
908.3	-14.19
908.6	-2.02
908.9	-19.34
909.2	-15.36
909.5	0.09
909.8	-37.59
910.1	-8.8
910.4	-13.48
910.7	0.33
911	4.3
911.3	8.99
911.6	-20.04
911.9	1.03
912.2	-16.99
912.5	-20.27
912.8	-11.61
913.1	1.03
913.4	-23.31
913.7	-7.16
914	24.9
914.3	6.88
914.6	-22.85
914.9	-11.14
915.2	-5.99
915.5	0.33
915.8	3.6
916.1	-28.93
916.4	-25.65
916.7	-0.61
917	-2.48
917.3	18.58
917.6	2.67
917.9	-15.12
918.2	-41.57
918.5	5.71
918.8	-18.17
919.1	-12.08
919.5	-0.61
919.8	-0.85
920.1	-17.23
920.4	-8.57
920.7	-7.63
921	9.69
921.3	-5.76
921.6	-4.59
921.9	4.07
922.2	16.71
922.5	10.39
922.8	-9.04
923.1	-3.89
923.4	-7.4
923.7	-2.72
924	6.41
924.3	-31.04
924.6	8.05
924.9	-9.74
925.2	-4.36
925.5	17.41
925.8	-9.04
926.1	-4.59
926.4	11.09
926.7	-2.95
927	-13.48
927.3	-10.91
927.6	-7.16
927.9	-19.8
928.2	-13.25
928.4	-37.36
928.7	5.47
929	37.07
929.3	6.64
929.6	31.69
929.9	-7.4
930.2	-19.1
930.5	-13.72
930.8	1.96
931.1	12.96
931.4	-11.61
931.7	-20.27
932	-29.4
932.3	-22.85
932.6	1.03
932.9	16.47
933.2	4.77
933.5	-3.42
933.8	10.86
934.1	-10.68
934.4	-0.61
934.7	-16.53
935	-2.72
935.3	-29.63
935.6	-20.74
935.9	1.73
936.2	14.84
936.5	-11.38
936.8	-20.27
937.1	-2.02
937.4	-16.99
937.7	7.81
938	15.07
938.3	-7.63
938.6	-22.14
938.9	-17.23
939.2	3.13
939.5	-15.36
939.8	19.52
940.1	0.33
940.4	-35.25
940.7	-38.53
941	-3.42
941.3	-0.85
941.6	-7.87
941.9	18.11
942.2	-24.48
942.4	-39.46
942.7	-2.48
943	-1.08
943.3	-1.08
943.6	-10.44
943.9	-5.76
944.2	-7.4
944.5	-2.25
944.8	-20.74
945.1	-29.87
945.4	-21.44
945.7	-21.44
946	3.37
946.3	5.24
946.6	16.01
946.9	-7.63
947.2	26.54
947.5	5.01
947.8	-10.91
948.1	-23.31
948.4	5.94
948.7	-30.34
949	-42.97
949.2	-21.68
949.5	-9.51
949.8	27.01
950.1	0.79
950.4	-15.12
950.7	-15.59
951	-1.78
951.3	-29.17
951.6	-20.51
951.9	-24.72
952.2	12.96
952.5	-15.59
952.8	-28.46
953.1	1.26
953.4	19.28
953.7	-4.59
954	1.26
954.3	-37.12
954.6	0.79
954.8	-20.97
955.1	16.24
955.4	-24.72
955.7	11.56
956	-27.06
956.3	7.58
956.6	-22.85
956.9	28.88
957.2	-22.38
957.5	-5.76
957.8	-9.74
958.1	-24.48
958.4	9.92
958.7	-1.78
959	-6.7
959.2	-0.38
959.5	-5.06
959.8	-20.27
960.1	-0.85
960.4	-24.72
960.7	5.71
961	6.18
961.3	-36.89
961.6	18.82
961.9	-4.82
962.2	21.16
962.5	-13.48
962.8	-5.99
963.1	-4.36
963.3	5.94
963.6	19.75
963.9	-12.55
964.2	-1.55
964.5	-19.8
964.8	-215.24
965.1	-17.93
965.4	-8.57
965.7	-21.68
966	5.47
966.3	-5.53
966.6	-0.85
966.9	11.79
967.1	-7.87
967.4	-11.61
967.7	-12.55
968	16.01
968.3	-7.4
968.6	8.99
968.9	8.99
969.2	-7.87
969.5	0.79
969.8	1.03
970.1	-17.7
970.3	-30.1
970.6	-2.02
970.9	11.79
971.2	-6.93
971.5	-0.14
971.8	-13.95
972.1	1.73
972.4	12.26
972.7	1.03
973	-2.25
973.3	-0.85
973.5	-10.91
973.8	-6.7
974.1	11.33
974.4	5.24
974.7	-2.72
975	-20.74
975.3	11.33
975.6	-7.4
975.9	5.01
976.2	-2.72
976.4	-5.29
976.7	-14.89
977	-4.59
977.3	-29.17
977.6	3.84
977.9	7.58
978.2	-6.7
978.5	-5.53
978.8	-6.7
979	8.52
979.3	7.58
979.6	0.33
979.9	-4.12
980.2	-15.82
980.5	20.69
980.8	-4.12
981.1	-39.93
981.4	14.6
981.6	-200.49
981.9	-6.7
982.2	0.33
982.5	10.62
982.8	3.13
983.1	-1.78
983.4	-22.85
983.7	-8.57
984	-10.91
984.2	-24.02
984.5	-14.19
984.8	6.18
985.1	-0.61
985.4	9.92
985.7	-6.46
986	-5.53
986.3	-1.08
986.5	-11.38
986.8	-18.17
987.1	-27.06
987.4	10.16
987.7	-28.23
988	-34.08
988.3	5.94
988.6	-18.4
988.8	-26.36
989.1	-15.36
989.4	-13.95
989.7	11.33
990	1.03
990.3	-12.08
990.6	-0.14
990.9	-29.63
991.1	-15.59
991.4	4.77
991.7	7.11
992	-1.08
992.3	-11.38
992.6	8.28
992.9	-8.33
993.1	-29.4
993.4	12.5
993.7	-9.74
994	-18.87
994.3	-23.55
994.6	2.2
994.9	-9.97
995.1	-28.23
995.4	-37.12
995.7	9.92
996	1.5
996.3	-21.91
996.6	-23.31
996.9	-25.65
997.1	-9.51
997.4	3.84
997.7	-22.61
998	-27.53
998.3	14.13
998.6	0.79
998.9	-4.36
999.1	-33.14
999.4	-19.34
999.7	0.56
1000	-11.14
1000.3	-12.31
1000.6	-38.53
1000.8	-31.74
1001.1	-8.57
1001.4	6.88
1001.7	-35.95
1002	-4.59
1002.3	-17.93
1002.6	-13.25
1002.8	-11.14
1003.1	-4.36
1003.4	-9.04
1003.7	-14.65
1004	-3.89
1004.3	-14.65
1004.5	-11.14
1004.8	-28.93
1005.1	-17.93
1005.4	2.43
1005.7	-14.89
1006	-26.36
1006.2	0.56
1006.5	-11.14
1006.8	-12.78
1007.1	-33.38
1007.4	5.71
1007.7	-7.4
1007.9	-20.74
1008.2	1.26
1008.5	-20.97
1008.8	4.54
1009.1	-6.93
1009.4	-29.17
1009.6	-38.53
1009.9	-53.27
1010.2	-2.25
1010.5	0.33
1010.8	-21.68
1011.1	20.69
1011.3	-30.1
1011.6	-26.83
1011.9	-1.31
1012.2	-7.87
1012.5	-12.08
1012.7	12.73
1013	-9.74
1013.3	-37.12
1013.6	-25.65
1013.9	9.22
1014.2	-31.51
1014.4	6.88
1014.7	-19.57
1015	-17.93
1015.3	-14.19
1015.6	-10.21
1015.8	-5.99
1016.1	3.13
1016.4	-7.4
1016.7	-8.57
1017	-9.74
1017.2	-16.99
1017.5	-5.99
1017.8	-21.21
1018.1	-28.7
1018.4	-24.02
1018.7	-5.76
1018.9	-12.31
1019.2	12.73
1019.5	-3.42
1019.8	5.24
1020.1	-2.25
1020.3	-6.46
1020.6	-9.04
1020.9	-9.04
1021.2	-9.04
