340.2	3.63
340.6	3.63
340.9	3.63
341.3	-12.52
341.7	17.2
342.1	-12.52
342.4	-31.71
342.8	2.46
343.2	17.44
343.6	-34.99
343.9	-2.69
344.3	-18.14
344.7	17.2
345.1	14.16
345.4	-20.95
345.8	29.61
346.2	-29.84
346.6	54.42
346.9	-25.63
347.3	1.76
347.7	-10.88
348	-29.37
348.4	5.03
348.8	-14.86
349.2	-27.97
349.5	6.44
349.9	-4.33
350.3	-12.05
350.7	-17.2
351	-3.16
351.4	-23.76
351.8	-26.1
352.2	0.59
352.5	-16.03
352.9	-13.22
353.3	-5.03
353.6	-1.99
354	16.5
354.4	-10.42
354.8	5.03
355.1	18.14
355.5	-7.37
355.9	-5.73
356.3	-4.33
356.6	-19.78
357	5.03
357.4	0.59
357.8	-6.44
358.1	-11.35
358.5	-10.65
358.9	-32.88
359.2	-7.14
359.6	-15.33
360	-11.12
360.4	-12.29
360.7	-3.63
361.1	-8.78
361.5	-12.76
361.9	-1.76
362.2	3.86
362.6	-7.84
363	-1.76
363.3	5.27
363.7	-4.1
364.1	-1.52
364.5	-10.42
364.8	-30.08
365.2	-5.5
365.6	-8.78
366	2.93
366.3	9.48
366.7	-8.31
367.1	-20.71
367.4	1.52
367.8	-4.1
368.2	-2.69
368.6	-7.14
368.9	-18.14
369.3	-15.33
369.7	-9.01
370	14.16
370.4	-17.44
370.8	-8.07
371.2	-0.59
371.5	12.76
371.9	-16.5
372.3	-11.35
372.6	13.22
373	8.54
373.4	50.44
373.8	-14.16
374.1	-24.46
374.5	9.01
374.9	-22.35
375.2	-11.59
375.6	11.12
376	8.54
376.4	-22.82
376.7	-6.44
377.1	-1.29
377.5	-15.8
377.8	-22.59
378.2	-10.18
378.6	-2.93
379	2.69
379.3	-1.05
379.7	3.63
380.1	-15.1
380.4	-14.63
380.8	-28.67
381.2	5.27
381.6	9.01
381.9	-7.37
382.3	4.56
382.7	3.63
383	-2.69
383.4	-11.82
383.8	-0.59
384.2	13.69
384.5	-19.31
384.9	6.2
385.3	1.05
385.6	0.35
386	-23.29
386.4	3.63
386.7	-2.46
387.1	30.08
387.5	-23.29
387.9	1.52
388.2	-27.97
388.6	6.67
389	-4.33
389.3	31.01
389.7	-2.93
390.1	-26.8
390.5	-1.05
390.8	-3.16
391.2	-8.54
391.6	-9.48
391.9	-13.22
392.3	-1.29
392.7	6.2
393	-8.54
393.4	-7.14
393.8	19.78
394.2	-7.14
394.5	-32.42
394.9	19.08
395.3	-16.03
395.6	13.69
396	-12.52
396.4	-0.12
396.7	16.03
397.1	-26.8
397.5	1.99
397.8	4.1
398.2	-7.14
398.6	-0.59
399	-35.93
399.3	-1.76
399.7	-26.8
400.1	11.35
400.4	-20.48
400.8	-1.76
401.2	0.12
401.5	14.16
401.9	14.86
402.3	-10.65
402.7	2.46
403	-33.59
403.4	-7.14
403.8	-18.37
404.1	-32.88
404.5	12.76
404.9	-25.63
405.2	-29.61
405.6	-18.84
406	-9.71
406.3	-9.01
406.7	25.39
407.1	19.54
407.4	10.88
407.8	-15.33
408.2	-2.46
408.6	-3.39
408.9	-8.54
409.3	14.86
409.7	-13.46
410	-27.97
410.4	-5.03
410.8	3.39
411.1	0.12
411.5	0.82
411.9	-17.2
412.2	19.08
412.6	0.35
413	5.27
413.3	-7.14
413.7	-6.44
414.1	-13.69
414.4	-44.12
414.8	18.61
415.2	-12.52
415.5	-12.52
415.9	11.82
416.3	5.27
416.7	-3.39
417	0.82
417.4	-44.12
417.8	14.86
418.1	5.03
418.5	-33.82
418.9	9.95
419.2	-8.54
419.6	-14.39
420	-17.2
420.3	-12.05
420.7	9.48
421.1	1.76
421.4	-6.2
421.8	-9.71
422.2	12.29
422.5	-16.5
422.9	-12.52
423.3	-4.1
423.6	-8.07
424	106.38
424.4	92.8
424.7	0.35
425.1	3.86
425.5	8.31
425.8	30.31
426.2	-22.59
426.6	-38.97
426.9	-6.2
427.3	-12.29
427.7	1.29
428	-15.33
428.4	-20.71
428.8	-9.48
429.1	8.07
429.5	0.12
429.9	-1.76
430.2	-22.59
430.6	-16.03
431	-8.54
431.3	1.29
431.7	17.67
432.1	-5.97
432.4	3.16
432.8	-4.1
433.2	-4.1
433.5	6.44
433.9	0.35
434.3	-34.05
434.6	18.61
435	-5.5
435.4	-6.9
435.7	14.39
436.1	11.82
436.5	0.12
436.8	-14.63
437.2	-9.71
437.6	-16.97
437.9	-33.12
438.3	-20.48
438.7	5.5
439	15.33
439.4	-1.52
439.8	3.16
440.1	-7.84
440.5	-22.59
440.9	-10.65
441.2	37.8
441.6	1.05
442	-16.97
442.3	-48.1
442.7	-17.2
443.1	7.61
443.4	15.33
443.8	-16.27
444.1	-10.42
444.5	18.37
444.9	13.93
445.2	9.71
445.6	-2.46
446	5.97
446.3	-24.22
446.7	-9.48
447.1	-3.63
447.4	5.03
447.8	3.16
448.2	-2.22
448.5	22.35
448.9	-25.63
449.3	-5.5
449.6	9.48
450	2.93
450.4	-1.29
450.7	-7.61
451.1	-6.67
451.4	-11.35
451.8	9.25
452.2	-28.67
452.5	-15.8
452.9	15.33
453.3	-21.42
453.6	-10.65
454	-10.88
454.4	-11.59
454.7	-46.46
455.1	-6.9
455.5	-0.59
455.8	-25.16
456.2	-6.44
456.5	-14.16
456.9	14.63
457.3	6.44
457.6	-0.59
458	-0.35
458.4	8.31
458.7	-7.84
459.1	-42.95
459.5	-13.93
459.8	7.14
460.2	-12.05
460.5	-9.71
460.9	-19.54
461.3	8.78
461.6	-6.9
462	-9.71
462.4	1.29
462.7	23.52
463.1	-13.22
463.5	-6.2
463.8	-13.69
464.2	15.33
464.5	3.86
464.9	-0.12
465.3	-1.29
465.6	-0.12
466	-9.95
466.4	-33.82
466.7	-29.14
467.1	-8.31
467.5	-5.5
467.8	-34.29
468.2	-23.99
468.5	0.12
468.9	9.95
469.3	-6.2
469.6	-10.18
470	-21.18
470.4	-19.31
470.7	-18.84
471.1	-8.07
471.4	4.1
471.8	-12.29
472.2	5.5
472.5	34.52
472.9	-32.65
473.3	4.56
473.6	-10.18
474	8.54
474.3	-13.22
474.7	-27.03
475.1	-16.5
475.4	-5.27
475.8	-0.12
476.2	-18.84
476.5	3.39
476.9	3.39
477.2	-14.86
477.6	7.61
478	0.59
478.3	22.35
478.7	-8.31
479.1	-23.76
479.4	-14.86
479.8	3.39
480.1	-2.46
480.5	-0.12
480.9	-9.25
481.2	-23.76
481.6	4.33
481.9	3.86
482.3	-32.88
482.7	-24.93
483	-10.42
483.4	10.65
483.8	5.27
484.1	-11.12
484.5	-23.29
484.8	2.69
485.2	-6.9
485.6	28.2
485.9	13.22
486.3	-11.35
486.6	-10.65
487	-7.14
487.4	-25.16
487.7	-5.97
488.1	4.56
488.5	12.76
488.8	-0.82
489.2	-10.42
489.5	-9.01
489.9	13.22
490.3	-8.78
490.6	-15.56
491	-5.97
491.3	8.31
491.7	-41.31
492.1	-11.82
492.4	16.03
492.8	7.61
493.1	-25.39
493.5	-0.59
493.9	-38.5
494.2	5.73
494.6	1.99
494.9	-35.69
495.3	-19.54
495.7	-8.54
496	-25.16
496.4	-16.27
496.7	3.39
497.1	-17.67
497.5	1.99
497.8	1.05
498.2	20.95
498.5	-37.8
498.9	-5.73
499.3	-24.69
499.6	-17.2
500	9.01
500.3	-3.86
500.7	-2.69
501.1	3.16
501.4	-12.05
501.8	10.18
502.1	-20.48
502.5	17.44
502.9	-5.03
503.2	-7.37
503.6	1.52
503.9	-28.67
504.3	-9.48
504.7	-10.42
505	-11.12
505.4	-10.65
505.7	-8.78
506.1	33.12
506.5	-31.95
506.8	-7.84
507.2	-10.88
507.5	18.84
507.9	-9.71
508.2	-3.86
508.6	-29.14
509	-23.29
509.3	11.12
509.7	-27.03
510	-3.39
510.4	0.82
510.8	-4.1
511.1	14.63
511.5	9.95
511.8	7.37
512.2	4.33
512.6	12.05
512.9	3.16
513.3	-11.12
513.6	0.35
514	-13.22
514.3	-12.05
514.7	-1.52
515.1	-12.05
515.4	5.97
515.8	-7.84
516.1	-28.2
516.5	31.01
516.9	-0.59
517.2	-5.73
517.6	-8.07
517.9	14.16
518.3	-1.52
518.6	-16.5
519	-17.2
519.4	-15.8
519.7	-31.95
520.1	-20.48
520.4	-16.27
520.8	14.39
521.1	-37.33
521.5	26.1
521.9	15.8
522.2	-4.8
522.6	-19.08
522.9	7.37
523.3	2.22
523.6	2.93
524	-16.5
524.4	13.46
524.7	-2.93
525.1	-7.14
525.4	-0.12
525.8	0.35
526.2	-27.5
526.5	12.52
526.9	-23.76
527.2	24.22
527.6	-20.01
527.9	-2.22
528.3	-26.33
528.6	-24.46
529	-23.52
529.4	-2.22
529.7	-7.61
530.1	4.1
530.4	-12.52
530.8	17.67
531.1	2.93
531.5	-16.73
531.9	-27.5
532.2	12.76
532.6	-4.33
532.9	-27.27
533.3	12.29
533.6	22.82
534	-4.8
534.4	203.51
534.7	5.27
535.1	-23.05
535.4	-16.27
535.8	-8.78
536.1	-17.67
536.5	3.39
536.8	9.71
537.2	11.59
537.6	-10.42
537.9	-33.35
538.3	-23.52
538.6	13.69
539	14.16
539.3	12.99
539.7	-17.44
540	-2.22
540.4	-5.03
540.8	-13.93
541.1	-116.68
541.5	-13.69
541.8	-2.22
542.2	-8.07
542.5	-11.82
542.9	7.84
543.2	22.82
543.6	-24.93
544	16.73
544.3	-7.61
544.7	9.01
545	-0.12
545.4	-11.35
545.7	-7.37
546.1	-4.8
546.4	-11.59
546.8	-15.1
547.2	-9.95
547.5	-1.76
547.9	-20.01
548.2	2.93
548.6	-6.67
548.9	18.37
549.3	-5.27
549.6	-15.33
550	5.97
550.3	-9.71
550.7	-13.46
551.1	-32.88
551.4	4.1
551.8	3.16
552.1	-12.29
552.5	-9.25
552.8	-6.2
553.2	-19.08
553.5	-25.86
553.9	8.31
554.2	-0.12
554.6	-31.95
554.9	3.86
555.3	-5.03
555.7	6.67
556	-9.48
556.4	-18.37
556.7	-0.35
557.1	-14.39
557.4	-2.93
557.8	29.37
558.1	-15.1
558.5	-10.65
558.8	-7.84
559.2	-8.31
559.5	-11.35
559.9	-2.93
560.3	11.59
560.6	-5.73
561	13.93
561.3	13.22
561.7	5.5
562	-14.63
562.4	8.31
562.7	4.33
563.1	-0.35
563.4	-4.8
563.8	6.2
564.1	15.56
564.5	-27.27
564.8	-13.22
565.2	5.03
565.5	-2.46
565.9	-0.35
566.3	-2.46
566.6	-16.03
567	-2.93
567.3	1.52
567.7	-23.05
568	8.54
568.4	-12.05
568.7	-10.18
569.1	-7.61
569.4	-18.84
569.8	-24.93
570.1	12.99
570.5	-4.56
570.8	-5.27
571.2	-9.71
571.5	-20.01
571.9	-33.82
572.2	-21.65
572.6	-13.46
572.9	8.78
573.3	5.5
573.6	-7.37
574	-11.59
574.4	16.5
574.7	0.82
575.1	29.14
575.4	-1.76
575.8	-0.35
576.1	1.29
576.5	-11.35
576.8	-6.9
577.2	22.59
577.5	18.37
577.9	89.06
578.2	14.39
578.6	-29.37
578.9	-6.67
579.3	2.93
579.6	6.2
580	-9.48
580.3	17.67
580.7	-11.12
581	-30.78
581.4	2.46
581.7	5.03
582.1	11.59
582.4	15.56
582.8	-17.2
583.1	-2.46
583.5	-13.22
583.8	-5.03
584.2	-12.05
584.5	14.16
584.9	-2.46
585.2	-3.63
585.6	8.31
585.9	-8.78
586.3	-32.88
586.6	-21.88
587	-3.16
587.3	13.22
587.7	15.56
588	1.05
588.4	5.03
588.7	-5.5
589.1	13.22
589.4	18.84
589.8	22.35
590.1	-7.84
590.5	6.2
590.8	-13.46
591.2	22.59
591.5	0.12
591.9	-32.18
592.2	39.67
592.6	5.73
592.9	16.73
593.3	-28.67
593.6	-5.27
594	15.1
594.3	16.73
594.7	26.57
595	1.99
595.4	6.67
595.7	25.39
596.1	10.88
596.4	27.74
596.8	14.86
597.1	4.8
597.5	6.44
597.8	29.61
598.2	43.89
598.5	7.61
598.9	29.84
599.2	-6.67
599.6	16.27
599.9	18.14
600.3	31.25
600.6	12.52
601	14.39
601.3	16.73
601.7	-12.76
602	21.88
602.4	24.93
602.7	28.2
603.1	49.74
603.4	61.21
603.8	13.46
604.1	47.86
604.5	26.33
604.8	24.22
605.1	69.63
605.5	56.06
605.8	72.44
606.2	29.14
606.5	50.2
606.9	69.16
607.2	25.86
607.6	87.42
607.9	76.65
608.3	87.89
608.6	75.01
609	72.91
609.3	66.35
609.7	53.25
610	91.63
610.4	95.14
610.7	67.52
611.1	79.93
611.4	110.12
611.8	99.12
612.1	97.02
612.5	83.91
612.8	93.04
613.1	109.42
613.5	149.44
613.8	115.04
614.2	127.91
614.5	179.87
614.9	145.93
615.2	144.29
615.6	162.08
615.9	159.04
616.3	169.81
616.6	148.04
617	183.15
617.3	189.7
617.7	198.59
618	229.02
618.3	246.58
618.7	235.34
619	228.79
619.4	236.98
619.7	252.43
620.1	262.02
620.4	294.79
620.8	283.79
621.1	320.77
621.5	307.2
621.8	322.17
622.2	333.41
622.5	373.43
622.8	344.18
623.2	343.71
623.5	344.88
623.9	408.77
624.2	390.75
624.6	429.37
624.9	427.73
625.3	447.63
625.6	449.73
626	454.65
626.3	474.31
626.7	494.91
627	514.1
627.3	549.91
627.7	562.08
628	577.06
628.4	561.14
628.7	589.23
629.1	606.78
629.4	633
629.8	621.3
630.1	665.3
630.5	629.02
630.8	667.17
631.1	681.92
631.5	665.77
631.8	653.36
632.2	681.45
632.5	639.55
632.9	666
633.2	650.08
633.6	647.51
633.9	658.74
634.2	619.89
634.6	612.17
634.9	612.87
635.3	570.97
635.6	555.99
636	492.57
636.3	467.05
636.7	483.44
637	443.41
637.3	410.65
637.7	409.24
638	385.6
638.4	356.35
638.7	344.18
639.1	304.39
639.4	299
639.8	275.83
640.1	259.92
640.4	260.38
640.8	233.94
641.1	230.89
641.5	178.47
641.8	169.1
642.2	173.08
642.5	137.04
642.8	120.19
643.2	144.53
643.5	111.99
643.9	101.93
644.2	90.7
644.6	78.99
644.9	87.65
645.3	111.29
645.6	104.5
645.9	93.97
646.3	78.76
646.6	84.38
647	52.31
647.3	44.59
647.7	37.33
648	42.25
648.3	31.01
648.7	18.61
649	58.63
649.4	46.93
649.7	12.99
650.1	42.25
650.4	38.27
650.7	51.37
651.1	21.65
651.4	16.5
651.8	8.78
652.1	23.99
652.4	9.48
652.8	14.16
653.1	31.25
653.5	9.01
653.8	35.69
654.2	22.82
654.5	11.12
654.8	3.63
655.2	1.05
655.5	26.8
655.9	6.2
656.2	-12.52
656.6	12.05
656.9	31.25
657.2	31.48
657.6	-10.88
657.9	7.37
658.3	7.14
658.6	16.5
658.9	25.16
659.3	7.14
659.6	-0.82
660	39.67
660.3	20.95
660.7	25.16
661	8.07
661.3	1.05
661.7	12.52
662	7.14
662.4	12.29
662.7	-6.2
663	0.35
663.4	-4.1
663.7	-85.08
664.1	-16.27
664.4	-9.71
664.7	8.31
665.1	12.76
665.4	-16.03
665.8	13.22
666.1	-5.97
666.4	3.16
666.8	0.82
667.1	-6.44
667.5	-23.52
667.8	-16.5
668.1	-6.2
668.5	-11.35
668.8	3.86
669.2	-13.22
669.5	-5.73
669.8	-1.99
670.2	-23.99
670.5	-20.01
670.9	-12.99
671.2	-1.29
671.5	7.37
671.9	-42.71
672.2	0.59
672.6	-0.59
672.9	-20.95
673.2	2.93
673.6	-18.61
673.9	-5.97
674.3	-20.48
674.6	20.48
674.9	1.76
675.3	18.61
675.6	21.88
676	13.46
676.3	8.07
676.6	-5.27
677	-3.63
677.3	-14.63
677.7	-8.07
678	-26.8
678.3	25.63
678.7	-1.99
679	17.91
679.4	-8.07
679.7	1.99
680	-5.27
680.4	1.29
680.7	-1.29
681	6.44
681.4	-13.22
681.7	8.54
682.1	-9.95
682.4	-3.39
682.7	-29.37
683.1	-16.97
683.4	-9.95
683.8	5.27
684.1	-4.8
684.4	-8.31
684.8	-19.54
685.1	-6.44
685.4	-23.99
685.8	-11.82
686.1	5.5
686.5	13.22
686.8	-29.84
687.1	18.84
687.5	-12.99
687.8	19.08
688.1	12.99
688.5	0.59
688.8	-23.29
689.2	-28.2
689.5	-15.8
689.8	-8.54
690.2	12.05
690.5	-9.48
690.8	25.86
691.2	18.61
691.5	-12.29
691.9	0.12
692.2	-8.78
692.5	-17.44
692.9	-7.61
693.2	-33.35
693.5	-29.84
693.9	-20.01
694.2	4.33
694.6	-3.63
694.9	-0.35
695.2	-19.78
695.6	2.69
695.9	-27.27
696.2	-19.08
696.6	1.05
696.9	-1.05
697.2	20.48
697.6	37.1
697.9	-11.12
698.3	-17.91
698.6	-13.22
698.9	-11.82
699.3	-4.1
699.6	-21.65
699.9	8.07
700.3	-11.59
700.6	-10.65
700.9	-24.69
701.3	-16.03
701.6	-15.33
702	-26.1
702.3	27.97
702.6	14.16
703	-16.97
703.3	-2.69
703.6	-15.1
704	1.52
704.3	-7.61
704.6	-38.03
705	-15.56
705.3	-9.95
705.6	9.95
706	-10.18
706.3	-32.65
706.6	-38.27
707	-35.46
707.3	16.03
707.7	-10.88
708	0.12
708.3	-15.1
708.7	-17.67
709	-13.69
709.3	-15.1
709.7	-29.84
710	10.88
710.3	-8.07
710.7	11.59
711	10.88
711.3	-25.63
711.7	2.22
712	-21.65
712.3	-13.46
712.7	-9.71
713	31.95
713.3	5.73
713.7	5.5
714	26.1
714.3	-5.03
714.7	-5.27
715	0.82
715.3	-22.35
715.7	-13.46
716	33.82
716.3	-13.46
716.7	-10.42
717	-10.42
717.3	-17.67
717.7	1.05
718	-31.48
718.4	-3.39
718.7	2.22
719	-17.67
719.4	5.27
719.7	4.8
720	0.12
720.4	-21.88
720.7	3.16
721	-19.31
721.3	-17.44
721.7	0.59
722	-17.44
722.3	-14.16
722.7	-5.97
723	-5.03
723.3	-28.67
723.7	-6.67
724	13.22
724.3	3.63
724.7	-20.25
725	4.33
725.3	5.73
725.7	-3.86
726	7.14
726.3	-8.31
726.7	-5.03
727	15.56
727.3	14.63
727.7	-40.61
728	6.67
728.3	-45.06
728.7	32.18
729	5.03
729.3	6.9
729.7	-8.31
730	-2.69
730.3	-11.82
730.7	3.16
731	-3.63
731.3	-10.42
731.7	-18.61
732	4.1
732.3	-2.93
732.6	-13.46
733	-11.12
733.3	-5.97
733.6	-15.33
734	-26.57
734.3	-27.5
734.6	-21.88
735	8.07
735.3	0.82
735.6	2.69
736	0.35
736.3	-1.99
736.6	-8.78
737	-1.05
737.3	-5.73
737.6	27.27
737.9	-24.46
738.3	-1.29
738.6	-26.33
738.9	26.57
739.3	-10.42
739.6	3.63
739.9	-6.44
740.3	5.97
740.6	-17.44
740.9	1.52
741.2	-12.99
741.6	-1.99
741.9	-23.29
742.2	-30.78
742.6	-8.31
742.9	9.25
743.2	1.52
743.6	-34.29
743.9	0.82
744.2	6.67
744.6	22.12
744.9	-3.63
745.2	-49.5
745.5	-25.63
745.9	4.1
746.2	-11.59
746.5	-4.1
746.9	10.18
747.2	-38.27
747.5	-5.27
747.8	-20.71
748.2	-8.54
748.5	20.95
748.8	9.95
749.2	-4.8
749.5	12.76
749.8	0.59
750.1	-4.56
750.5	-0.35
750.8	2.46
751.1	17.91
751.5	7.84
751.8	-25.63
752.1	-35.93
752.5	-8.07
752.8	-10.65
753.1	-2.93
753.4	12.76
753.8	-24.46
754.1	-12.52
754.4	0.12
754.7	1.05
755.1	2.69
755.4	-15.56
755.7	-21.88
756.1	8.78
756.4	16.73
756.7	-29.37
757	-19.31
757.4	-36.16
757.7	3.39
758	-3.86
758.4	-1.52
758.7	6.67
759	-9.48
759.3	-25.86
759.7	26.57
760	26.57
760.3	34.29
760.7	-5.97
761	25.16
761.3	-22.35
761.6	0.59
762	-22.82
762.3	-25.86
762.6	6.2
762.9	1.05
763.3	-20.71
763.6	8.07
763.9	-2.22
764.2	-10.65
764.6	-27.5
764.9	-10.18
765.2	-7.37
765.6	-6.9
765.9	1.05
766.2	-26.1
766.5	5.97
766.9	-29.84
767.2	-35.23
767.5	0.59
767.8	-3.63
768.2	-18.84
768.5	-15.56
768.8	-9.25
769.1	-14.86
769.5	-28.44
769.8	2.93
770.1	-7.14
770.5	-14.86
770.8	-23.99
771.1	-1.52
771.4	1.05
771.8	16.73
772.1	-16.03
772.4	8.31
772.7	-24.46
773.1	-28.67
773.4	27.74
773.7	-6.9
774	-24.22
774.4	-25.16
774.7	-3.39
775	-22.35
775.3	-13.22
775.7	6.67
776	-14.63
776.3	-5.5
776.6	22.35
777	-31.01
777.3	-13.93
777.6	5.97
777.9	-20.95
778.3	-3.86
778.6	4.1
778.9	22.82
779.2	8.78
779.6	-14.86
779.9	13.69
780.2	-5.27
780.5	-23.05
780.9	-13.22
781.2	-10.88
781.5	-5.5
781.8	-12.29
782.2	21.42
782.5	-3.63
782.8	-13.46
783.1	4.1
783.4	-15.33
783.8	4.56
784.1	15.8
784.4	35.69
784.7	-29.84
785.1	-11.35
785.4	-8.31
785.7	-28.67
786	17.91
786.4	-4.56
786.7	9.01
787	-18.14
787.3	2.46
787.7	-6.44
788	-10.18
788.3	5.73
788.6	-23.76
788.9	1.05
789.3	-6.9
789.6	2.69
789.9	4.1
790.2	14.63
790.6	-37.8
790.9	-6.2
791.2	-0.82
791.5	-8.07
791.9	8.54
792.2	-1.99
792.5	-7.37
792.8	4.33
793.1	-4.1
793.5	-1.99
793.8	0.59
794.1	1.29
794.4	1.99
794.8	-28.2
795.1	9.01
795.4	-13.69
795.7	-14.63
796	3.63
796.4	-9.01
796.7	-5.27
797	31.71
797.3	-16.5
797.7	19.08
798	-12.05
798.3	-5.5
798.6	-9.48
798.9	-8.07
799.3	2.22
799.6	15.8
799.9	-5.03
800.2	3.16
800.5	0.12
800.9	-0.82
801.2	-19.31
801.5	6.44
801.8	1.99
802.2	-7.61
802.5	-6.44
802.8	12.99
803.1	12.29
803.4	25.86
803.8	-23.52
804.1	6.44
804.4	-10.88
804.7	0.59
805	-5.73
805.4	-0.12
805.7	-7.14
806	14.39
806.3	6.44
806.6	-7.84
807	-6.2
807.3	-19.31
807.6	14.16
807.9	-15.8
808.2	-5.27
808.6	-7.61
808.9	23.99
809.2	0.35
809.5	-31.95
809.8	-24.69
810.2	9.48
810.5	-5.97
810.8	1.05
811.1	-9.48
811.4	20.01
811.8	9.71
812.1	8.54
812.4	-5.97
812.7	-4.33
813	-40.61
813.4	15.8
813.7	-3.86
814	-16.73
814.3	-14.86
814.6	9.95
815	29.84
815.3	-13.93
815.6	-22.35
815.9	-1.76
816.2	-11.12
816.5	18.84
816.9	-3.86
817.2	-13.46
817.5	-11.12
817.8	-30.54
818.1	9.01
818.5	-9.71
818.8	6.44
819.1	2.22
819.4	1.76
819.7	4.33
820.1	-5.27
820.4	-13.46
820.7	18.84
821	9.71
821.3	-30.78
821.6	-8.07
822	-23.99
822.3	-21.18
822.6	-18.37
822.9	12.05
823.2	4.1
823.5	-42.95
823.9	-2.93
824.2	-8.07
824.5	-21.18
824.8	-9.48
825.1	20.25
825.5	23.29
825.8	11.35
826.1	9.95
826.4	2.93
826.7	42.95
827	-6.2
827.4	10.18
827.7	-5.5
828	-27.27
828.3	-10.18
828.6	-25.39
828.9	-27.97
829.3	6.67
829.6	8.31
829.9	-23.29
830.2	-13.69
830.5	-2.46
830.8	-2.46
831.2	-9.95
831.5	-3.63
831.8	-28.2
832.1	-13.46
832.4	-7.61
832.7	-27.27
833.1	-9.48
833.4	7.61
833.7	-16.73
834	-4.1
834.3	-12.52
834.6	5.03
835	-8.07
835.3	-23.29
835.6	-8.78
835.9	7.84
836.2	9.01
836.5	-17.91
836.8	-5.03
837.2	4.8
837.5	-12.05
837.8	3.63
838.1	-12.99
838.4	10.42
838.7	-3.16
839.1	4.33
839.4	10.65
839.7	-18.84
840	2.46
840.3	-7.37
840.6	-32.88
840.9	2.46
841.3	-29.37
841.6	6.67
841.9	9.25
842.2	31.71
842.5	6.44
842.8	-17.91
843.1	17.67
843.5	-24.22
843.8	-5.73
844.1	-12.52
844.4	0.59
844.7	1.29
845	5.27
845.3	-48.57
845.7	15.56
846	-39.67
846.3	-30.08
846.6	-17.44
846.9	-7.14
847.2	10.65
847.5	17.67
847.9	-1.29
848.2	25.39
848.5	-7.84
848.8	-2.46
849.1	2.46
849.4	-8.54
849.7	5.5
850	-15.8
850.4	-19.78
850.7	-19.08
851	16.5
851.3	15.8
851.6	0.12
851.9	-22.12
852.2	-43.65
852.5	9.01
852.9	-1.99
853.2	-13.93
853.5	-33.82
853.8	6.67
854.1	22.12
854.4	0.35
854.7	28.2
855.1	10.88
855.4	-4.1
855.7	3.16
856	5.73
856.3	13.69
856.6	-9.48
856.9	4.56
857.2	25.63
857.5	-33.12
857.9	-11.82
858.2	-18.84
858.5	-18.14
858.8	-12.52
859.1	-26.57
859.4	1.76
859.7	-5.5
860	-4.33
860.4	10.18
860.7	9.71
861	-4.33
861.3	-2.93
861.6	12.05
861.9	-22.59
862.2	-1.52
862.5	-28.44
862.8	-9.48
863.2	-7.61
863.5	29.14
863.8	28.91
864.1	-14.86
864.4	6.44
864.7	-16.03
865	-10.88
865.3	-3.39
865.6	-1.76
866	-8.31
866.3	10.18
866.6	-12.29
866.9	-7.14
867.2	-2.46
867.5	-8.07
867.8	-1.05
868.1	-13.93
868.4	-18.84
868.7	-13.69
869.1	-4.8
869.4	-0.59
869.7	5.03
870	6.9
870.3	-7.37
870.6	-14.16
870.9	-10.42
871.2	-27.74
871.5	-4.1
871.8	-14.63
872.1	-16.5
872.5	1.05
872.8	0.59
873.1	5.27
873.4	0.82
873.7	-16.27
874	8.31
874.3	-14.63
874.6	27.27
874.9	5.27
875.2	-7.37
875.6	-4.1
875.9	-20.25
876.2	-11.59
876.5	14.86
876.8	30.31
877.1	-11.12
877.4	-0.12
877.7	11.12
878	-5.73
878.3	30.78
878.6	-19.78
878.9	18.84
879.3	-29.14
879.6	-8.54
879.9	-15.1
880.2	8.78
880.5	-16.5
880.8	-10.88
881.1	-13.46
881.4	-14.63
881.7	-4.33
882	4.1
882.3	-2.93
882.6	-9.25
882.9	-13.93
883.3	-32.65
883.6	5.5
883.9	4.56
884.2	-21.65
884.5	7.84
884.8	15.56
885.1	-8.78
885.4	-21.42
885.7	-15.33
886	3.63
886.3	-12.99
886.6	-0.35
886.9	-10.18
887.2	-4.1
887.6	8.78
887.9	1.05
888.2	-30.78
888.5	-4.1
888.8	-8.78
889.1	5.5
889.4	23.76
889.7	-6.44
890	-3.63
890.3	7.84
890.6	-4.33
890.9	-2.93
891.2	19.31
891.5	2.69
891.8	6.44
892.1	-2.46
892.5	-22.59
892.8	19.08
893.1	-20.25
893.4	-6.44
893.7	15.1
894	-6.67
894.3	13.46
894.6	-2.46
894.9	-4.56
895.2	-30.54
895.5	-27.03
895.8	-12.05
896.1	31.95
896.4	6.67
896.7	-13.93
897	-56.52
897.3	-18.14
897.6	6.44
897.9	27.74
898.3	-18.14
898.6	5.73
898.9	-23.76
899.2	15.8
899.5	-9.25
899.8	18.37
900.1	-9.71
900.4	-5.03
900.7	1.29
901	7.61
901.3	16.5
901.6	-20.71
901.9	-20.95
902.2	-25.16
902.5	7.61
902.8	-0.59
903.1	-16.27
903.4	5.97
903.7	-16.27
904	18.37
904.3	-4.1
904.6	-16.97
904.9	-15.1
905.2	15.56
905.6	-15.1
905.9	-25.16
906.2	-27.97
906.5	-7.37
906.8	-17.2
907.1	-31.01
907.4	-10.65
907.7	10.18
908	-24.93
908.3	-10.88
908.6	6.2
908.9	-24.22
909.2	8.78
909.5	-19.54
909.8	-21.88
910.1	-7.37
910.4	-26.1
910.7	-12.05
911	24.22
911.3	16.27
911.6	-22.59
911.9	-6.9
912.2	-13.93
912.5	-33.12
912.8	-17.44
913.1	5.5
913.4	-2.93
913.7	-13.93
914	14.16
914.3	19.08
914.6	-18.61
914.9	-8.07
915.2	-16.03
915.5	10.42
915.8	-23.05
916.1	-1.29
916.4	-9.48
916.7	-18.84
917	-21.42
917.3	10.42
917.6	6.44
917.9	-4.33
918.2	-11.59
918.5	6.44
918.8	-15.33
919.1	-32.18
919.5	4.33
919.8	5.73
920.1	-24.69
920.4	-10.18
920.7	-16.73
921	-23.76
921.3	-0.35
921.6	-9.48
921.9	-1.76
922.2	25.16
922.5	-7.37
922.8	-22.12
923.1	6.67
923.4	-26.1
923.7	7.37
924	2.46
924.3	-11.12
924.6	-19.31
924.9	-6.67
925.2	11.35
925.5	-2.22
925.8	-1.99
926.1	-14.16
926.4	0.12
926.7	-0.35
927	-14.86
927.3	10.42
927.6	-15.33
927.9	-10.18
928.2	5.27
928.4	-41.54
928.7	-35.93
929	23.29
929.3	-0.35
929.6	15.33
929.9	-8.54
930.2	-16.5
930.5	-17.91
930.8	-5.5
931.1	-12.76
931.4	-35.93
931.7	-34.52
932	-10.42
932.3	-21.42
932.6	-5.5
932.9	23.29
933.2	-9.48
933.5	-11.12
933.8	1.76
934.1	-3.16
934.4	-18.84
934.7	6.44
935	10.65
935.3	6.67
935.6	-26.33
935.9	-19.31
936.2	13.93
936.5	-16.27
936.8	-20.01
937.1	-1.52
937.4	2.69
937.7	-29.37
938	-13.46
938.3	-8.07
938.6	-37.33
938.9	-5.27
939.2	-0.35
939.5	-22.59
939.8	-19.08
940.1	0.82
940.4	-21.18
940.7	-15.8
941	-8.31
941.3	-2.69
941.6	-10.88
941.9	-1.52
942.2	-21.42
942.4	-5.73
942.7	-14.63
943	6.2
943.3	7.14
943.6	8.54
943.9	-20.01
944.2	-6.67
944.5	-3.63
944.8	-7.61
945.1	3.86
945.4	-8.07
945.7	16.27
946	-16.27
946.3	-2.46
946.6	-1.99
946.9	10.88
947.2	-2.93
947.5	15.56
947.8	-9.95
948.1	-6.2
948.4	5.73
948.7	-25.16
949	-16.03
949.2	-3.86
949.5	-6.9
949.8	22.59
950.1	-2.46
950.4	-6.44
950.7	-13.69
951	-8.78
951.3	-53.72
951.6	-29.37
951.9	-37.1
952.2	3.39
952.5	-20.95
952.8	-9.48
953.1	-4.33
953.4	2.93
953.7	15.33
954	11.35
954.3	-27.97
954.6	-2.22
954.8	-23.99
955.1	-21.65
955.4	-11.35
955.7	16.97
956	-32.88
956.3	-2.93
956.6	-15.33
956.9	17.2
957.2	-42.48
957.5	-0.82
957.8	-22.82
958.1	-12.29
958.4	-0.59
958.7	-7.84
959	-13.22
959.2	-5.03
959.5	8.78
959.8	-39.91
960.1	-3.63
960.4	-37.1
960.7	15.1
961	16.97
961.3	-12.99
961.6	6.44
961.9	-13.46
962.2	17.67
962.5	-4.1
962.8	-28.67
963.1	-13.93
963.3	3.86
963.6	35.69
963.9	-9.71
964.2	-16.5
964.5	-13.93
964.8	19.54
965.1	-10.65
965.4	6.2
965.7	-13.93
966	2.69
966.3	4.8
966.6	4.1
966.9	3.86
967.1	-12.99
967.4	-0.59
967.7	1.05
968	19.31
968.3	-14.16
968.6	-12.99
968.9	-14.86
969.2	-10.42
969.5	7.84
969.8	-5.73
970.1	-21.88
970.3	-35.69
970.6	-21.65
970.9	10.88
971.2	-32.88
971.5	-8.78
971.8	-13.69
972.1	-7.84
972.4	7.61
972.7	-7.84
973	-10.88
973.3	-26.8
973.5	-0.35
973.8	-2.46
974.1	-1.76
974.4	1.52
974.7	3.63
975	-0.35
975.3	-27.5
975.6	-11.12
975.9	-4.8
976.2	10.42
976.4	5.73
976.7	-19.78
977	-12.76
977.3	-46.23
977.6	-17.91
977.9	-1.99
978.2	6.2
978.5	-5.03
978.8	-9.25
979	-13.22
979.3	17.67
979.6	-6.44
979.9	18.61
980.2	-3.16
980.5	10.42
980.8	-11.35
981.1	7.14
981.4	23.05
981.6	-15.33
981.9	10.42
982.2	29.61
982.5	21.18
982.8	-2.69
983.1	-16.73
983.4	2.46
983.7	-5.03
984	6.44
984.2	-9.01
984.5	-32.65
984.8	-8.54
985.1	-18.37
985.4	-25.39
985.7	18.61
986	-4.56
986.3	-13.46
986.5	5.27
986.8	-5.27
987.1	-10.65
987.4	5.73
987.7	-22.59
988	-70.33
988.3	8.78
988.6	-19.54
988.8	-28.2
989.1	3.16
989.4	-8.31
989.7	14.39
990	-10.42
990.3	2.46
990.6	8.78
990.9	-11.12
991.1	-10.65
991.4	15.1
991.7	5.03
992	-7.14
992.3	-15.56
992.6	5.97
992.9	5.73
993.1	11.82
993.4	-9.95
993.7	-13.93
994	-26.33
994.3	-16.03
994.6	5.5
994.9	-20.71
995.1	-22.35
995.4	-22.82
995.7	29.37
996	14.63
996.3	-1.52
996.6	-19.08
996.9	-24.93
997.1	-10.18
997.4	1.05
997.7	-20.25
998	-10.18
998.3	-7.14
998.6	-31.71
998.9	36.63
999.1	-28.91
999.4	-23.05
999.7	-3.16
1000	-4.33
1000.3	-9.01
1000.6	-5.97
1000.8	-20.95
1001.1	2.46
1001.4	6.44
1001.7	-16.73
1002	-10.88
1002.3	-10.88
1002.6	-10.88
1002.8	-13.93
1003.1	3.39
1003.4	-23.52
1003.7	-16.5
1004	-11.59
1004.3	-22.35
1004.5	-23.99
1004.8	-12.05
1005.1	-20.25
1005.4	-9.25
1005.7	-29.84
1006	-21.18
1006.2	0.59
1006.5	3.16
1006.8	-15.33
1007.1	-8.78
1007.4	-2.93
1007.7	-12.99
1007.9	-26.8
1008.2	-0.12
1008.5	-14.39
1008.8	-12.52
1009.1	-24.22
1009.4	-2.46
1009.6	-13.93
1009.9	-27.74
1010.2	-6.2
1010.5	2.22
1010.8	-2.22
1011.1	33.35
1011.3	5.03
1011.6	-21.88
1011.9	-25.39
1012.2	2.69
1012.5	-18.14
1012.7	0.59
1013	-12.52
1013.3	-11.35
1013.6	-25.63
1013.9	-4.1
1014.2	-21.18
1014.4	28.44
1014.7	-13.46
1015	-6.44
1015.3	-13.69
1015.6	-0.12
1015.8	23.52
1016.1	4.33
1016.4	-13.69
1016.7	-2.93
1017	4.8
1017.2	-3.16
1017.5	-7.84
1017.8	-6.2
1018.1	-5.97
1018.4	-22.12
1018.7	-12.29
1018.9	-21.42
1019.2	-11.59
1019.5	-8.07
1019.8	-1.52
1020.1	-9.25
1020.3	-12.52
1020.6	-16.27
1020.9	-16.27
1021.2	-16.27
