340.2	6.96
340.6	6.96
340.9	6.96
341.3	6.72
341.7	4.85
342.1	5.55
342.4	-30.02
342.8	5.08
343.2	-0.3
343.6	-11.3
343.9	-24.17
344.3	0.17
344.7	-4.28
345.1	2.98
345.4	-7.32
345.8	17.96
346.2	-25.11
346.6	38.32
346.9	-11.77
347.3	-13.87
347.7	10.94
348	-39.15
348.4	17.72
348.8	-3.34
349.2	-19.26
349.5	-12.94
349.9	-27.22
350.3	14.91
350.7	21.7
351	-14.58
351.4	2.98
351.8	-36.11
352.2	25.91
352.5	-34
352.9	0.64
353.3	-15.75
353.6	-26.04
354	11.87
354.4	6.96
354.8	-16.45
355.1	-4.51
355.5	-0.3
355.9	6.49
356.3	-2.64
356.6	-21.6
357	-1.7
357.4	18.43
357.8	14.91
358.1	-21.6
358.5	-4.98
358.9	-35.17
359.2	7.42
359.6	7.89
360	-4.75
360.4	-7.09
360.7	9.77
361.1	-19.73
361.5	-8.49
361.9	-24.17
362.2	-20.66
362.6	-15.04
363	-4.04
363.3	-5.45
363.7	14.91
364.1	-16.92
364.5	-10.83
364.8	-22.07
365.2	12.81
365.6	-20.19
366	5.55
366.3	41.6
366.7	-8.72
367.1	-3.81
367.4	-8.26
367.8	-9.43
368.2	4.85
368.6	-1
368.9	-12.47
369.3	-28.62
369.7	-0.77
370	3.91
370.4	-22.07
370.8	6.72
371.2	-24.87
371.5	4.62
371.9	-9.19
372.3	3.21
372.6	23.81
373	-10.13
373.4	33.64
373.8	-6.85
374.1	-13.41
374.5	-1.7
374.9	-2.17
375.2	-15.75
375.6	20.77
376	17.49
376.4	-16.68
376.7	-15.51
377.1	-11.53
377.5	-15.75
377.8	-17.38
378.2	-17.15
378.6	-33.3
379	2.74
379.3	-23
379.7	12.34
380.1	-19.49
380.4	8.13
380.8	-24.17
381.2	-0.07
381.6	-12.47
381.9	13.28
382.3	36.92
382.7	12.57
383	0.87
383.4	-12.24
383.8	-1
384.2	-11.77
384.5	13.04
384.9	-3.81
385.3	5.08
385.6	-41.26
386	2.04
386.4	6.72
386.7	10.47
387.1	43.7
387.5	-3.58
387.9	4.15
388.2	1.11
388.6	-13.17
389	0.4
389.3	14.45
389.7	9.77
390.1	-15.51
390.5	-0.77
390.8	-2.87
391.2	0.64
391.6	-21.6
391.9	-34.7
392.3	7.19
392.7	9.77
393	-11.3
393.4	0.17
393.8	-18.79
394.2	-26.98
394.5	-21.83
394.9	-12.47
395.3	-19.26
395.6	24.51
396	-24.17
396.4	6.25
396.7	-29.56
397.1	-20.43
397.5	1.81
397.8	-16.21
398.2	-8.72
398.6	6.72
399	-20.66
399.3	-1.47
399.7	-13.41
400.1	1.81
400.4	3.21
400.8	4.85
401.2	-13.87
401.5	-0.77
401.9	7.19
402.3	-19.96
402.7	-5.21
403	-8.96
403.4	5.55
403.8	-19.96
404.1	-2.87
404.5	26.15
404.9	-14.58
405.2	-20.43
405.6	-25.34
406	-14.58
406.3	-1.24
406.7	-1.24
407.1	7.66
407.4	0.4
407.8	-15.28
408.2	-3.34
408.6	-1.47
408.9	-15.98
409.3	1.57
409.7	3.45
410	-28.15
410.4	-22.77
410.8	-11.07
411.1	-0.07
411.5	-7.32
411.9	-10.13
412.2	11.4
412.6	-9.43
413	0.64
413.3	4.38
413.7	11.87
414.1	-7.79
414.4	-37.98
414.8	-2.41
415.2	4.38
415.5	-18.32
415.9	25.91
416.3	-10.13
416.7	-30.96
417	1.81
417.4	-38.92
417.8	8.59
418.1	-16.45
418.5	10.94
418.9	11.87
419.2	37.62
419.6	-6.38
420	-16.92
420.3	-2.17
420.7	4.62
421.1	6.49
421.4	-12
421.8	18.66
422.2	-26.04
422.5	5.79
422.9	15.15
423.3	-23.7
423.6	-3.11
424	101.28
424.4	86.77
424.7	-4.04
425.1	-5.68
425.5	7.89
425.8	5.79
426.2	-1.47
426.6	-30.26
426.9	-14.34
427.3	-4.98
427.7	8.13
428	-29.32
428.4	-22.53
428.8	-21.13
429.1	-12.94
429.5	-7.79
429.9	2.04
430.2	-38.45
430.6	-20.9
431	-21.83
431.3	1.81
431.7	-3.34
432.1	-24.87
432.4	-10.36
432.8	25.91
433.2	-24.87
433.5	-11.3
433.9	-4.28
434.3	0.17
434.6	-19.49
435	-1.24
435.4	-1.7
435.7	-4.04
436.1	16.08
436.5	0.87
436.8	-15.51
437.2	-6.15
437.6	-11.3
437.9	-39.85
438.3	-27.22
438.7	-14.11
439	22.4
439.4	11.17
439.8	32.47
440.1	-4.75
440.5	-6.15
440.9	-6.62
441.2	27.32
441.6	-26.04
442	-7.09
442.3	-32.13
442.7	-14.11
443.1	30.36
443.4	27.09
443.8	-11.07
444.1	-1.7
444.5	7.42
444.9	10
445.2	-4.75
445.6	-1.7
446	-7.55
446.3	-44.3
446.7	-14.81
447.1	-19.49
447.4	-10.13
447.8	-3.81
448.2	-24.64
448.5	2.51
448.9	-16.68
449.3	-5.21
449.6	-2.17
450	2.98
450.4	-14.11
450.7	4.62
451.1	4.62
451.4	-2.41
451.8	-11.3
452.2	-25.11
452.5	7.66
452.9	16.55
453.3	-19.96
453.6	-12.7
454	-31.9
454.4	-9.43
454.7	-19.73
455.1	-12
455.5	-1.7
455.8	-28.85
456.2	0.64
456.5	-46.88
456.9	1.11
457.3	-37.98
457.6	-0.3
458	0.4
458.4	2.74
458.7	8.83
459.1	-20.19
459.5	-0.77
459.8	3.45
460.2	-5.68
460.5	-8.26
460.9	-22.53
461.3	4.15
461.6	-12
462	-17.85
462.4	-24.87
462.7	12.11
463.1	-4.51
463.5	3.45
463.8	6.96
464.2	-0.07
464.5	10.47
464.9	-6.85
465.3	-4.98
465.6	-8.96
466	5.32
466.4	-17.15
466.7	-4.98
467.1	-14.34
467.5	5.55
467.8	-12.24
468.2	-19.26
468.5	-26.98
468.9	-1.7
469.3	-1.24
469.6	6.72
470	-21.36
470.4	-7.55
470.7	-8.96
471.1	2.98
471.4	-4.04
471.8	-13.41
472.2	-6.38
472.5	38.32
472.9	-15.75
473.3	-1.7
473.6	-7.09
474	12.57
474.3	-12.47
474.7	-12
475.1	-6.85
475.4	-23.24
475.8	-12.24
476.2	-23.7
476.5	-1.47
476.9	-23.94
477.2	-29.56
477.6	-4.04
478	-10.83
478.3	3.45
478.7	-4.51
479.1	-23
479.4	-12.24
479.8	5.08
480.1	-25.81
480.5	-21.83
480.9	8.36
481.2	-26.51
481.6	2.04
481.9	5.55
482.3	-1.24
482.7	-8.02
483	-13.87
483.4	18.19
483.8	-24.17
484.1	-5.92
484.5	-24.17
484.8	-1.47
485.2	-29.32
485.6	13.04
485.9	12.81
486.3	-8.72
486.6	-16.92
487	17.72
487.4	2.74
487.7	10.94
488.1	-9.43
488.5	-7.55
488.8	12.81
489.2	21
489.5	-29.79
489.9	15.38
490.3	30.6
490.6	-16.45
491	2.74
491.3	12.11
491.7	-42.19
492.1	-34
492.4	-6.62
492.8	19.13
493.1	-16.92
493.5	-5.92
493.9	-7.55
494.2	12.11
494.6	-6.85
494.9	-9.43
495.3	-19.49
495.7	-0.53
496	-2.64
496.4	11.64
496.7	-24.17
497.1	-0.77
497.5	0.64
497.8	-2.41
498.2	5.79
498.5	-23.7
498.9	19.13
499.3	-14.34
499.6	-4.51
500	-3.58
500.3	17.49
500.7	2.04
501.1	-3.34
501.4	2.74
501.8	-1
502.1	-37.75
502.5	2.74
502.9	-2.41
503.2	-20.9
503.6	-8.96
503.9	-57.88
504.3	-36.58
504.7	0.4
505	-26.04
505.4	5.08
505.7	14.91
506.1	7.42
506.5	-19.02
506.8	2.51
507.2	-1
507.5	-2.87
507.9	-15.51
508.2	-2.17
508.6	4.38
509	29.19
509.3	15.85
509.7	-20.19
510	-16.45
510.4	-12.47
510.8	-14.11
511.1	1.57
511.5	-5.68
511.8	-9.9
512.2	4.85
512.6	16.55
512.9	5.08
513.3	-8.02
513.6	-9.9
514	-16.68
514.3	-5.68
514.7	1.81
515.1	-19.49
515.4	4.15
515.8	-23.94
516.1	-31.19
516.5	3.68
516.9	25.68
517.2	-7.09
517.6	-9.43
517.9	-1.94
518.3	-11.77
518.6	9.77
519	-11.77
519.4	-19.73
519.7	-28.62
520.1	21.47
520.4	-30.02
520.8	-4.28
521.1	-51.32
521.5	3.68
521.9	-5.92
522.2	3.68
522.6	-16.21
522.9	-1
523.3	-9.43
523.6	-20.9
524	-48.51
524.4	-3.81
524.7	22.4
525.1	-7.79
525.4	14.68
525.8	-23.47
526.2	-3.34
526.5	19.83
526.9	-8.26
527.2	-3.58
527.6	-2.41
527.9	-7.55
528.3	-13.87
528.6	-16.45
529	-26.04
529.4	-20.19
529.7	4.62
530.1	-19.26
530.4	-38.45
530.8	21.94
531.1	0.87
531.5	15.15
531.9	-33.07
532.2	-2.64
532.6	-17.85
532.9	-28.39
533.3	17.72
533.6	-3.81
534	-2.87
534.4	173.37
534.7	7.66
535.1	0.64
535.4	-10.13
535.8	-2.17
536.1	-15.04
536.5	-7.55
536.8	27.09
537.2	-13.41
537.6	-2.17
537.9	-17.38
538.3	-18.79
538.6	19.83
539	-18.79
539.3	-0.77
539.7	-32.6
540	-13.17
540.4	-1.47
540.8	-17.15
541.1	-101.64
541.5	-8.72
541.8	-12.24
542.2	-20.43
542.5	-1.24
542.9	18.66
543.2	1.11
543.6	-28.62
544	-10.6
544.3	-15.04
544.7	-13.87
545	-7.09
545.4	-17.38
545.7	4.62
546.1	-24.41
546.4	4.38
546.8	-16.21
547.2	-6.15
547.5	7.19
547.9	3.21
548.2	-18.09
548.6	-12
548.9	5.79
549.3	-12
549.6	-17.38
550	-2.41
550.3	0.4
550.7	-14.58
551.1	-35.17
551.4	6.72
551.8	-26.28
552.1	0.17
552.5	2.51
552.8	6.02
553.2	-37.28
553.5	-16.21
553.9	2.74
554.2	-8.49
554.6	-13.17
554.9	-3.58
555.3	3.91
555.7	2.74
556	3.91
556.4	-22.3
556.7	-13.17
557.1	0.64
557.4	5.32
557.8	-26.98
558.1	-8.02
558.5	6.72
558.8	-1
559.2	-8.72
559.5	-8.49
559.9	-3.81
560.3	4.15
560.6	-6.62
561	20.53
561.3	-26.98
561.7	-2.87
562	-7.79
562.4	-23.94
562.7	2.74
563.1	-25.34
563.4	-19.26
563.8	8.59
564.1	-1
564.5	-28.62
564.8	23.81
565.2	-21.13
565.5	-6.38
565.9	15.85
566.3	1.34
566.6	0.64
567	-5.21
567.3	3.45
567.7	-9.19
568	27.55
568.4	-29.32
568.7	-11.07
569.1	-18.32
569.4	-41.49
569.8	-26.04
570.1	-3.81
570.5	3.91
570.8	0.4
571.2	-1.24
571.5	-3.81
571.9	-19.26
572.2	-24.41
572.6	2.74
572.9	23.11
573.3	7.89
573.6	-5.21
574	11.87
574.4	-0.53
574.7	6.96
575.1	3.45
575.4	7.89
575.8	3.68
576.1	17.72
576.5	-25.81
576.8	10
577.2	19.36
577.5	13.51
577.9	42.77
578.2	1.11
578.6	-8.26
578.9	-4.28
579.3	13.28
579.6	1.34
580	-7.55
580.3	-7.79
580.7	-0.77
581	-23.24
581.4	10.7
581.7	-15.04
582.1	-0.53
582.4	4.62
582.8	0.17
583.1	-9.19
583.5	13.28
583.8	-21.13
584.2	3.45
584.5	14.21
584.9	2.98
585.2	-0.53
585.6	16.08
585.9	0.4
586.3	1.11
586.6	-10.83
587	6.49
587.3	-2.41
587.7	-8.49
588	25.21
588.4	-9.43
588.7	-15.28
589.1	9.06
589.4	0.4
589.8	23.81
590.1	-4.28
590.5	14.21
590.8	0.87
591.2	18.43
591.5	-2.17
591.9	-33.77
592.2	29.43
592.6	10.94
592.9	13.04
593.3	-0.3
593.6	16.55
594	26.15
594.3	-14.58
594.7	10.23
595	2.51
595.4	0.17
595.7	4.15
596.1	11.4
596.4	13.51
596.8	46.28
597.1	-3.34
597.5	11.4
597.8	18.89
598.2	27.09
598.5	2.74
598.9	11.4
599.2	6.49
599.6	1.57
599.9	12.81
600.3	51.19
600.6	14.21
601	35.51
601.3	10.7
601.7	-7.79
602	33.17
602.4	20.3
602.7	28.49
603.1	36.21
603.4	52.83
603.8	23.57
604.1	33.64
604.5	40.43
604.8	28.26
605.1	46.98
605.5	61.96
605.8	74.36
606.2	54.7
606.5	41.13
606.9	79.98
607.2	47.68
607.6	45.58
607.9	62.9
608.3	77.17
608.6	80.22
609	60.32
609.3	51.66
609.7	69.45
610	94.73
610.4	70.85
610.7	81.15
611.1	97.07
611.4	134.52
611.8	91.68
612.1	93.79
612.5	87.94
612.8	112.75
613.1	117.43
613.5	130.07
613.8	88.88
614.2	122.58
614.5	184.84
614.9	141.3
615.2	152.77
615.6	143.41
615.9	177.35
616.3	148.56
616.6	167.28
617	174.07
617.3	184.14
617.7	194.9
618	232.12
618.3	240.07
618.7	250.84
619	223.92
619.4	255.29
619.7	254.59
620.1	275.18
620.4	281.74
620.8	300.46
621.1	308.18
621.5	294.84
621.8	327.14
622.2	367.17
622.5	345.4
622.8	361.31
623.2	350.31
623.5	359.21
623.9	420.3
624.2	407.89
624.6	439.96
624.9	427.78
625.3	467.57
625.6	440.19
626	463.13
626.3	481.38
626.7	466.4
627	510.87
627.3	536.85
627.7	536.62
628	566.11
628.4	547.39
628.7	645.92
629.1	591.15
629.4	627.9
629.8	633.52
630.1	669.56
630.5	666.52
630.8	667.46
631.1	676.58
631.5	674.01
631.8	660.2
632.2	685.48
632.5	674.95
632.9	644.52
633.2	623.45
633.6	666.75
633.9	643.58
634.2	605.9
634.6	564.24
634.9	582.26
635.3	571.73
635.6	530.53
636	503.62
636.3	470.38
636.7	468.51
637	431.76
637.3	439.96
637.7	391.97
638	393.14
638.4	345.63
638.7	342.59
639.1	315.67
639.4	309.12
639.8	281.74
640.1	254.59
640.4	239.14
640.8	203.33
641.1	205.43
641.5	160.5
641.8	184.84
642.2	178.05
642.5	134.75
642.8	149.96
643.2	149.96
643.5	104.56
643.9	111.81
644.2	110.88
644.6	87.24
644.9	79.75
645.3	83.02
645.6	95.19
645.9	110.64
646.3	88.17
646.6	84.43
647	50.96
647.3	40.43
647.7	42.3
648	29.43
648.3	19.36
648.7	-1.94
649	28.96
649.4	39.02
649.7	30.13
650.1	24.51
650.4	29.19
650.7	26.38
651.1	20.06
651.4	-8.26
651.8	14.91
652.1	18.66
652.4	-6.15
652.8	-1.47
653.1	39.49
653.5	17.25
653.8	33.87
654.2	36.45
654.5	42.3
654.8	-9.9
655.2	-5.92
655.5	26.15
655.9	17.02
656.2	21.94
656.6	2.28
656.9	42.53
657.2	22.64
657.6	-12.47
657.9	19.36
658.3	-5.45
658.6	3.45
658.9	15.38
659.3	10.94
659.6	5.32
660	19.36
660.3	9.53
660.7	7.42
661	-2.64
661.3	3.21
661.7	-13.87
662	21.7
662.4	-22.77
662.7	9.3
663	-25.34
663.4	10.47
663.7	14.68
664.1	-12.7
664.4	-25.81
664.7	-19.73
665.1	-5.68
665.4	-11.07
665.8	17.49
666.1	18.66
666.4	-0.07
666.8	2.51
667.1	-8.49
667.5	-8.26
667.8	-10.83
668.1	15.15
668.5	8.59
668.8	-5.45
669.2	-1
669.5	-5.21
669.8	7.42
670.2	-7.09
670.5	0.64
670.9	-10.13
671.2	1.34
671.5	9.53
671.9	-40.09
672.2	-17.85
672.6	21.94
672.9	-0.07
673.2	-3.11
673.6	-1.24
673.9	4.62
674.3	-26.04
674.6	11.4
674.9	19.13
675.3	40.43
675.6	-0.77
676	86.3
676.3	-1
676.6	-35.88
677	29.89
677.3	-30.26
677.7	-22.53
678	6.49
678.3	1.57
678.7	-25.58
679	-4.98
679.4	-7.32
679.7	2.98
680	11.64
680.4	10
680.7	1.57
681	1.57
681.4	-0.53
681.7	-21.83
682.1	-2.17
682.4	-3.58
682.7	-28.85
683.1	-29.56
683.4	24.74
683.8	38.55
684.1	2.51
684.4	3.45
684.8	-32.13
685.1	-1.7
685.4	19.83
685.8	0.64
686.1	-9.19
686.5	7.19
686.8	-27.22
687.1	20.77
687.5	11.64
687.8	11.87
688.1	-3.58
688.5	-5.21
688.8	-5.45
689.2	-0.53
689.5	-0.53
689.8	-118.96
690.2	28.96
690.5	-31.9
690.8	7.66
691.2	24.51
691.5	-15.04
691.9	-1.7
692.2	-13.87
692.5	3.21
692.9	10.47
693.2	-6.85
693.5	-10.83
693.9	6.72
694.2	10.7
694.6	6.02
694.9	-1.94
695.2	-24.41
695.6	-15.98
695.9	-41.49
696.2	-8.96
696.6	-3.34
696.9	8.13
697.2	3.45
697.6	21.23
697.9	-4.51
698.3	-31.66
698.6	8.83
698.9	-25.34
699.3	-5.68
699.6	-26.04
699.9	-2.64
700.3	-17.38
700.6	-23.47
700.9	-37.28
701.3	-15.04
701.6	-27.45
702	-24.87
702.3	21.94
702.6	3.45
703	-5.68
703.3	-13.17
703.6	-20.43
704	-7.79
704.3	-8.96
704.6	-31.9
705	-12.7
705.3	-22.53
705.6	-0.07
706	16.32
706.3	-32.6
706.6	-19.02
707	-23.94
707.3	21.23
707.7	-22.3
708	-6.15
708.3	-5.21
708.7	-4.98
709	7.89
709.3	-3.81
709.7	3.68
710	-16.21
710.3	-7.55
710.7	3.21
711	12.34
711.3	-18.56
711.7	5.08
712	-11.77
712.3	-36.11
712.7	-12.94
713	12.34
713.3	-8.49
713.7	-15.28
714	17.25
714.3	-6.15
714.7	15.15
715	-9.9
715.3	-9.9
715.7	-12.24
716	22.17
716.3	-4.75
716.7	-12
717	-9.66
717.3	11.64
717.7	-3.11
718	-23
718.4	-30.02
718.7	-2.64
719	-32.6
719.4	-16.68
719.7	-15.04
720	-15.28
720.4	-10.13
720.7	-9.43
721	-44.07
721.3	-23.7
721.7	-3.11
722	-7.09
722.3	-26.51
722.7	-9.66
723	-12.24
723.3	-30.73
723.7	3.21
724	31.3
724.3	-8.02
724.7	-28.85
725	-16.45
725.3	1.11
725.7	15.85
726	2.51
726.3	-10.83
726.7	-19.02
727	16.79
727.3	-8.49
727.7	-11.3
728	34.81
728.3	-39.85
728.7	9.06
729	12.34
729.3	14.45
729.7	-2.64
730	-10.6
730.3	-12.24
730.7	9.77
731	-23.94
731.3	-12.24
731.7	-16.92
732	-3.11
732.3	-5.21
732.6	-11.3
733	-23.94
733.3	-6.62
733.6	-12.47
734	-1.24
734.3	-11.77
734.6	-14.11
735	-8.72
735.3	-5.92
735.6	-22.3
736	-10.13
736.3	-3.81
736.6	-26.98
737	21.47
737.3	-21.6
737.6	21.7
737.9	-17.38
738.3	20.06
738.6	-61.62
738.9	26.15
739.3	-2.17
739.6	-4.75
739.9	6.49
740.3	-10.13
740.6	-12.24
740.9	-2.17
741.2	-12
741.6	11.64
741.9	-17.15
742.2	-8.72
742.6	-13.41
742.9	1.11
743.2	-16.45
743.6	-11.77
743.9	5.32
744.2	0.87
744.6	28.96
744.9	-7.79
745.2	-39.62
745.5	-27.68
745.9	-2.64
746.2	19.36
746.5	-15.28
746.9	22.64
747.2	-20.66
747.5	-15.28
747.8	10.94
748.2	-1.24
748.5	12.11
748.8	-9.9
749.2	-11.77
749.5	16.79
749.8	-14.81
750.1	10
750.5	-11.77
750.8	4.62
751.1	-6.85
751.5	-12.7
751.8	-25.81
752.1	-30.02
752.5	11.64
752.8	-17.38
753.1	-8.26
753.4	-4.98
753.8	-17.62
754.1	-15.04
754.4	-19.49
754.7	1.57
755.1	-9.19
755.4	-34.47
755.7	-7.79
756.1	-1.94
756.4	15.38
756.7	-1.94
757	-14.34
757.4	-28.39
757.7	-19.96
758	-32.83
758.4	-1.47
758.7	10.94
759	-3.34
759.3	-23.47
759.7	21.23
760	-0.3
760.3	11.17
760.7	-4.75
761	7.19
761.3	-2.64
761.6	4.15
762	-6.38
762.3	-10.13
762.6	-15.98
762.9	4.38
763.3	-59.98
763.6	-24.41
763.9	-8.72
764.2	-27.45
764.6	-14.58
764.9	-17.85
765.2	-17.38
765.6	-14.58
765.9	5.55
766.2	-19.96
766.5	5.79
766.9	-19.02
767.2	-14.58
767.5	-4.51
767.8	-20.66
768.2	-25.58
768.5	1.34
768.8	13.04
769.1	6.96
769.5	-17.38
769.8	-3.34
770.1	6.02
770.5	-13.87
770.8	-1.94
771.1	1.11
771.4	-7.09
771.8	0.17
772.1	10.7
772.4	5.08
772.7	-14.11
773.1	-12
773.4	9.3
773.7	3.91
774	-26.28
774.4	-19.26
774.7	-2.87
775	-24.64
775.3	-32.36
775.7	3.21
776	-15.98
776.3	-17.85
776.6	27.79
777	-11.77
777.3	-29.79
777.6	-14.58
777.9	-23.24
778.3	-1
778.6	30.13
778.9	10.94
779.2	-26.28
779.6	-27.22
779.9	-4.75
780.2	14.91
780.5	-39.62
780.9	-15.04
781.2	-25.34
781.5	0.4
781.8	-3.11
782.2	-27.92
782.5	-9.43
782.8	-5.68
783.1	-6.38
783.4	-20.43
783.8	-14.58
784.1	-1.94
784.4	31.06
784.7	-6.38
785.1	-0.3
785.4	-8.72
785.7	0.64
786	-2.64
786.4	-33.77
786.7	-3.81
787	-3.81
787.3	-5.92
787.7	-8.49
788	-2.87
788.3	-8.49
788.6	-16.68
788.9	-7.79
789.3	-4.28
789.6	-21.83
789.9	-6.15
790.2	-9.43
790.6	-12.7
790.9	5.08
791.2	-2.87
791.5	-6.15
791.9	8.83
792.2	13.98
792.5	-5.92
792.8	-7.55
793.1	-3.81
793.5	-16.92
793.8	13.28
794.1	1.81
794.4	-2.17
794.8	22.87
795.1	8.59
795.4	-26.75
795.7	-35.64
796	-15.51
796.4	3.68
796.7	5.79
797	5.32
797.3	6.25
797.7	17.72
798	-4.98
798.3	-10.83
798.6	-1.47
798.9	-9.66
799.3	-4.04
799.6	0.64
799.9	10.94
800.2	12.81
800.5	-15.51
800.9	-25.11
801.2	-5.45
801.5	-8.02
801.8	4.38
802.2	-6.85
802.5	-8.72
802.8	-3.11
803.1	15.38
803.4	24.51
803.8	4.62
804.1	-29.09
804.4	-8.26
804.7	-15.98
805	17.49
805.4	-22.3
805.7	-31.19
806	2.28
806.3	11.17
806.6	3.45
807	9.53
807.3	-4.98
807.6	4.62
807.9	-19.26
808.2	1.11
808.6	-1.94
808.9	9.77
809.2	-6.85
809.5	-13.41
809.8	5.55
810.2	23.11
810.5	-1.47
810.8	13.04
811.1	-12.24
811.4	44.17
811.8	15.85
812.1	-27.22
812.4	-9.43
812.7	12.34
813	-0.07
813.4	9.06
813.7	-8.26
814	-17.38
814.3	-12
814.6	13.04
815	8.83
815.3	-20.9
815.6	4.15
815.9	9.53
816.2	-19.96
816.5	23.81
816.9	2.98
817.2	0.87
817.5	-11.77
817.8	-11.53
818.1	15.38
818.5	-8.02
818.8	2.28
819.1	-12
819.4	-22.77
819.7	-13.41
820.1	-11.3
820.4	-16.45
820.7	35.75
821	-0.07
821.3	-40.79
821.6	4.62
822	-7.79
822.3	-19.73
822.6	-44.07
822.9	-13.17
823.2	-15.28
823.5	-19.26
823.9	0.87
824.2	-9.19
824.5	-6.38
824.8	-6.85
825.1	31.77
825.5	19.6
825.8	-14.34
826.1	7.19
826.4	18.89
826.7	23.81
827	18.19
827.4	-12.7
827.7	-12.94
828	-32.36
828.3	6.02
828.6	-19.49
828.9	-43.13
829.3	8.83
829.6	-12.94
829.9	-30.49
830.2	-15.51
830.5	-15.28
830.8	-0.07
831.2	-6.62
831.5	3.45
831.8	-32.36
832.1	-15.04
832.4	-21.83
832.7	-45.47
833.1	-13.17
833.4	5.79
833.7	-13.41
834	-2.41
834.3	0.64
834.6	-8.72
835	2.28
835.3	-17.38
835.6	-5.92
835.9	2.28
836.2	3.21
836.5	-10.13
836.8	-23.47
837.2	-8.49
837.5	-7.55
837.8	-17.85
838.1	-19.02
838.4	0.17
838.7	-12.7
839.1	31.77
839.4	-2.41
839.7	3.21
840	7.42
840.3	-13.64
840.6	-153.6
840.9	-13.17
841.3	-26.98
841.6	-15.98
841.9	-5.68
842.2	20.53
842.5	-28.39
842.8	1.81
843.1	7.89
843.5	-28.85
843.8	-13.64
844.1	-10.6
844.4	-15.51
844.7	20.3
845	-19.26
845.3	-10.83
845.7	-6.85
846	-31.9
846.3	-7.55
846.6	-1.24
846.9	-13.17
847.2	17.49
847.5	-25.81
847.9	-8.96
848.2	17.96
848.5	-1
848.8	-27.22
849.1	11.4
849.4	8.36
849.7	-8.26
850	-25.58
850.4	-6.62
850.7	-35.88
851	20.3
851.3	0.4
851.6	-12.94
851.9	-17.62
852.2	-25.58
852.5	-13.17
852.9	4.62
853.2	-8.26
853.5	-25.81
853.8	11.4
854.1	10
854.4	-23.94
854.7	2.74
855.1	-8.96
855.4	-2.64
855.7	-9.66
856	13.74
856.3	-1
856.6	21.7
856.9	-18.32
857.2	-17.62
857.5	-3.58
857.9	5.55
858.2	10.23
858.5	0.17
858.8	-26.28
859.1	-36.11
859.4	14.45
859.7	0.17
860	-0.3
860.4	0.17
860.7	5.55
861	3.68
861.3	-10.83
861.6	6.49
861.9	16.79
862.2	-5.68
862.5	-19.73
862.8	-0.3
863.2	13.04
863.5	29.66
863.8	18.43
864.1	-1.24
864.4	2.51
864.7	-0.3
865	10.94
865.3	-3.81
865.6	26.38
866	16.55
866.3	9.77
866.6	-18.32
866.9	20.77
867.2	-5.45
867.5	-9.66
867.8	11.17
868.1	-2.64
868.4	6.49
868.7	-23.94
869.1	9.3
869.4	-6.15
869.7	11.64
870	-10.83
870.3	9.06
870.6	-2.64
870.9	-15.98
871.2	-12
871.5	17.96
871.8	-7.32
872.1	-25.11
872.5	-1.94
872.8	-14.34
873.1	-7.32
873.4	-8.96
873.7	-20.43
874	20.06
874.3	-16.68
874.6	11.64
874.9	20.53
875.2	10.23
875.6	2.04
875.9	-15.28
876.2	-3.34
876.5	19.6
876.8	-7.32
877.1	-3.81
877.4	-0.3
877.7	-13.41
878	-7.79
878.3	16.08
878.6	-19.49
878.9	7.42
879.3	-21.13
879.6	11.4
879.9	3.45
880.2	-31.9
880.5	-22.07
880.8	15.85
881.1	-23.24
881.4	-17.15
881.7	6.49
882	12.11
882.3	-3.81
882.6	22.17
882.9	-51.79
883.3	-33.3
883.6	-19.49
883.9	1.81
884.2	-13.41
884.5	-19.73
884.8	5.55
885.1	-36.81
885.4	-18.32
885.7	-0.77
886	3.21
886.3	-30.49
886.6	-12.94
886.9	3.68
887.2	2.28
887.6	7.89
887.9	0.87
888.2	-6.38
888.5	-11.77
888.8	-1.94
889.1	2.51
889.4	29.89
889.7	-3.81
890	-0.07
890.3	0.87
890.6	-12
890.9	23.57
891.2	13.51
891.5	-3.81
891.8	-17.85
892.1	17.02
892.5	-6.85
892.8	17.72
893.1	-24.64
893.4	-23
893.7	2.51
894	-1.24
894.3	-5.92
894.6	-3.58
894.9	-7.79
895.2	-12.94
895.5	-14.34
895.8	-5.21
896.1	2.28
896.4	-3.58
896.7	-34.47
897	-59.28
897.3	-8.26
897.6	-24.87
897.9	33.87
898.3	-21.36
898.6	3.68
898.9	-6.38
899.2	29.43
899.5	-6.62
899.8	12.11
900.1	-21.6
900.4	-0.77
900.7	3.68
901	-8.02
901.3	14.91
901.6	-26.28
901.9	-24.41
902.2	-13.41
902.5	1.81
902.8	-29.32
903.1	-11.3
903.4	2.51
903.7	-8.02
904	19.6
904.3	-12.47
904.6	-2.87
904.9	-9.43
905.2	21.47
905.6	-35.41
905.9	-33.3
906.2	-29.56
906.5	-5.92
906.8	-16.68
907.1	-20.66
907.4	-17.15
907.7	-19.96
908	-19.26
908.3	-1.47
908.6	-8.26
908.9	-30.26
909.2	0.17
909.5	-12.24
909.8	-28.62
910.1	-5.68
910.4	-24.87
910.7	-15.98
911	4.62
911.3	-15.51
911.6	-27.45
911.9	10.7
912.2	-30.26
912.5	-19.02
912.8	-8.96
913.1	-5.92
913.4	-28.15
913.7	-12
914	19.83
914.3	-10.83
914.6	-14.11
914.9	-18.79
915.2	-10.13
915.5	7.89
915.8	-11.53
916.1	-22.3
916.4	-2.41
916.7	-8.49
917	-2.87
917.3	4.15
917.6	8.83
917.9	-1.24
918.2	-31.43
918.5	10.7
918.8	-16.21
919.1	-26.51
919.5	-1.24
919.8	-6.38
920.1	-30.02
920.4	-34.94
920.7	-33.77
921	-19.49
921.3	-16.92
921.6	-16.21
921.9	3.45
922.2	24.74
922.5	-0.53
922.8	7.42
923.1	7.42
923.4	-25.58
923.7	5.32
924	26.38
924.3	-13.17
924.6	17.25
924.9	-6.62
925.2	4.85
925.5	-4.51
925.8	-26.28
926.1	-7.55
926.4	-4.75
926.7	-11.3
927	-28.15
927.3	-4.75
927.6	-7.32
927.9	-18.32
928.2	-1.94
928.4	-37.75
928.7	1.34
929	15.85
929.3	3.45
929.6	24.04
929.9	-24.17
930.2	-3.81
930.5	-22.07
930.8	-16.68
931.1	-0.3
931.4	-11.07
931.7	-23.94
932	-40.32
932.3	-16.21
932.6	12.34
932.9	5.08
933.2	-6.62
933.5	-12.94
933.8	-5.21
934.1	-10.83
934.4	5.55
934.7	21.47
935	3.21
935.3	-2.87
935.6	-32.83
935.9	0.4
936.2	2.04
936.5	-23.94
936.8	-2.87
937.1	-0.3
937.4	-8.02
937.7	5.79
938	-23.94
938.3	-18.79
938.6	-20.43
938.9	-4.75
939.2	-6.38
939.5	4.38
939.8	-1.94
940.1	-24.17
940.4	-59.51
940.7	-42.66
941	-12
941.3	10.23
941.6	-5.21
941.9	-12
942.2	-5.92
942.4	-24.64
942.7	3.91
943	12.57
943.3	24.04
943.6	-5.21
943.9	-5.68
944.2	-4.75
944.5	13.98
944.8	-2.17
945.1	11.87
945.4	-8.96
945.7	18.89
946	-0.3
946.3	-10.13
946.6	21.94
946.9	-4.98
947.2	-2.17
947.5	-11.77
947.8	-12.47
948.1	-11.07
948.4	-14.81
948.7	-24.64
949	-42.9
949.2	-4.51
949.5	-19.49
949.8	25.21
950.1	5.08
950.4	9.77
950.7	-10.36
951	-17.15
951.3	-1.7
951.6	-21.83
951.9	-26.98
952.2	4.85
952.5	-6.38
952.8	-20.66
953.1	15.85
953.4	7.19
953.7	16.79
954	13.98
954.3	-20.66
954.6	-23.24
954.8	-25.58
955.1	-7.79
955.4	-14.34
955.7	10.7
956	-11.53
956.3	0.4
956.6	-45.94
956.9	10.94
957.2	-21.36
957.5	-21.6
957.8	-22.53
958.1	-25.11
958.4	-9.9
958.7	-29.32
959	-22.3
959.2	6.02
959.5	0.87
959.8	-39.15
960.1	-18.79
960.4	-19.49
960.7	-9.9
961	-0.3
961.3	-19.49
961.6	5.55
961.9	-2.41
962.2	34.11
962.5	13.04
962.8	1.57
963.1	4.62
963.3	21.47
963.6	19.13
963.9	-21.13
964.2	-11.07
964.5	-1.47
964.8	19.6
965.1	8.59
965.4	-1.47
965.7	-33.53
966	-17.38
966.3	-13.17
966.6	9.77
966.9	4.62
967.1	-14.11
967.4	-12.94
967.7	-5.92
968	25.21
968.3	-27.22
968.6	-8.49
968.9	12.81
969.2	-17.62
969.5	6.49
969.8	2.51
970.1	-29.09
970.3	-20.66
970.6	4.62
970.9	-5.68
971.2	-18.56
971.5	4.85
971.8	-8.02
972.1	-27.22
972.4	-14.11
972.7	-3.58
973	5.08
973.3	-5.68
973.5	1.81
973.8	18.19
974.1	-6.85
974.4	8.36
974.7	-5.21
975	-5.21
975.3	-3.58
975.6	-5.68
975.9	-0.53
976.2	17.25
976.4	6.25
976.7	-17.15
977	-12.94
977.3	-54.6
977.6	-3.58
977.9	-19.49
978.2	14.45
978.5	16.32
978.8	21
979	-13.87
979.3	18.89
979.6	0.4
979.9	20.77
980.2	-13.41
980.5	0.4
980.8	-14.81
981.1	-9.66
981.4	10.23
981.6	-4.98
981.9	13.74
982.2	37.85
982.5	-12.24
982.8	2.04
983.1	-2.87
983.4	-10.36
983.7	-17.62
984	-1.7
984.2	-8.02
984.5	-10.83
984.8	-30.26
985.1	-3.11
985.4	-13.87
985.7	4.85
986	9.06
986.3	-23.7
986.5	-4.04
986.8	-18.09
987.1	-6.62
987.4	-1.94
987.7	-7.09
988	-42.9
988.3	13.51
988.6	-11.53
988.8	-26.75
989.1	-14.11
989.4	-11.3
989.7	25.21
990	20.3
990.3	-12.47
990.6	-2.64
990.9	-24.64
991.1	-9.66
991.4	-21.36
991.7	3.21
992	-13.64
992.3	-8.02
992.6	10.47
992.9	-11.77
993.1	-23.7
993.4	-23.7
993.7	-6.62
994	-12
994.3	-15.51
994.6	-3.34
994.9	-12.47
995.1	-0.77
995.4	-25.81
995.7	37.62
996	12.11
996.3	-34
996.6	-24.17
996.9	-27.68
997.1	4.85
997.4	4.85
997.7	-31.9
998	-18.32
998.3	-14.58
998.6	-17.38
998.9	6.02
999.1	-16.92
999.4	-29.09
999.7	-2.41
1000	-19.73
1000.3	-8.72
1000.6	-8.02
1000.8	-5.45
1001.1	10.7
1001.4	-1.24
1001.7	-35.17
1002	-24.41
1002.3	-11.07
1002.6	-22.77
1002.8	-33.53
1003.1	-6.38
1003.4	-30.49
1003.7	-17.85
1004	6.25
1004.3	-6.62
1004.5	-33.3
1004.8	-33.3
1005.1	-14.81
1005.4	9.06
1005.7	4.85
1006	-15.04
1006.2	2.51
1006.5	7.42
1006.8	-0.3
1007.1	-21.13
1007.4	0.87
1007.7	2.28
1007.9	-26.28
1008.2	-11.07
1008.5	-19.26
1008.8	-1.24
1009.1	-17.85
1009.4	-5.21
1009.6	-34.24
1009.9	-33.3
1010.2	8.83
1010.5	-11.53
1010.8	22.17
1011.1	-5.68
1011.3	-12
1011.6	-32.83
1011.9	-25.81
1012.2	10.7
1012.5	-2.41
1012.7	3.68
1013	-12
1013.3	-16.92
1013.6	-19.73
1013.9	-11.07
1014.2	-46.41
1014.4	-15.04
1014.7	6.02
1015	-9.19
1015.3	-6.62
1015.6	-9.19
1015.8	2.98
1016.1	1.57
1016.4	-10.6
1016.7	9.53
1017	9.53
1017.2	-4.28
1017.5	-33.3
1017.8	-14.11
1018.1	-19.73
1018.4	-6.15
1018.7	3.68
1018.9	-17.38
1019.2	19.36
1019.5	-7.32
1019.8	5.55
1020.1	-5.68
1020.3	-35.17
1020.6	-16.92
1020.9	-16.92
1021.2	-16.92
