340.2	-5.51
340.6	-5.51
340.9	-5.51
341.3	-10.19
341.7	16.72
342.1	10.17
342.4	-39.22
342.8	-3.17
343.2	1.27
343.6	-5.98
343.9	-38.51
344.3	1.04
344.7	22.11
345.1	-10.43
345.4	-5.98
345.8	34.04
346.2	-42.03
346.6	86.7
346.9	17.19
347.3	0.81
347.7	24.91
348	-12.07
348.4	-8.79
348.8	11.57
349.2	-4.11
349.5	9.47
349.9	-13.94
350.3	1.98
350.7	20.93
351	0.57
351.4	-12.07
351.8	-33.13
352.2	0.81
352.5	-9.96
352.9	8.53
353.3	-3.41
353.6	7.13
354	32.4
354.4	-13.94
354.8	-19.09
355.1	15.79
355.5	6.42
355.9	4.08
356.3	-9.49
356.6	-31.03
357	5.25
357.4	-4.11
357.8	5.49
358.1	-12.3
358.5	0.1
358.9	-16.28
359.2	0.1
359.6	-16.05
360	-21.9
360.4	-11.6
360.7	13.21
361.1	19.3
361.5	13.91
361.9	4.79
362.2	-17.22
362.6	-5.28
363	-13.24
363.3	-11.83
363.7	-13.71
364.1	-0.83
364.5	-7.15
364.8	1.98
365.2	-8.32
365.6	23.04
366	19.3
366.3	20.23
366.7	-17.22
367.1	-9.96
367.4	-6.92
367.8	10.64
368.2	-11.6
368.6	-17.92
368.9	0.34
369.3	-15.11
369.7	2.91
370	-4.11
370.4	-17.45
370.8	11.57
371.2	2.68
371.5	3.61
371.9	-8.79
372.3	-23.77
372.6	13.68
373	-0.13
373.4	47.62
373.8	-10.19
374.1	-0.83
374.5	7.59
374.9	9.93
375.2	-9.02
375.6	8.06
376	14.85
376.4	-9.49
376.7	-15.58
377.1	-22.6
377.5	5.72
377.8	-9.96
378.2	-18.62
378.6	-5.28
379	1.98
379.3	7.13
379.7	3.15
380.1	-0.6
380.4	-2.94
380.8	-33.6
381.2	7.13
381.6	9.7
381.9	0.1
382.3	37.08
382.7	4.79
383	-22.37
383.4	-13.24
383.8	-27.05
384.2	16.72
384.5	2.91
384.9	23.98
385.3	11.57
385.6	-13.94
386	-4.11
386.4	5.49
386.7	1.74
387.1	38.96
387.5	-1.07
387.9	19.06
388.2	6.66
388.6	-2.24
389	6.89
389.3	5.96
389.7	1.74
390.1	-32.66
390.5	-5.28
390.8	4.79
391.2	11.81
391.6	-22.6
391.9	-19.79
392.3	-3.41
392.7	-12.77
393	-7.15
393.4	8.53
393.8	11.81
394.2	10.4
394.5	1.04
394.9	28.66
395.3	-37.11
395.6	10.64
396	-1.53
396.4	10.4
396.7	11.34
397.1	1.04
397.5	-14.64
397.8	-16.98
398.2	-8.56
398.6	34.28
399	-0.36
399.3	8.53
399.7	-20.96
400.1	4.08
400.4	-14.17
400.8	5.72
401.2	7.83
401.5	-2.24
401.9	7.59
402.3	-14.41
402.7	1.04
403	-26.34
403.4	9.47
403.8	5.02
404.1	-5.51
404.5	6.42
404.9	2.91
405.2	-21.43
405.6	-25.64
406	-15.58
406.3	17.19
406.7	19.3
407.1	-0.36
407.4	7.59
407.8	-10.9
408.2	-2.94
408.6	-16.05
408.9	10.87
409.3	-10.19
409.7	-17.68
410	-31.73
410.4	2.21
410.8	21.4
411.1	13.45
411.5	-4.34
411.9	-25.88
412.2	10.4
412.6	-17.22
413	-7.62
413.3	8.76
413.7	-15.11
414.1	-2.7
414.4	-42.26
414.8	29.36
415.2	-5.98
415.5	10.17
415.9	27.25
416.3	12.51
416.7	-25.64
417	4.55
417.4	-23.54
417.8	27.96
418.1	-1.53
418.5	-25.88
418.9	3.61
419.2	28.19
419.6	8.76
420	-31.26
420.3	4.32
420.7	-5.28
421.1	-2.7
421.4	-3.64
421.8	7.13
422.2	0.34
422.5	-14.88
422.9	-8.56
423.3	8.76
423.6	0.1
424	114.79
424.4	79.68
424.7	-9.49
425.1	1.98
425.5	4.55
425.8	27.96
426.2	-4.34
426.6	-20.73
426.9	-21.19
427.3	3.15
427.7	-1.77
428	-21.66
428.4	-4.34
428.8	-2.7
429.1	-11.13
429.5	2.44
429.9	3.38
430.2	-20.26
430.6	-23.77
431	-28.45
431.3	20.93
431.7	11.34
432.1	-11.6
432.4	4.08
432.8	-5.28
433.2	-5.98
433.5	16.02
433.9	-4.11
434.3	-2.94
434.6	-10.9
435	5.02
435.4	0.1
435.7	9.93
436.1	24.45
436.5	-10.9
436.8	9.7
437.2	-10.66
437.6	-7.39
437.9	-19.79
438.3	-15.58
438.7	-9.96
439	46.45
439.4	10.17
439.8	1.98
440.1	16.49
440.5	-10.66
440.9	5.96
441.2	23.04
441.6	-4.81
442	6.89
442.3	-26.11
442.7	-7.39
443.1	-22.6
443.4	5.96
443.8	-6.22
444.1	-11.83
444.5	7.59
444.9	14.38
445.2	1.04
445.6	3.85
446	-8.56
446.3	-11.6
446.7	-12.77
447.1	-9.49
447.4	19.76
447.8	-9.73
448.2	11.57
448.5	15.08
448.9	-11.83
449.3	0.34
449.6	25.85
450	-14.17
450.4	9
450.7	5.96
451.1	14.62
451.4	7.13
451.8	16.72
452.2	-17.68
452.5	5.96
452.9	10.4
453.3	12.04
453.6	-1.53
454	-3.87
454.4	-13.94
454.7	-29.15
455.1	-28.22
455.5	5.72
455.8	-11.6
456.2	18.59
456.5	-29.85
456.9	-1.3
457.3	2.91
457.6	6.66
458	-6.45
458.4	14.15
458.7	2.21
459.1	-24.71
459.5	-4.81
459.8	17.89
460.2	-12.77
460.5	-6.22
460.9	-10.9
461.3	7.59
461.6	-0.13
462	-13.24
462.4	10.87
462.7	26.32
463.1	7.59
463.5	2.68
463.8	21.4
464.2	14.62
464.5	2.21
464.9	1.74
465.3	16.72
465.6	4.08
466	-5.75
466.4	-5.75
466.7	1.27
467.1	-1.53
467.5	-7.85
467.8	-23.77
468.2	-0.83
468.5	5.49
468.9	9
469.3	-4.81
469.6	10.87
470	-15.58
470.4	-2.47
470.7	-1.53
471.1	-21.43
471.4	0.1
471.8	5.49
472.2	6.89
472.5	32.17
472.9	-24.71
473.3	3.38
473.6	-2
474	1.98
474.3	-10.43
474.7	-19.56
475.1	1.51
475.4	32.87
475.8	9.7
476.2	-35.24
476.5	6.89
476.9	3.38
477.2	-26.34
477.6	-0.36
478	0.57
478.3	-3.17
478.7	1.98
479.1	-12.77
479.4	-16.75
479.8	2.44
480.1	-3.87
480.5	-15.81
480.9	29.83
481.2	-16.51
481.6	-3.87
481.9	9.93
482.3	-22.37
482.7	5.25
483	-19.32
483.4	2.68
483.8	4.79
484.1	-1.77
484.5	-12.07
484.8	15.79
485.2	-2.7
485.6	28.66
485.9	-5.98
486.3	12.98
486.6	-1.77
487	7.83
487.4	-7.15
487.7	10.87
488.1	15.79
488.5	17.66
488.8	23.04
489.2	-13.24
489.5	-19.09
489.9	12.27
490.3	12.98
490.6	-1.77
491	0.1
491.3	-2.7
491.7	-19.56
492.1	-7.15
492.4	-1.77
492.8	11.57
493.1	-2.7
493.5	27.02
493.9	2.21
494.2	20.47
494.6	-4.58
494.9	-35
495.3	-7.15
495.7	-5.28
496	-0.13
496.4	10.87
496.7	2.21
497.1	-16.05
497.5	-5.75
497.8	8.53
498.2	4.08
498.5	-0.6
498.9	-11.6
499.3	-5.05
499.6	0.81
500	-7.15
500.3	33.11
500.7	10.87
501.1	5.72
501.4	-5.05
501.8	-11.36
502.1	-12.07
502.5	-17.22
502.9	-3.41
503.2	-20.73
503.6	15.79
503.9	-25.64
504.3	-32.2
504.7	21.4
505	7.36
505.4	0.57
505.7	8.53
506.1	32.87
506.5	-21.43
506.8	2.68
507.2	-25.88
507.5	7.59
507.9	0.81
508.2	-2.24
508.6	12.04
509	23.74
509.3	13.45
509.7	-13.94
510	4.55
510.4	12.51
510.8	-14.41
511.1	23.51
511.5	12.51
511.8	2.91
512.2	5.02
512.6	-2.24
512.9	-24.94
513.3	-0.83
513.6	-7.62
514	-8.09
514.3	8.3
514.7	9
515.1	-23.3
515.4	8.76
515.8	-8.09
516.1	-32.66
516.5	12.51
516.9	13.21
517.2	-18.85
517.6	-35.47
517.9	5.49
518.3	6.19
518.6	-3.87
519	-5.98
519.4	6.66
519.7	-4.81
520.1	-7.62
520.4	-1.3
520.8	10.4
521.1	-26.81
521.5	26.79
521.9	9.23
522.2	-9.26
522.6	7.13
522.9	7.36
523.3	8.3
523.6	-18.15
524	-26.81
524.4	-34.54
524.7	9
525.1	-5.98
525.4	-12.77
525.8	0.34
526.2	1.51
526.5	6.89
526.9	2.91
527.2	-5.05
527.6	18.13
527.9	-13.47
528.3	-25.41
528.6	-23.77
529	2.91
529.4	-24
529.7	11.1
530.1	5.25
530.4	-14.88
530.8	2.44
531.1	9.7
531.5	7.59
531.9	-46.47
532.2	3.85
532.6	3.61
532.9	-5.28
533.3	2.91
533.6	-2
534	7.83
534.4	173.07
534.7	-3.41
535.1	-1.07
535.4	-13.47
535.8	-6.22
536.1	9
536.5	15.55
536.8	9
537.2	8.3
537.6	-22.13
537.9	-22.6
538.3	-6.92
538.6	12.74
539	-18.62
539.3	1.98
539.7	-6.68
540	0.57
540.4	-21.9
540.8	2.91
541.1	-96.79
541.5	-12.07
541.8	-13.94
542.2	-20.26
542.5	-5.51
542.9	22.57
543.2	31
543.6	-16.98
544	1.51
544.3	-21.19
544.7	4.32
545	-22.83
545.4	3.38
545.7	-8.79
546.1	-5.28
546.4	-8.56
546.8	9.47
547.2	-9.49
547.5	-6.45
547.9	5.02
548.2	-9.26
548.6	7.13
548.9	10.17
549.3	-17.22
549.6	-22.13
550	16.72
550.3	11.1
550.7	-11.6
551.1	0.34
551.4	15.79
551.8	-0.6
552.1	4.08
552.5	8.53
552.8	10.4
553.2	-19.09
553.5	-9.26
553.9	-9.02
554.2	7.59
554.6	-2.24
554.9	7.36
555.3	17.19
555.7	3.61
556	2.68
556.4	-8.32
556.7	12.04
557.1	0.57
557.4	15.79
557.8	6.19
558.1	-11.36
558.5	-11.6
558.8	35.91
559.2	1.51
559.5	11.34
559.9	2.68
560.3	-7.85
560.6	-8.09
561	7.13
561.3	-4.81
561.7	-4.58
562	-16.98
562.4	-3.41
562.7	3.15
563.1	-25.64
563.4	-4.58
563.8	9.23
564.1	14.38
564.5	-16.05
564.8	12.04
565.2	-8.32
565.5	-2.24
565.9	-9.26
566.3	-13.24
566.6	4.55
567	42.23
567.3	6.19
567.7	-23.77
568	6.19
568.4	2.21
568.7	-4.58
569.1	-5.05
569.4	-16.75
569.8	-15.58
570.1	-2.47
570.5	-0.6
570.8	8.06
571.2	14.15
571.5	-3.87
571.9	-10.9
572.2	4.08
572.6	3.85
572.9	1.98
573.3	8.3
573.6	-2.47
574	5.25
574.4	22.11
574.7	-3.17
575.1	10.64
575.4	14.62
575.8	-9.73
576.1	5.25
576.5	-15.34
576.8	7.13
577.2	15.32
577.5	-6.22
577.9	53.23
578.2	18.83
578.6	4.79
578.9	3.38
579.3	-13.24
579.6	11.1
580	11.57
580.3	-4.81
580.7	-20.96
581	-12.07
581.4	1.74
581.7	-7.62
582.1	12.51
582.4	18.36
582.8	-3.41
583.1	5.02
583.5	-18.39
583.8	-16.75
584.2	2.91
584.5	32.87
584.9	10.87
585.2	7.83
585.6	18.59
585.9	-1.77
586.3	-18.15
586.6	-40.15
587	4.79
587.3	-5.28
587.7	21.17
588	12.74
588.4	3.38
588.7	5.72
589.1	1.74
589.4	5.49
589.8	2.21
590.1	3.38
590.5	20
590.8	0.1
591.2	20.23
591.5	12.27
591.9	-16.98
592.2	16.96
592.6	20.7
592.9	13.91
593.3	-19.56
593.6	-4.34
594	15.55
594.3	6.66
594.7	20.47
595	17.89
595.4	12.98
595.7	10.17
596.1	22.81
596.4	18.83
596.8	52.06
597.1	-2.47
597.5	24.91
597.8	29.83
598.2	33.81
598.5	19.53
598.9	20.23
599.2	2.91
599.6	-2.94
599.9	36.15
600.3	40.83
600.6	26.55
601	49.49
601.3	37.79
601.7	6.42
602	38.02
602.4	27.96
602.7	36.15
603.1	37.32
603.4	55.57
603.8	5.72
604.1	51.83
604.5	52.53
604.8	39.66
605.1	49.26
605.5	46.68
605.8	51.83
606.2	60.96
606.5	68.21
606.9	65.64
607.2	50.43
607.6	56.51
607.9	81.09
608.3	88.11
608.6	74.3
609	86.94
609.3	56.51
609.7	51.83
610	77.81
610.4	97
610.7	87.64
611.1	94.43
611.4	132.11
611.8	110.11
612.1	108.7
612.5	87.87
612.8	101.68
613.1	118.07
613.5	148.96
613.8	111.98
614.2	107.77
614.5	185.47
614.9	159.26
615.2	169.56
615.6	136.32
615.9	188.05
616.3	198.11
616.6	168.39
617	211.92
617.3	201.39
617.7	203.73
618	240.71
618.3	251.71
618.7	246.8
619	215.9
619.4	253.35
619.7	279.33
620.1	279.33
620.4	276.05
620.8	302.03
621.1	302.97
621.5	290.56
621.8	331.76
622.2	352.35
622.5	358.91
622.8	336.91
623.2	339.25
623.5	352.12
623.9	404.78
624.2	402.68
624.6	420.23
624.9	431.46
625.3	469.85
625.6	414.85
626	485.53
626.3	481.08
626.7	503.79
627	539.13
627.3	566.28
627.7	560.66
628	588.28
628.4	564.17
628.7	592.96
629.1	601.62
629.4	633.92
629.8	636.96
630.1	685.88
630.5	665.05
630.8	665.05
631.1	721.69
631.5	698.29
631.8	661.54
632.2	680.5
632.5	678.86
632.9	646.79
633.2	658.96
633.6	669.97
633.9	653.82
634.2	612.86
634.6	602.32
634.9	615.2
635.3	588.28
635.6	567.22
636	487.64
636.3	473.83
636.7	467.74
637	433.34
637.3	408.06
637.7	401.27
638	364.29
638.4	393.31
638.7	365.23
639.1	288.93
639.4	311.63
639.8	290.56
640.1	279.1
640.4	266.22
640.8	210.28
641.1	207.94
641.5	204.2
641.8	180.09
642.2	171.43
642.5	166.98
642.8	156.69
643.2	166.52
643.5	118.07
643.9	90.68
644.2	109.64
644.6	103.56
644.9	95.36
645.3	117.83
645.6	113.85
645.9	108.7
646.3	99.11
646.6	100.98
647	50.43
647.3	43.4
647.7	24.91
648	73.36
648.3	51.6
648.7	30.77
649	72.66
649.4	36.62
649.7	36.85
650.1	45.04
650.4	37.79
650.7	46.45
651.1	28.42
651.4	17.89
651.8	25.62
652.1	16.96
652.4	9.47
652.8	1.51
653.1	31.47
653.5	11.81
653.8	36.15
654.2	35.91
654.5	26.55
654.8	9.23
655.2	14.62
655.5	9.93
655.9	11.1
656.2	12.98
656.6	29.13
656.9	40.36
657.2	26.79
657.6	14.15
657.9	18.13
658.3	2.68
658.6	-3.17
658.9	13.91
659.3	18.13
659.6	-22.37
660	21.4
660.3	1.27
660.7	19.3
661	7.13
661.3	31.23
661.7	16.25
662	30.53
662.4	-5.28
662.7	-3.64
663	-5.28
663.4	8.76
663.7	-88.6
664.1	-26.11
664.4	-12.53
664.7	-7.15
665.1	10.17
665.4	-0.83
665.8	20.23
666.1	13.91
666.4	-27.05
666.8	17.19
667.1	-2.7
667.5	13.91
667.8	28.66
668.1	16.25
668.5	-17.68
668.8	0.81
669.2	-5.75
669.5	13.68
669.8	-0.36
670.2	-1.77
670.5	-5.51
670.9	-0.36
671.2	-6.22
671.5	6.89
671.9	-26.81
672.2	15.08
672.6	38.02
672.9	-8.56
673.2	-8.09
673.6	1.27
673.9	24.91
674.3	-2.94
674.6	25.85
674.9	9.23
675.3	25.15
675.6	13.91
676	115.49
676.3	23.04
676.6	-5.05
677	25.38
677.3	15.08
677.7	-9.96
678	-16.75
678.3	10.4
678.7	-0.6
679	8.76
679.4	-7.39
679.7	2.91
680	7.36
680.4	16.25
680.7	-2.94
681	-2.24
681.4	-11.83
681.7	20.23
682.1	-2.47
682.4	-20.49
682.7	-20.49
683.1	-16.75
683.4	24.91
683.8	7.13
684.1	-3.41
684.4	5.72
684.8	-12.07
685.1	8.76
685.4	-14.17
685.8	8.3
686.1	-7.15
686.5	37.79
686.8	-16.51
687.1	23.04
687.5	-25.88
687.8	35.68
688.1	23.04
688.5	21.17
688.8	-3.17
689.2	-3.87
689.5	-4.11
689.8	-8.32
690.2	12.98
690.5	-17.45
690.8	4.32
691.2	2.91
691.5	1.04
691.9	-3.64
692.2	10.17
692.5	6.42
692.9	-9.26
693.2	-11.13
693.5	-24.71
693.9	-17.22
694.2	9.7
694.6	8.76
694.9	-4.58
695.2	-9.49
695.6	11.81
695.9	-29.62
696.2	-17.68
696.6	-1.3
696.9	2.21
697.2	16.49
697.6	42.94
697.9	-19.32
698.3	-20.96
698.6	-23.77
698.9	5.02
699.3	1.74
699.6	-21.43
699.9	29.83
700.3	-0.83
700.6	0.57
700.9	-23.77
701.3	-26.58
701.6	-21.66
702	2.68
702.3	23.51
702.6	0.34
703	-15.34
703.3	-11.13
703.6	13.21
704	-16.28
704.3	-3.64
704.6	-37.81
705	6.89
705.3	-20.73
705.6	-2.47
706	10.87
706.3	-15.11
706.6	12.27
707	-9.96
707.3	0.34
707.7	-4.34
708	8.3
708.3	-24
708.7	-3.87
709	-12.07
709.3	9.93
709.7	-2.47
710	-17.22
710.3	-10.43
710.7	5.49
711	-3.87
711.3	-24.71
711.7	12.98
712	-2.7
712.3	14.15
712.7	5.02
713	6.66
713.3	1.04
713.7	8.53
714	2.68
714.3	-6.68
714.7	8.53
715	0.1
715.3	-23.3
715.7	-9.96
716	1.27
716.3	-3.41
716.7	-6.45
717	12.04
717.3	-7.85
717.7	4.79
718	-5.75
718.4	5.96
718.7	9.7
719	-15.81
719.4	-6.45
719.7	-8.32
720	2.21
720.4	-5.51
720.7	20.93
721	-20.96
721.3	-5.51
721.7	16.25
722	-9.49
722.3	-23.3
722.7	2.68
723	0.81
723.3	-2
723.7	16.49
724	17.19
724.3	8.53
724.7	-0.6
725	9.93
725.3	15.79
725.7	-4.58
726	17.89
726.3	-13.71
726.7	-21.66
727	23.74
727.3	10.17
727.7	-28.22
728	24.21
728.3	-34.54
728.7	25.85
729	18.36
729.3	26.08
729.7	5.25
730	17.42
730.3	-7.39
730.7	-6.92
731	-16.28
731.3	-10.19
731.7	9.7
732	9.93
732.3	-2.7
732.6	-11.36
733	6.66
733.3	-19.56
733.6	5.72
734	2.44
734.3	-12.53
734.6	-2.47
735	11.81
735.3	0.1
735.6	-23.54
736	-7.15
736.3	8.76
736.6	16.02
737	0.34
737.3	-10.66
737.6	17.89
737.9	-22.6
738.3	12.51
738.6	-49.28
738.9	14.38
739.3	-12.3
739.6	4.32
739.9	-25.64
740.3	19.53
740.6	-6.92
740.9	4.79
741.2	-18.15
741.6	-0.83
741.9	-27.28
742.2	-22.6
742.6	-11.6
742.9	7.36
743.2	-8.56
743.6	-22.83
743.9	2.21
744.2	20
744.6	-4.34
744.9	-16.28
745.2	-37.58
745.5	-19.79
745.9	-3.87
746.2	-6.45
746.5	3.61
746.9	26.79
747.2	-12.53
747.5	-14.17
747.8	8.06
748.2	4.55
748.5	30.06
748.8	22.81
749.2	-16.75
749.5	21.17
749.8	-0.83
750.1	29.59
750.5	-7.15
750.8	-4.58
751.1	0.34
751.5	-2.24
751.8	-20.96
752.1	-9.49
752.5	9.23
752.8	-17.92
753.1	-17.68
753.4	1.98
753.8	4.32
754.1	7.59
754.4	-2.47
754.7	-13.94
755.1	-6.45
755.4	-0.13
755.7	2.44
756.1	-9.49
756.4	11.81
756.7	-6.22
757	-2.94
757.4	-10.9
757.7	4.55
758	8.53
758.4	-2
758.7	34.98
759	4.55
759.3	5.72
759.7	13.21
760	7.83
760.3	4.08
760.7	-25.17
761	13.21
761.3	27.72
761.6	10.64
762	6.42
762.3	-5.75
762.6	-6.45
762.9	-5.28
763.3	-41.56
763.6	9.93
763.9	-22.37
764.2	1.04
764.6	-1.53
764.9	-8.56
765.2	-11.83
765.6	17.66
765.9	-1.77
766.2	-7.85
766.5	8.76
766.9	-13.71
767.2	15.79
767.5	-0.13
767.8	-7.62
768.2	-16.28
768.5	0.1
768.8	8.76
769.1	-5.05
769.5	-9.96
769.8	1.04
770.1	3.38
770.5	-5.28
770.8	-24
771.1	10.4
771.4	1.27
771.8	-3.41
772.1	-11.36
772.4	-19.32
772.7	-13.47
773.1	-23.07
773.4	9.7
773.7	-7.85
774	-21.19
774.4	14.15
774.7	-3.41
775	-10.19
775.3	-30.09
775.7	1.74
776	5.49
776.3	3.38
776.6	-17.45
777	-5.05
777.3	10.87
777.6	-12.77
777.9	-22.37
778.3	-10.66
778.6	23.04
778.9	-19.56
779.2	-6.68
779.6	-0.36
779.9	-2.47
780.2	16.72
780.5	-6.68
780.9	4.55
781.2	5.25
781.5	-15.81
781.8	-10.19
782.2	-12.3
782.5	-14.41
782.8	13.68
783.1	-23.07
783.4	-12.07
783.8	3.85
784.1	6.89
784.4	12.27
784.7	-26.58
785.1	-10.66
785.4	0.1
785.7	-17.45
786	-17.68
786.4	-21.43
786.7	-16.75
787	-15.34
787.3	3.38
787.7	-28.45
788	12.98
788.3	18.36
788.6	-9.26
788.9	7.83
789.3	1.74
789.6	-6.92
789.9	7.59
790.2	12.27
790.6	-7.85
790.9	19.3
791.2	6.42
791.5	-15.11
791.9	3.38
792.2	-5.75
792.5	-3.41
792.8	14.62
793.1	-8.56
793.5	6.89
793.8	-27.51
794.1	11.57
794.4	14.85
794.8	31.23
795.1	33.57
795.4	-24.94
795.7	-24.94
796	-2.24
796.4	34.04
796.7	-3.41
797	-6.92
797.3	-19.79
797.7	8.3
798	2.91
798.3	-7.15
798.6	-5.28
798.9	-20.26
799.3	-3.41
799.6	-7.39
799.9	10.64
800.2	10.17
800.5	13.21
800.9	-13.71
801.2	13.45
801.5	11.57
801.8	12.27
802.2	-21.19
802.5	-8.56
802.8	2.91
803.1	6.19
803.4	6.19
803.8	-2.94
804.1	-18.62
804.4	19.06
804.7	4.55
805	12.51
805.4	-23.3
805.7	-21.9
806	16.02
806.3	16.49
806.6	-5.51
807	40.36
807.3	-4.81
807.6	12.51
807.9	-2.7
808.2	10.17
808.6	-18.39
808.9	27.72
809.2	-0.83
809.5	-5.05
809.8	-11.13
810.2	20.23
810.5	3.38
810.8	2.91
811.1	-12.53
811.4	24.45
811.8	23.04
812.1	-4.34
812.4	16.49
812.7	20.47
813	4.55
813.4	17.89
813.7	-4.81
814	-0.36
814.3	-27.98
814.6	23.74
815	11.1
815.3	-27.28
815.6	-11.36
815.9	18.13
816.2	-8.09
816.5	12.51
816.9	-16.51
817.2	-15.34
817.5	-18.62
817.8	-5.75
818.1	8.76
818.5	-19.56
818.8	16.25
819.1	-4.34
819.4	18.13
819.7	14.62
820.1	5.25
820.4	-13.47
820.7	23.28
821	3.15
821.3	-1.07
821.6	-17.22
822	-25.17
822.3	-2.47
822.6	-20.26
822.9	-23.3
823.2	0.34
823.5	9.23
823.9	20.47
824.2	-7.39
824.5	-15.81
824.8	-8.32
825.1	3.15
825.5	26.79
825.8	-9.02
826.1	4.32
826.4	13.45
826.7	25.38
827	-10.19
827.4	9.7
827.7	4.55
828	-30.56
828.3	15.32
828.6	-3.17
828.9	-17.45
829.3	-1.53
829.6	5.96
829.9	-9.73
830.2	-14.88
830.5	5.72
830.8	11.34
831.2	12.98
831.5	4.55
831.8	-6.68
832.1	3.38
832.4	-12.3
832.7	2.44
833.1	-7.85
833.4	-11.13
833.7	-16.98
834	4.55
834.3	-8.09
834.6	-2.7
835	51.36
835.3	-5.51
835.6	-11.83
835.9	1.27
836.2	9.23
836.5	-5.75
836.8	-15.11
837.2	-7.39
837.5	-10.66
837.8	-3.64
838.1	-16.28
838.4	24.68
838.7	3.38
839.1	17.19
839.4	37.55
839.7	-5.28
840	20.7
840.3	-5.98
840.6	-16.75
840.9	0.57
841.3	-39.22
841.6	6.66
841.9	6.42
842.2	19.06
842.5	-3.87
842.8	11.34
843.1	10.87
843.5	-6.22
843.8	-10.9
844.1	-2.47
844.4	2.21
844.7	12.27
845	5.25
845.3	-15.34
845.7	-1.53
846	-38.98
846.3	-0.36
846.6	-16.98
846.9	13.68
847.2	21.87
847.5	-6.45
847.9	-5.28
848.2	16.25
848.5	-15.81
848.8	2.21
849.1	7.36
849.4	7.83
849.7	-9.49
850	-19.09
850.4	-6.22
850.7	-20.02
851	4.08
851.3	-7.15
851.6	26.55
851.9	-43.66
852.2	-27.05
852.5	10.64
852.9	24.91
853.2	20.23
853.5	-16.98
853.8	28.66
854.1	16.49
854.4	15.55
854.7	14.15
855.1	8.76
855.4	-1.07
855.7	4.32
856	8.53
856.3	-29.15
856.6	2.21
856.9	-2
857.2	17.89
857.5	-19.56
857.9	-33.37
858.2	-2.94
858.5	16.49
858.8	-32.2
859.1	-23.3
859.4	20.23
859.7	23.51
860	-6.68
860.4	16.96
860.7	14.15
861	0.81
861.3	-11.13
861.6	-16.05
861.9	7.59
862.2	0.1
862.5	5.72
862.8	0.1
863.2	4.55
863.5	9.7
863.8	15.32
864.1	17.42
864.4	13.21
864.7	13.21
865	21.17
865.3	9
865.6	11.81
866	-11.13
866.3	37.55
866.6	-14.64
866.9	-5.05
867.2	3.85
867.5	7.59
867.8	10.17
868.1	12.27
868.4	-2.94
868.7	5.49
869.1	3.61
869.4	17.89
869.7	15.55
870	-8.56
870.3	6.89
870.6	-12.77
870.9	-20.26
871.2	-15.81
871.5	1.51
871.8	-12.53
872.1	-16.75
872.5	9.47
872.8	-0.36
873.1	2.21
873.4	1.51
873.7	1.27
874	15.55
874.3	2.21
874.6	15.08
874.9	26.08
875.2	15.08
875.6	-3.87
875.9	-6.45
876.2	20
876.5	14.15
876.8	25.85
877.1	-5.75
877.4	4.08
877.7	-9.02
878	-3.64
878.3	5.02
878.6	-0.36
878.9	-6.92
879.3	-44.37
879.6	12.98
879.9	-7.85
880.2	-3.41
880.5	-12.07
880.8	8.3
881.1	14.62
881.4	-9.26
881.7	-6.68
882	5.49
882.3	-26.34
882.6	-5.28
882.9	-19.32
883.3	3.61
883.6	-8.56
883.9	-2
884.2	-23.07
884.5	-1.53
884.8	17.89
885.1	2.44
885.4	-5.98
885.7	-6.22
886	-10.66
886.3	-19.09
886.6	17.19
886.9	40.36
887.2	-1.77
887.6	-8.09
887.9	15.08
888.2	-16.75
888.5	-22.37
888.8	1.98
889.1	4.08
889.4	-2.24
889.7	-16.98
890	-6.45
890.3	10.17
890.6	1.27
890.9	5.49
891.2	3.61
891.5	17.89
891.8	4.32
892.1	-19.79
892.5	-6.22
892.8	28.42
893.1	-12.3
893.4	-3.17
893.7	11.57
894	12.51
894.3	-5.28
894.6	3.15
894.9	-5.28
895.2	-22.6
895.5	-37.34
895.8	-0.36
896.1	34.98
896.4	20.7
896.7	-14.41
897	-41.09
897.3	-6.92
897.6	-4.34
897.9	39.66
898.3	-9.26
898.6	15.32
898.9	-7.85
899.2	46.45
899.5	-11.13
899.8	-8.32
900.1	10.4
900.4	25.85
900.7	-26.34
901	2.21
901.3	9.23
901.6	-9.96
901.9	0.57
902.2	-18.62
902.5	-3.64
902.8	4.32
903.1	-4.58
903.4	9
903.7	-0.6
904	15.55
904.3	2.21
904.6	-14.88
904.9	-14.64
905.2	11.81
905.6	-20.26
905.9	-22.6
906.2	2.68
906.5	23.98
906.8	-9.26
907.1	-20.96
907.4	1.04
907.7	2.21
908	-11.13
908.3	0.57
908.6	1.98
908.9	-17.45
909.2	3.85
909.5	1.27
909.8	-16.05
910.1	-13.24
910.4	3.15
910.7	2.91
911	10.64
911.3	-4.11
911.6	-19.32
911.9	29.59
912.2	-3.87
912.5	-22.6
912.8	-11.36
913.1	19.76
913.4	-24.94
913.7	-12.53
914	4.55
914.3	6.66
914.6	-17.92
914.9	-10.9
915.2	-13.24
915.5	33.81
915.8	4.32
916.1	-18.85
916.4	-4.81
916.7	4.79
917	-6.45
917.3	12.98
917.6	9.7
917.9	16.49
918.2	-9.02
918.5	17.66
918.8	-18.85
919.1	-25.64
919.5	-8.56
919.8	11.81
920.1	-9.73
920.4	-21.66
920.7	-5.51
921	13.68
921.3	1.27
921.6	-9.26
921.9	33.81
922.2	30.53
922.5	17.19
922.8	-15.81
923.1	11.81
923.4	4.32
923.7	12.74
924	-7.15
924.3	-9.96
924.6	-12.53
924.9	11.57
925.2	-3.41
925.5	-2.24
925.8	-13
926.1	18.13
926.4	8.3
926.7	7.83
927	-27.28
927.3	-9.73
927.6	12.27
927.9	24.21
928.2	4.08
928.4	-18.85
928.7	12.98
929	42.23
929.3	-3.87
929.6	-5.75
929.9	-2.94
930.2	0.1
930.5	-17.45
930.8	6.19
931.1	-6.92
931.4	-20.73
931.7	-4.11
932	-4.58
932.3	-3.87
932.6	-14.88
932.9	11.81
933.2	8.76
933.5	-0.83
933.8	12.98
934.1	2.91
934.4	-7.15
934.7	-0.83
935	11.57
935.3	8.06
935.6	-29.15
935.9	0.1
936.2	-1.53
936.5	-5.28
936.8	-7.15
937.1	4.32
937.4	2.21
937.7	16.96
938	-9.02
938.3	-7.62
938.6	-31.73
938.9	2.68
939.2	11.1
939.5	-1.53
939.8	3.85
940.1	8.3
940.4	-36.88
940.7	-25.64
941	-2.7
941.3	19.76
941.6	-14.41
941.9	3.38
942.2	-2.7
942.4	-0.6
942.7	7.13
943	5.96
943.3	12.51
943.6	-3.17
943.9	7.83
944.2	16.72
944.5	-1.53
944.8	-9.26
945.1	-10.9
945.4	10.64
945.7	2.21
946	-27.51
946.3	16.02
946.6	23.04
946.9	3.85
947.2	16.49
947.5	9.47
947.8	-10.66
948.1	-4.11
948.4	-2.24
948.7	-5.75
949	-21.66
949.2	-4.58
949.5	7.36
949.8	20
950.1	3.61
950.4	-5.05
950.7	-23.07
951	-5.75
951.3	-1.07
951.6	-3.87
951.9	-5.51
952.2	-1.07
952.5	-28.22
952.8	-2.94
953.1	6.42
953.4	-3.41
953.7	-11.13
954	6.66
954.3	-32.9
954.6	19.53
954.8	-14.17
955.1	-2
955.4	-17.68
955.7	27.02
956	-18.62
956.3	4.55
956.6	-18.15
956.9	9.47
957.2	-5.75
957.5	14.15
957.8	-0.83
958.1	-5.75
958.4	-8.56
958.7	-14.88
959	22.11
959.2	-5.75
959.5	-2
959.8	-60.98
960.1	3.61
960.4	-5.98
960.7	36.62
961	22.57
961.3	-21.19
961.6	1.04
961.9	11.81
962.2	21.17
962.5	-0.36
962.8	-4.81
963.1	-4.58
963.3	5.49
963.6	14.38
963.9	13.45
964.2	1.74
964.5	17.66
964.8	12.74
965.1	-1.77
965.4	9.7
965.7	8.53
966	24.45
966.3	-7.39
966.6	-16.28
966.9	2.91
967.1	15.55
967.4	-3.41
967.7	-0.13
968	33.34
968.3	4.79
968.6	-12.77
968.9	-11.13
969.2	-18.15
969.5	30.3
969.8	16.02
970.1	6.89
970.3	-24.24
970.6	-1.53
970.9	3.61
971.2	-5.05
971.5	11.57
971.8	-4.58
972.1	5.49
972.4	14.85
972.7	-0.83
973	-5.05
973.3	1.04
973.5	-4.81
973.8	5.49
974.1	14.38
974.4	20
974.7	-9.49
975	-10.9
975.3	3.85
975.6	10.17
975.9	10.17
976.2	23.98
976.4	-6.45
976.7	1.74
977	-13.24
977.3	-24.94
977.6	13.91
977.9	9.93
978.2	-1.53
978.5	1.27
978.8	0.34
979	2.21
979.3	18.83
979.6	6.66
979.9	22.81
980.2	-14.17
980.5	-10.43
980.8	19.53
981.1	0.81
981.4	5.72
981.6	3.38
981.9	10.17
982.2	20.23
982.5	7.59
982.8	-0.83
983.1	-19.56
983.4	4.32
983.7	-12.07
984	6.89
984.2	-9.73
984.5	-22.13
984.8	4.32
985.1	-4.11
985.4	-8.09
985.7	18.13
986	-7.85
986.3	-36.88
986.5	27.49
986.8	-19.32
987.1	1.51
987.4	12.27
987.7	-24.94
988	-44.37
988.3	-0.13
988.6	-2.94
988.8	-28.45
989.1	-1.53
989.4	-1.53
989.7	19.76
990	17.42
990.3	24.68
990.6	17.66
990.9	-6.92
991.1	-19.32
991.4	-27.05
991.7	-13
992	-18.62
992.3	13.21
992.6	36.62
992.9	-12.3
993.1	9.7
993.4	4.79
993.7	0.34
994	-9.26
994.3	-8.56
994.6	-11.13
994.9	-18.62
995.1	-4.11
995.4	-17.45
995.7	16.25
996	6.42
996.3	6.42
996.6	-24.47
996.9	-3.17
997.1	8.06
997.4	7.83
997.7	-25.17
998	-12.3
998.3	-11.6
998.6	-1.53
998.9	15.55
999.1	-13.24
999.4	-13.94
999.7	-3.17
1000	-20.02
1000.3	-3.17
1000.6	4.08
1000.8	-14.64
1001.1	9.47
1001.4	-5.75
1001.7	-5.51
1002	-16.75
1002.3	-27.75
1002.6	7.59
1002.8	-22.13
1003.1	3.61
1003.4	21.64
1003.7	-18.62
1004	-7.15
1004.3	-7.39
1004.5	1.51
1004.8	-17.68
1005.1	2.68
1005.4	-23.07
1005.7	-4.58
1006	-31.73
1006.2	-0.13
1006.5	21.64
1006.8	-1.07
1007.1	-0.13
1007.4	7.59
1007.7	-0.36
1007.9	-12.07
1008.2	-2.7
1008.5	-7.85
1008.8	10.87
1009.1	-10.19
1009.4	1.27
1009.6	-28.22
1009.9	-32.2
1010.2	16.49
1010.5	-7.15
1010.8	23.98
1011.1	-9.49
1011.3	-19.09
1011.6	-12.53
1011.9	-3.17
1012.2	-6.92
1012.5	-1.77
1012.7	-3.17
1013	-38.98
1013.3	-26.58
1013.6	-10.19
1013.9	-15.34
1014.2	-31.26
1014.4	5.96
1014.7	-2.47
1015	-13.24
1015.3	3.61
1015.6	0.57
1015.8	-21.19
1016.1	14.62
1016.4	-2.7
1016.7	9
1017	5.25
1017.2	-9.49
1017.5	-2.24
1017.8	4.08
1018.1	0.81
1018.4	9.47
1018.7	-5.75
1018.9	8.06
1019.2	14.85
1019.5	7.36
1019.8	-14.17
1020.1	24.45
1020.3	-10.19
1020.6	-6.92
1020.9	-6.92
1021.2	-6.92
