340.2	-7.75
340.6	-7.75
340.9	-7.75
341.3	1.38
341.7	7
342.1	-2.13
342.4	-16.88
342.8	-6.81
343.2	-0.26
343.6	-20.62
343.9	-22.5
344.3	-9.15
344.7	29.46
345.1	2.08
345.4	-20.62
345.8	19.17
346.2	-15.01
346.6	78.15
346.9	12.38
347.3	-12.9
347.7	5.12
348	-20.62
348.4	1.38
348.8	-14.3
349.2	8.17
349.5	-14.54
349.9	-22.96
350.3	-21.56
350.7	-9.86
351	4.89
351.4	0.21
351.8	-26.94
352.2	-20.15
352.5	1.61
352.9	13.32
353.3	14.72
353.6	-4.94
354	6.53
354.4	-3.07
354.8	-4.47
355.1	1.38
355.5	-3.07
355.9	1.61
356.3	20.57
356.6	-34.67
357	-0.03
357.4	9.8
357.8	23.15
358.1	-16.64
358.5	-10.32
358.9	-17.81
359.2	-9.62
359.6	8.17
360	-12.9
360.4	-19.92
360.7	-8.22
361.1	-9.62
361.5	1.85
361.9	-5.64
362.2	-25.77
362.6	-21.09
363	-7.75
363.3	5.83
363.7	9.8
364.1	5.59
364.5	2.78
364.8	-21.32
365.2	0.44
365.6	-5.18
366	-4
366.3	17.76
366.7	-42.62
367.1	-29.75
367.4	14.72
367.8	-6.58
368.2	-4.94
368.6	14.25
368.9	-15.94
369.3	-26.47
369.7	-19.45
370	9.1
370.4	-6.58
370.8	17.53
371.2	-0.49
371.5	10.27
371.9	-17.11
372.3	4.89
372.6	-8.92
373	26.42
373.4	19.17
373.8	-0.26
374.1	0.44
374.5	3.02
374.9	-2.6
375.2	6.53
375.6	11.44
376	5.12
376.4	-11.49
376.7	-14.54
377.1	-9.86
377.5	-20.62
377.8	-7.98
378.2	-5.64
378.6	-27.41
379	-5.41
379.3	-1.43
379.7	-0.03
380.1	-4.47
380.4	1.85
380.8	-29.52
381.2	6.06
381.6	-2.13
381.9	12.14
382.3	3.25
382.7	-9.62
383	-20.86
383.4	-34.9
383.8	-11.73
384.2	5.83
384.5	15.42
384.9	4.89
385.3	7
385.6	-33.73
386	-20.15
386.4	5.36
386.7	-5.41
387.1	24.78
387.5	-6.58
387.9	8.63
388.2	-10.32
388.6	-1.9
389	0.21
389.3	9.34
389.7	6.53
390.1	-13.37
390.5	-3.54
390.8	-1.2
391.2	6.29
391.6	8.4
391.9	-27.88
392.3	-7.52
392.7	-2.13
393	-41.92
393.4	-14.77
393.8	17.06
394.2	-10.09
394.5	14.02
394.9	-1.66
395.3	-9.15
395.6	5.12
396	-15.94
396.4	-0.26
396.7	-8.22
397.1	-11.73
397.5	-4.94
397.8	-10.09
398.2	-14.77
398.6	9.34
399	-16.64
399.3	9.34
399.7	-2.13
400.1	13.08
400.4	-2.13
400.8	3.02
401.2	1.14
401.5	-16.64
401.9	17.53
402.3	-11.26
402.7	-0.73
403	-3.77
403.4	-1.43
403.8	2.78
404.1	-29.05
404.5	-4.71
404.9	-24.6
405.2	-13.84
405.6	12.14
406	-15.47
406.3	0.44
406.7	30.4
407.1	4.66
407.4	-17.35
407.8	10.51
408.2	9.57
408.6	-30.69
408.9	-10.32
409.3	-5.41
409.7	6.29
410	-39.35
410.4	-33.5
410.8	-2.13
411.1	3.02
411.5	-12.66
411.9	-17.81
412.2	12.85
412.6	-25.54
413	2.31
413.3	-2.83
413.7	-21.32
414.1	-7.52
414.4	-31.62
414.8	15.89
415.2	-1.2
415.5	1.14
415.9	25.49
416.3	-3.3
416.7	-29.98
417	-0.03
417.4	-12.66
417.8	24.32
418.1	-0.96
418.5	-35.6
418.9	23.15
419.2	7
419.6	-14.77
420	-15.24
420.3	0.91
420.7	5.36
421.1	12.61
421.4	1.85
421.8	13.32
422.2	-6.11
422.5	-10.32
422.9	11.44
423.3	-11.49
423.6	15.42
424	107.4
424.4	86.57
424.7	3.72
425.1	9.57
425.5	-13.6
425.8	12.85
426.2	-8.69
426.6	-8.45
426.9	0.44
427.3	-18.05
427.7	7.23
428	-30.45
428.4	-7.52
428.8	-30.92
429.1	6.76
429.5	-13.84
429.9	-2.83
430.2	-22.03
430.6	-2.83
431	-6.11
431.3	-12.2
431.7	17.53
432.1	-9.86
432.4	-6.35
432.8	10.74
433.2	22.21
433.5	2.08
433.9	1.85
434.3	-16.18
434.6	2.78
435	8.4
435.4	9.8
435.7	11.21
436.1	16.59
436.5	-4.24
436.8	-6.35
437.2	-8.45
437.6	-7.52
437.9	-52.69
438.3	-13.84
438.7	-11.73
439	15.66
439.4	22.68
439.8	-27.18
440.1	13.32
440.5	-1.9
440.9	10.04
441.2	8.87
441.6	-16.88
442	6.29
442.3	-29.75
442.7	12.14
443.1	-1.66
443.4	10.97
443.8	-18.28
444.1	-25.77
444.5	-7.28
444.9	2.31
445.2	1.85
445.6	-5.88
446	-2.83
446.3	-26.71
446.7	-0.03
447.1	8.87
447.4	1.38
447.8	-19.69
448.2	4.89
448.5	-4.94
448.9	-12.2
449.3	-6.58
449.6	-3.07
450	-21.79
450.4	3.25
450.7	7.7
451.1	-9.62
451.4	-2.83
451.8	11.91
452.2	-2.37
452.5	-16.18
452.9	-3.77
453.3	-21.79
453.6	-6.58
454	-1.2
454.4	-22.03
454.7	-13.6
455.1	-24.13
455.5	-10.32
455.8	-29.28
456.2	6.06
456.5	-15.24
456.9	31.34
457.3	-9.86
457.6	23.85
458	-7.52
458.4	3.95
458.7	-27.18
459.1	-37.47
459.5	-5.88
459.8	3.25
460.2	-7.98
460.5	-0.96
460.9	-30.22
461.3	7.23
461.6	-0.03
462	-13.84
462.4	-14.77
462.7	1.85
463.1	20.57
463.5	14.72
463.8	5.83
464.2	11.21
464.5	-0.03
464.9	-7.05
465.3	10.04
465.6	0.21
466	-21.79
466.4	12.61
466.7	-17.35
467.1	10.97
467.5	14.72
467.8	-17.35
468.2	-11.96
468.5	-16.41
468.9	19.17
469.3	11.68
469.6	-2.83
470	-27.41
470.4	0.44
470.7	-0.73
471.1	0.91
471.4	5.83
471.8	-1.66
472.2	9.8
472.5	33.44
472.9	-35.84
473.3	10.74
473.6	-8.45
474	4.42
474.3	8.4
474.7	-8.92
475.1	-18.05
475.4	-2.83
475.8	-20.39
476.2	-13.6
476.5	-17.81
476.9	8.4
477.2	-25.54
477.6	-26.01
478	-2.6
478.3	19.87
478.7	-0.26
479.1	-23.67
479.4	-13.37
479.8	-5.88
480.1	-8.69
480.5	2.55
480.9	11.91
481.2	-27.41
481.6	3.02
481.9	10.74
482.3	11.21
482.7	11.44
483	-15.47
483.4	9.1
483.8	-15.24
484.1	-10.09
484.5	-18.28
484.8	5.59
485.2	-3.77
485.6	8.4
485.9	11.44
486.3	3.48
486.6	-14.77
487	7.23
487.4	-17.81
487.7	-3.3
488.1	5.83
488.5	7.23
488.8	-4.71
489.2	-8.22
489.5	-24.37
489.9	7.46
490.3	-11.49
490.6	-9.39
491	3.25
491.3	7.46
491.7	-37.24
492.1	6.76
492.4	8.4
492.8	-0.03
493.1	-9.39
493.5	11.91
493.9	-7.98
494.2	22.21
494.6	-8.69
494.9	-4.71
495.3	-8.69
495.7	-12.2
496	-11.96
496.4	-6.35
496.7	15.66
497.1	-24.13
497.5	7.7
497.8	6.29
498.2	6.29
498.5	-27.64
498.9	7.93
499.3	-7.28
499.6	-11.96
500	1.61
500.3	9.8
500.7	-0.73
501.1	-4.71
501.4	-18.28
501.8	13.08
502.1	-3.3
502.5	-14.3
502.9	-11.03
503.2	4.19
503.6	-7.28
503.9	-29.28
504.3	-26.24
504.7	-5.18
505	-39.82
505.4	-4.94
505.7	-10.09
506.1	13.78
506.5	-27.88
506.8	-7.52
507.2	10.27
507.5	34.15
507.9	-6.35
508.2	-8.45
508.6	-11.96
509	12.38
509.3	19.4
509.7	0.91
510	-5.18
510.4	3.72
510.8	-31.16
511.1	8.63
511.5	2.08
511.8	-0.03
512.2	27.12
512.6	-2.37
512.9	-11.96
513.3	-15.01
513.6	-1.2
514	-22.03
514.3	6.76
514.7	17.29
515.1	-23.9
515.4	-8.92
515.8	-19.92
516.1	-33.96
516.5	3.72
516.9	23.15
517.2	-14.77
517.6	-18.05
517.9	-7.98
518.3	8.17
518.6	-4
519	-11.73
519.4	-7.28
519.7	-32.33
520.1	-11.49
520.4	-8.45
520.8	6.06
521.1	-36.77
521.5	10.04
521.9	21.04
522.2	-33.96
522.6	20.57
522.9	-11.96
523.3	9.34
523.6	-14.07
524	1.85
524.4	-6.58
524.7	14.25
525.1	-5.41
525.4	-15.71
525.8	-1.43
526.2	-14.54
526.5	17.06
526.9	-20.39
527.2	-9.86
527.6	-7.75
527.9	-2.83
528.3	5.59
528.6	-13.13
529	-29.98
529.4	-23.67
529.7	-8.69
530.1	-7.98
530.4	-5.88
530.8	21.51
531.1	11.21
531.5	7.23
531.9	-61.58
532.2	0.91
532.6	-17.58
532.9	-22.5
533.3	-3.07
533.6	-16.88
534	-14.77
534.4	197.28
534.7	18.93
535.1	-24.37
535.4	-12.9
535.8	12.38
536.1	-10.32
536.5	-13.84
536.8	26.66
537.2	-5.64
537.6	-6.58
537.9	-25.07
538.3	-13.84
538.6	4.42
539	-19.45
539.3	-9.39
539.7	-44.26
540	-29.28
540.4	-6.81
540.8	-21.09
541.1	-90.14
541.5	-4.47
541.8	-13.6
542.2	-32.56
542.5	-19.69
542.9	7.46
543.2	-0.26
543.6	-32.56
544	18.93
544.3	-28.35
544.7	1.38
545	-17.11
545.4	-15.71
545.7	-9.15
546.1	-18.05
546.4	-1.2
546.8	-14.07
547.2	-2.6
547.5	0.44
547.9	-15.01
548.2	-0.26
548.6	-15.24
548.9	23.85
549.3	-7.98
549.6	-10.56
550	13.08
550.3	12.61
550.7	-38.18
551.1	-25.3
551.4	21.98
551.8	-5.18
552.1	-10.79
552.5	-4.71
552.8	-9.62
553.2	-19.69
553.5	-37.94
553.9	-7.52
554.2	8.87
554.6	-24.13
554.9	16.83
555.3	25.95
555.7	-3.77
556	-3.54
556.4	-11.96
556.7	6.53
557.1	-24.6
557.4	34.85
557.8	7
558.1	14.25
558.5	11.68
558.8	5.59
559.2	8.63
559.5	-18.05
559.9	12.38
560.3	-2.6
560.6	-10.79
561	7.7
561.3	-17.58
561.7	0.91
562	-18.52
562.4	14.25
562.7	14.02
563.1	-20.39
563.4	-11.96
563.8	3.72
564.1	2.08
564.5	-6.35
564.8	6.29
565.2	-12.9
565.5	-11.26
565.9	3.48
566.3	1.61
566.6	15.19
567	12.38
567.3	20.8
567.7	1.14
568	25.49
568.4	-14.3
568.7	-25.07
569.1	-29.52
569.4	-10.79
569.8	-11.73
570.1	1.38
570.5	1.85
570.8	22.91
571.2	-18.98
571.5	-30.45
571.9	-17.81
572.2	-36.77
572.6	0.44
572.9	-12.66
573.3	-8.45
573.6	-19.69
574	23.15
574.4	-6.81
574.7	-6.11
575.1	16.83
575.4	2.78
575.8	6.06
576.1	4.89
576.5	-27.18
576.8	29
577.2	11.68
577.5	9.8
577.9	59.89
578.2	18.7
578.6	-13.6
578.9	8.4
579.3	18
579.6	18.46
580	-3.07
580.3	-8.69
580.7	-10.56
581	-11.73
581.4	3.95
581.7	-19.69
582.1	-25.77
582.4	22.44
582.8	-1.66
583.1	-16.64
583.5	16.12
583.8	-26.24
584.2	-1.43
584.5	8.17
584.9	11.44
585.2	15.89
585.6	2.31
585.9	-18.75
586.3	-9.39
586.6	-21.09
587	-5.41
587.3	-3.77
587.7	2.55
588	20.57
588.4	6.76
588.7	1.61
589.1	12.61
589.4	3.48
589.8	20.1
590.1	-9.15
590.5	19.87
590.8	-1.9
591.2	-2.37
591.5	8.63
591.9	-23.9
592.2	29.23
592.6	-23.9
592.9	14.95
593.3	-13.37
593.6	2.78
594	20.57
594.3	17.06
594.7	50.53
595	27.36
595.4	12.85
595.7	22.91
596.1	11.91
596.4	-3.07
596.8	49.13
597.1	0.91
597.5	18.7
597.8	14.95
598.2	34.85
598.5	-1.66
598.9	-16.18
599.2	7.23
599.6	14.72
599.9	10.27
600.3	27.12
600.6	17.53
601	18.46
601.3	13.55
601.7	18.46
602	36.72
602.4	36.72
602.7	31.81
603.1	36.49
603.4	38.83
603.8	20.1
604.1	36.25
604.5	44.68
604.8	50.06
605.1	62.7
605.5	64.1
605.8	78.15
606.2	39.76
606.5	67.62
606.9	58.49
607.2	60.59
607.6	55.44
607.9	72.3
608.3	64.1
608.6	89.62
609	56.85
609.3	75.34
609.7	52.4
610	79.79
610.4	63.64
610.7	76.74
611.1	77.91
611.4	116.3
611.8	79.79
612.1	98.04
612.5	110.68
612.8	114.66
613.1	116.53
613.5	136.66
613.8	102.02
614.2	111.15
614.5	169.43
614.9	146.73
615.2	170.36
615.6	141.11
615.9	170.83
616.3	179.02
616.6	159.13
617	196.58
617.3	182.3
617.7	208.28
618	216.47
618.3	240.11
618.7	253.92
619	252.75
619.4	228.88
619.7	240.58
620.1	288.8
620.4	281.31
620.8	284.35
621.1	311.5
621.5	310.33
621.8	330.22
622.2	365.33
622.5	348.95
622.8	356.67
623.2	370.25
623.5	355.03
623.9	426.89
624.2	415.42
624.6	435.31
624.9	437.19
625.3	455.44
625.6	429.93
626	478.61
626.3	471.83
626.7	505.76
627	540.17
627.3	552.57
627.7	539.94
628	563.11
628.4	564.04
628.7	611.79
629.1	591.9
629.4	608.98
629.8	664.45
630.1	682.24
630.5	664.92
630.8	670.77
631.1	674.05
631.5	694.18
631.8	649.94
632.2	684.11
632.5	641.75
632.9	672.18
633.2	661.88
633.6	626.77
633.9	649.71
634.2	619.98
634.6	604.53
634.9	576.92
635.3	590.49
635.6	512.79
636	507.17
636.3	491.95
636.7	487.04
637	442.34
637.3	423.38
637.7	391.08
638	386.63
638.4	377.5
638.7	329.29
639.1	299.8
639.4	304.48
639.8	259.54
640.1	282.48
640.4	242.22
640.8	219.52
641.1	215.07
641.5	162.17
641.8	179.02
642.2	171.07
642.5	136.43
642.8	150.7
643.2	154.22
643.5	112.55
643.9	102.26
644.2	94.06
644.6	106.23
644.9	102.26
645.3	98.28
645.6	84.47
645.9	95.23
646.3	66.45
646.6	74.17
647	61.3
647.3	69.49
647.7	65.04
648	56.15
648.3	34.61
648.7	8.63
649	50.06
649.4	44.68
649.7	26.42
650.1	16.83
650.4	30.4
650.7	49.13
651.1	20.34
651.4	10.51
651.8	16.36
652.1	16.12
652.4	-1.9
652.8	6.06
653.1	21.98
653.5	19.4
653.8	27.12
654.2	29
654.5	28.29
654.8	-9.15
655.2	6.29
655.5	23.85
655.9	10.74
656.2	0.68
656.6	26.42
656.9	59.42
657.2	16.59
657.6	-6.58
657.9	10.51
658.3	17.29
658.6	6.06
658.9	21.98
659.3	22.91
659.6	1.85
660	19.87
660.3	14.72
660.7	14.72
661	13.55
661.3	21.51
661.7	-0.73
662	21.74
662.4	-10.79
662.7	5.59
663	-3.54
663.4	-12.2
663.7	-87.33
664.1	-11.26
664.4	-10.09
664.7	4.66
665.1	13.78
665.4	-13.37
665.8	13.78
666.1	12.14
666.4	-15.01
666.8	36.49
667.1	-1.2
667.5	-0.49
667.8	10.74
668.1	3.02
668.5	-15.24
668.8	6.76
669.2	-5.64
669.5	-4
669.8	-2.13
670.2	-0.03
670.5	-17.81
670.9	-8.69
671.2	-10.09
671.5	11.44
671.9	-26.71
672.2	-3.07
672.6	12.38
672.9	-13.37
673.2	-1.43
673.6	-3.77
673.9	-10.56
674.3	-18.98
674.6	10.51
674.9	2.31
675.3	22.44
675.6	23.15
676	62.7
676.3	9.8
676.6	-14.54
677	20.57
677.3	-5.64
677.7	-31.39
678	-14.77
678.3	13.55
678.7	-13.6
679	14.25
679.4	-7.05
679.7	3.02
680	1.85
680.4	-8.45
680.7	-29.05
681	3.25
681.4	-25.54
681.7	-12.66
682.1	2.31
682.4	-0.49
682.7	-8.22
683.1	-10.09
683.4	10.97
683.8	31.1
684.1	1.14
684.4	-7.28
684.8	-3.77
685.1	-11.96
685.4	18.7
685.8	-10.09
686.1	3.72
686.5	8.4
686.8	-6.11
687.1	27.12
687.5	-12.66
687.8	-4
688.1	29.93
688.5	-7.75
688.8	3.95
689.2	3.02
689.5	-11.49
689.8	-9.86
690.2	2.31
690.5	-36.77
690.8	-7.98
691.2	16.59
691.5	-11.03
691.9	-9.15
692.2	-6.81
692.5	7
692.9	-9.15
693.2	-23.67
693.5	-26.71
693.9	-0.73
694.2	30.4
694.6	15.42
694.9	-14.07
695.2	-37.47
695.6	3.95
695.9	-31.16
696.2	-5.18
696.6	13.55
696.9	29.93
697.2	-3.07
697.6	38.12
697.9	-8.22
698.3	-18.75
698.6	-17.58
698.9	-30.45
699.3	-10.09
699.6	-26.24
699.9	-11.73
700.3	-8.69
700.6	-18.05
700.9	-15.47
701.3	-3.3
701.6	-34.2
702	-18.52
702.3	1.61
702.6	9.57
703	6.29
703.3	-6.35
703.6	7.23
704	-6.58
704.3	-20.15
704.6	-41.92
705	-0.49
705.3	-11.03
705.6	21.98
706	0.68
706.3	-9.39
706.6	-8.69
707	-20.86
707.3	32.04
707.7	-7.75
708	7.7
708.3	-17.35
708.7	2.08
709	16.83
709.3	-12.43
709.7	-12.43
710	-0.26
710.3	-11.73
710.7	14.72
711	-16.18
711.3	-26.71
711.7	13.08
712	-7.75
712.3	-25.54
712.7	6.06
713	11.91
713.3	-3.07
713.7	-6.35
714	11.44
714.3	14.02
714.7	2.78
715	11.44
715.3	-25.54
715.7	17.06
716	27.83
716.3	2.08
716.7	4.19
717	6.76
717.3	1.61
717.7	8.63
718	-12.66
718.4	7.93
718.7	14.49
719	-5.18
719.4	-18.52
719.7	-11.03
720	-9.39
720.4	-7.52
720.7	13.32
721	-29.75
721.3	-14.77
721.7	15.66
722	-4.47
722.3	-15.47
722.7	-16.41
723	-20.62
723.3	-20.39
723.7	11.68
724	-11.49
724.3	14.72
724.7	-29.28
725	4.19
725.3	19.87
725.7	-3.77
726	-15.94
726.3	9.57
726.7	-19.92
727	2.08
727.3	-12.9
727.7	-31.39
728	9.34
728.3	-24.6
728.7	40.47
729	3.25
729.3	4.66
729.7	-12.9
730	12.38
730.3	-18.75
730.7	15.42
731	3.48
731.3	-4.71
731.7	-1.2
732	8.63
732.3	-15.01
732.6	-30.22
733	-3.77
733.3	-6.35
733.6	-7.28
734	6.29
734.3	-1.9
734.6	-12.43
735	2.55
735.3	-7.98
735.6	-13.37
736	5.59
736.3	-2.83
736.6	-18.98
737	16.12
737.3	-14.54
737.6	1.38
737.9	-25.54
738.3	-1.9
738.6	-45.67
738.9	16.36
739.3	-22.26
739.6	6.53
739.9	1.38
740.3	-4.71
740.6	-12.9
740.9	-6.58
741.2	-14.77
741.6	-1.9
741.9	-10.56
742.2	-9.39
742.6	13.08
742.9	9.34
743.2	-14.77
743.6	-34.67
743.9	1.85
744.2	16.83
744.6	-7.52
744.9	13.08
745.2	-57.14
745.5	-10.79
745.9	-10.56
746.2	6.53
746.5	-7.75
746.9	2.78
747.2	-41.45
747.5	-23.67
747.8	-13.13
748.2	-17.11
748.5	11.91
748.8	-2.13
749.2	-6.11
749.5	6.29
749.8	-0.96
750.1	12.14
750.5	-15.47
750.8	-7.05
751.1	15.19
751.5	1.61
751.8	-14.77
752.1	-19.69
752.5	-17.35
752.8	-10.79
753.1	-9.62
753.4	21.51
753.8	-33.96
754.1	-7.52
754.4	14.72
754.7	15.66
755.1	-2.83
755.4	-29.98
755.7	-5.18
756.1	12.85
756.4	12.38
756.7	4.19
757	-20.15
757.4	8.4
757.7	8.63
758	-24.13
758.4	-21.32
758.7	-9.39
759	-2.13
759.3	-16.18
759.7	-15.24
760	-0.26
760.3	7.46
760.7	-11.26
761	11.91
761.3	9.1
761.6	-0.26
762	-5.18
762.3	-19.92
762.6	3.48
762.9	5.36
763.3	-18.05
763.6	17.53
763.9	-7.98
764.2	-14.54
764.6	-26.01
764.9	-19.69
765.2	-8.45
765.6	-6.58
765.9	-13.37
766.2	-14.3
766.5	10.51
766.9	-27.41
767.2	20.8
767.5	-8.45
767.8	-1.9
768.2	-8.92
768.5	-22.96
768.8	-5.64
769.1	-2.13
769.5	6.76
769.8	-6.11
770.1	12.61
770.5	12.61
770.8	-9.62
771.1	2.55
771.4	7.23
771.8	16.36
772.1	3.95
772.4	7.93
772.7	-16.64
773.1	-10.32
773.4	12.14
773.7	8.17
774	-28.81
774.4	-9.15
774.7	-6.35
775	-8.45
775.3	-25.77
775.7	8.17
776	-14.3
776.3	-11.03
776.6	15.19
777	-30.22
777.3	-31.16
777.6	6.29
777.9	-5.41
778.3	7
778.6	19.87
778.9	2.78
779.2	7.93
779.6	-34.43
779.9	13.08
780.2	7
780.5	-11.26
780.9	-16.41
781.2	-19.45
781.5	-11.26
781.8	-26.01
782.2	-7.28
782.5	-17.81
782.8	17.06
783.1	-8.22
783.4	8.87
783.8	13.08
784.1	10.27
784.4	22.91
784.7	-16.41
785.1	16.36
785.4	-25.77
785.7	-23.43
786	-1.2
786.4	-28.35
786.7	-26.94
787	-10.09
787.3	18
787.7	-0.49
788	2.78
788.3	-2.13
788.6	-11.73
788.9	17.76
789.3	-4.71
789.6	-2.13
789.9	-21.79
790.2	4.42
790.6	1.85
790.9	15.42
791.2	-17.11
791.5	-10.56
791.9	-29.05
792.2	13.32
792.5	18.93
792.8	-4.24
793.1	-23.9
793.5	-40.05
793.8	-2.13
794.1	-0.03
794.4	-20.86
794.8	-10.32
795.1	2.78
795.4	4.42
795.7	-19.92
796	-2.13
796.4	5.36
796.7	6.06
797	20.1
797.3	-21.32
797.7	15.42
798	-9.86
798.3	-9.62
798.6	-24.13
798.9	-24.37
799.3	18.23
799.6	-10.09
799.9	-1.66
800.2	7.7
800.5	-26.94
800.9	-19.69
801.2	-0.03
801.5	-7.52
801.8	5.12
802.2	3.25
802.5	4.89
802.8	19.87
803.1	19.17
803.4	10.74
803.8	5.12
804.1	1.85
804.4	6.53
804.7	19.87
805	0.21
805.4	-22.96
805.7	-30.45
806	-1.43
806.3	17.76
806.6	-0.49
807	14.49
807.3	6.29
807.6	8.87
807.9	-0.03
808.2	1.85
808.6	-8.92
808.9	10.51
809.2	11.68
809.5	-4.71
809.8	-11.03
810.2	-16.18
810.5	-11.26
810.8	-5.18
811.1	8.87
811.4	-5.18
811.8	-4
812.1	-6.81
812.4	-10.32
812.7	0.68
813	-19.22
813.4	19.4
813.7	10.27
814	-25.77
814.3	-25.3
814.6	10.51
815	2.08
815.3	-18.75
815.6	-19.69
815.9	-2.6
816.2	-14.54
816.5	19.87
816.9	14.02
817.2	-13.6
817.5	-15.24
817.8	-10.79
818.1	11.44
818.5	-21.09
818.8	10.51
819.1	4.19
819.4	-1.43
819.7	9.1
820.1	15.66
820.4	-13.84
820.7	10.97
821	20.34
821.3	-22.73
821.6	-10.32
822	-25.54
822.3	2.78
822.6	-22.26
822.9	-10.79
823.2	-16.41
823.5	-3.54
823.9	-29.28
824.2	-23.2
824.5	-2.37
824.8	-7.28
825.1	-4.94
825.5	34.61
825.8	-17.58
826.1	19.17
826.4	7.93
826.7	17.06
827	-1.43
827.4	12.38
827.7	-18.98
828	-23.43
828.3	16.36
828.6	-11.96
828.9	-24.84
829.3	8.17
829.6	10.27
829.9	-8.69
830.2	-11.73
830.5	-9.62
830.8	4.19
831.2	3.95
831.5	-9.62
831.8	2.31
832.1	-26.24
832.4	10.04
832.7	6.53
833.1	-19.92
833.4	-2.83
833.7	2.55
834	-9.62
834.3	12.85
834.6	-19.45
835	22.44
835.3	2.55
835.6	3.02
835.9	10.97
836.2	12.85
836.5	-25.07
836.8	-6.35
837.2	-3.54
837.5	-16.88
837.8	-16.64
838.1	-7.75
838.4	5.36
838.7	-11.73
839.1	19.17
839.4	-17.58
839.7	0.21
840	-1.66
840.3	5.59
840.6	-17.35
840.9	10.27
841.3	-24.13
841.6	4.19
841.9	-12.43
842.2	-0.03
842.5	-1.66
842.8	-0.73
843.1	11.21
843.5	-15.01
843.8	25.25
844.1	-15.71
844.4	0.44
844.7	17.76
845	15.66
845.3	7.23
845.7	10.51
846	-30.22
846.3	-14.07
846.6	-25.77
846.9	-28.35
847.2	2.08
847.5	0.21
847.9	6.53
848.2	32.98
848.5	4.66
848.8	-10.79
849.1	-15.71
849.4	0.68
849.7	3.48
850	-22.96
850.4	-12.66
850.7	-28.35
851	7.23
851.3	-17.81
851.6	10.51
851.9	-16.64
852.2	-20.62
852.5	5.12
852.9	-6.11
853.2	17.53
853.5	-7.28
853.8	28.76
854.1	25.95
854.4	-7.52
854.7	-8.92
855.1	-4.94
855.4	2.78
855.7	-9.62
856	23.85
856.3	9.1
856.6	-8.22
856.9	-7.05
857.2	-1.2
857.5	-17.58
857.9	-1.9
858.2	-5.41
858.5	4.19
858.8	-4
859.1	-39.82
859.4	1.14
859.7	20.1
860	-8.22
860.4	13.55
860.7	29.93
861	-11.03
861.3	-7.75
861.6	6.53
861.9	-13.84
862.2	-0.73
862.5	-26.24
862.8	18
863.2	9.57
863.5	21.27
863.8	12.85
864.1	-1.2
864.4	2.78
864.7	12.38
865	10.51
865.3	-15.47
865.6	13.55
866	-18.05
866.3	24.08
866.6	-30.92
866.9	-18.98
867.2	-0.73
867.5	1.61
867.8	9.8
868.1	-18.98
868.4	-2.37
868.7	4.89
869.1	-11.49
869.4	25.02
869.7	21.74
870	-9.15
870.3	-17.58
870.6	-12.43
870.9	-47.54
871.2	-12.2
871.5	23.15
871.8	1.85
872.1	-14.3
872.5	10.97
872.8	2.31
873.1	5.36
873.4	-0.96
873.7	-4.71
874	6.06
874.3	-4
874.6	7.7
874.9	6.29
875.2	10.04
875.6	-9.62
875.9	-32.79
876.2	10.97
876.5	9.57
876.8	-15.71
877.1	-3.07
877.4	7.23
877.7	9.1
878	-2.13
878.3	4.66
878.6	-22.5
878.9	2.55
879.3	-22.73
879.6	-0.96
879.9	-8.69
880.2	-9.39
880.5	-28.11
880.8	-11.73
881.1	-24.37
881.4	-21.32
881.7	-11.26
882	12.61
882.3	-25.54
882.6	-5.88
882.9	-25.07
883.3	-4.24
883.6	7.46
883.9	-3.3
884.2	-3.3
884.5	13.55
884.8	6.76
885.1	-8.22
885.4	-13.6
885.7	-26.47
886	-1.9
886.3	-30.22
886.6	-0.03
886.9	-21.32
887.2	-17.58
887.6	-25.77
887.9	6.53
888.2	-17.35
888.5	-21.79
888.8	-9.15
889.1	11.21
889.4	10.27
889.7	-10.32
890	-1.43
890.3	-6.11
890.6	12.38
890.9	-0.49
891.2	-11.03
891.5	7.7
891.8	3.48
892.1	2.31
892.5	-7.75
892.8	16.59
893.1	-3.07
893.4	-5.88
893.7	0.68
894	-3.3
894.3	3.48
894.6	-3.3
894.9	-6.11
895.2	-24.37
895.5	-21.09
895.8	26.89
896.1	11.68
896.4	-2.83
896.7	-40.28
897	-29.52
897.3	-30.22
897.6	-5.88
897.9	37.89
898.3	-11.03
898.6	21.74
898.9	16.36
899.2	25.25
899.5	-9.86
899.8	23.38
900.1	4.19
900.4	9.34
900.7	-6.81
901	-24.84
901.3	19.17
901.6	-19.69
901.9	0.91
902.2	2.78
902.5	13.55
902.8	-18.52
903.1	-12.66
903.4	-5.41
903.7	-20.86
904	10.74
904.3	-4.71
904.6	-20.62
904.9	-16.88
905.2	0.91
905.6	-37.47
905.9	-37.47
906.2	-16.41
906.5	10.97
906.8	-3.54
907.1	-16.64
907.4	-2.6
907.7	-20.39
908	-31.62
908.3	-29.98
908.6	10.97
908.9	-14.07
909.2	9.8
909.5	17.53
909.8	-17.58
910.1	-9.15
910.4	-26.24
910.7	-11.03
911	2.08
911.3	14.25
911.6	-39.11
911.9	-4.47
912.2	-20.15
912.5	-25.07
912.8	-11.26
913.1	-2.37
913.4	10.74
913.7	-4.24
914	33.44
914.3	-10.79
914.6	-24.6
914.9	-33.26
915.2	-5.41
915.5	5.12
915.8	-1.66
916.1	-25.54
916.4	4.66
916.7	-6.81
917	0.68
917.3	16.59
917.6	11.68
917.9	4.89
918.2	-28.81
918.5	13.08
918.8	-50.11
919.1	-34.9
919.5	12.14
919.8	-11.26
920.1	-13.6
920.4	-0.73
920.7	-11.03
921	1.38
921.3	21.27
921.6	-27.41
921.9	9.1
922.2	20.34
922.5	-12.66
922.8	9.8
923.1	-1.66
923.4	-15.71
923.7	-13.84
924	3.25
924.3	-2.37
924.6	2.31
924.9	-22.96
925.2	-2.6
925.5	10.97
925.8	-18.52
926.1	-8.22
926.4	-7.05
926.7	6.53
927	-16.41
927.3	18.93
927.6	-2.13
927.9	-10.56
928.2	-16.64
928.4	-26.01
928.7	-29.98
929	10.97
929.3	10.27
929.6	7.7
929.9	0.68
930.2	-5.41
930.5	-22.73
930.8	2.78
931.1	-19.69
931.4	-29.05
931.7	-8.45
932	-22.26
932.3	-18.05
932.6	-1.2
932.9	1.38
933.2	-10.32
933.5	-27.88
933.8	11.91
934.1	-18.05
934.4	-14.77
934.7	8.63
935	4.66
935.3	-7.05
935.6	-32.79
935.9	-3.77
936.2	22.44
936.5	-7.28
936.8	3.72
937.1	5.12
937.4	-5.64
937.7	11.44
938	-13.37
938.3	-20.15
938.6	-22.26
938.9	-12.2
939.2	17.29
939.5	-9.15
939.8	3.48
940.1	-1.43
940.4	-14.3
940.7	-50.35
941	-22.73
941.3	-17.81
941.6	-5.88
941.9	-11.96
942.2	16.83
942.4	-19.45
942.7	5.36
943	14.25
943.3	21.74
943.6	13.55
943.9	-4.71
944.2	-17.35
944.5	12.85
944.8	-9.86
945.1	0.21
945.4	-13.84
945.7	-21.79
946	-33.26
946.3	18
946.6	11.44
946.9	-10.56
947.2	-8.22
947.5	15.89
947.8	-18.52
948.1	-16.64
948.4	-11.03
948.7	-8.45
949	-18.28
949.2	-5.88
949.5	2.08
949.8	4.89
950.1	0.68
950.4	-12.43
950.7	-18.52
951	2.31
951.3	-5.41
951.6	0.68
951.9	-11.73
952.2	3.72
952.5	-16.18
952.8	-12.66
953.1	-8.92
953.4	-1.9
953.7	3.25
954	-1.9
954.3	-36.54
954.6	10.74
954.8	-18.05
955.1	14.95
955.4	-34.2
955.7	29
956	-21.79
956.3	-20.39
956.6	-17.11
956.9	29.93
957.2	-0.73
957.5	-10.79
957.8	8.87
958.1	-3.77
958.4	15.89
958.7	-20.15
959	-6.35
959.2	-0.96
959.5	18.46
959.8	-39.82
960.1	5.83
960.4	-10.79
960.7	6.76
961	14.95
961.3	-3.07
961.6	27.36
961.9	4.66
962.2	25.95
962.5	-0.73
962.8	3.48
963.1	-21.09
963.3	12.14
963.6	-3.54
963.9	-3.54
964.2	10.74
964.5	-13.13
964.8	-2.6
965.1	-2.83
965.4	-14.54
965.7	-16.88
966	-4
966.3	13.32
966.6	0.21
966.9	7.7
967.1	18
967.4	0.44
967.7	-4
968	18.7
968.3	4.66
968.6	3.02
968.9	-5.41
969.2	-42.16
969.5	4.42
969.8	-8.92
970.1	21.51
970.3	-28.11
970.6	-6.11
970.9	6.76
971.2	-4
971.5	-7.52
971.8	-16.18
972.1	-1.2
972.4	-9.62
972.7	1.85
973	3.95
973.3	11.21
973.5	-13.13
973.8	-3.07
974.1	-15.01
974.4	28.53
974.7	-10.79
975	-22.26
975.3	-10.32
975.6	-10.56
975.9	-1.43
976.2	21.04
976.4	12.85
976.7	-13.84
977	-5.88
977.3	-35.6
977.6	4.42
977.9	-7.28
978.2	14.25
978.5	15.42
978.8	4.66
979	-7.05
979.3	9.8
979.6	6.76
979.9	12.14
980.2	-9.39
980.5	0.68
980.8	-3.07
981.1	9.1
981.4	9.8
981.6	15.66
981.9	-0.49
982.2	19.17
982.5	1.14
982.8	1.38
983.1	-21.79
983.4	7.7
983.7	-14.07
984	29.23
984.2	-10.56
984.5	0.91
984.8	-21.09
985.1	20.34
985.4	-4.47
985.7	5.59
986	-11.26
986.3	-12.43
986.5	10.97
986.8	3.02
987.1	1.38
987.4	-14.07
987.7	-20.15
988	-41.69
988.3	15.19
988.6	-7.05
988.8	-32.79
989.1	-9.15
989.4	-5.18
989.7	7.93
990	5.36
990.3	-1.43
990.6	22.21
990.9	11.44
991.1	-13.84
991.4	-0.49
991.7	8.4
992	7.46
992.3	-5.41
992.6	-26.71
992.9	11.21
993.1	-1.43
993.4	-14.3
993.7	11.68
994	-3.54
994.3	-6.58
994.6	-1.2
994.9	-6.58
995.1	-6.35
995.4	-32.33
995.7	22.21
996	-9.62
996.3	-22.03
996.6	-15.24
996.9	-13.6
997.1	6.29
997.4	0.68
997.7	-2.6
998	-9.15
998.3	-14.54
998.6	-7.98
998.9	18.23
999.1	-18.28
999.4	-15.71
999.7	-13.84
1000	6.06
1000.3	-9.62
1000.6	-29.52
1000.8	-23.67
1001.1	26.42
1001.4	5.83
1001.7	2.55
1002	6.06
1002.3	-20.62
1002.6	0.91
1002.8	-7.52
1003.1	-20.86
1003.4	-33.26
1003.7	-25.54
1004	3.95
1004.3	-10.56
1004.5	-23.9
1004.8	-18.05
1005.1	-6.58
1005.4	-9.15
1005.7	20.8
1006	-18.98
1006.2	-6.81
1006.5	3.02
1006.8	-8.92
1007.1	-9.15
1007.4	-2.37
1007.7	-1.66
1007.9	-20.86
1008.2	-13.84
1008.5	6.76
1008.8	-18.98
1009.1	-15.47
1009.4	-23.2
1009.6	-51.99
1009.9	-43.33
1010.2	19.4
1010.5	-14.77
1010.8	19.4
1011.1	18.46
1011.3	0.21
1011.6	-5.88
1011.9	5.83
1012.2	9.34
1012.5	-14.3
1012.7	11.91
1013	-21.56
1013.3	-19.92
1013.6	-9.15
1013.9	-14.77
1014.2	-25.77
1014.4	14.72
1014.7	13.08
1015	-12.66
1015.3	-17.35
1015.6	-0.03
1015.8	-7.52
1016.1	8.4
1016.4	6.06
1016.7	-23.43
1017	33.21
1017.2	-10.56
1017.5	-9.15
1017.8	-5.88
1018.1	1.85
1018.4	-6.81
1018.7	-1.9
1018.9	-24.6
1019.2	14.49
1019.5	6.76
1019.8	-18.75
1020.1	2.55
1020.3	4.66
1020.6	-11.73
1020.9	-11.73
1021.2	-11.73
