340.2	16.12
340.6	16.12
340.9	16.12
341.3	1.85
341.7	15.89
342.1	-11.26
342.4	-0.03
342.8	-1.66
343.2	-28.81
343.6	-30.22
343.9	-14.3
344.3	-11.26
344.7	11.44
345.1	-12.9
345.4	-7.52
345.8	36.95
346.2	-22.96
346.6	26.42
346.9	4.89
347.3	6.53
347.7	15.66
348	-8.22
348.4	23.38
348.8	-9.62
349.2	-21.32
349.5	-4.94
349.9	-6.35
350.3	-21.56
350.7	9.1
351	-12.2
351.4	-27.88
351.8	-23.2
352.2	-5.41
352.5	-12.66
352.9	12.61
353.3	3.02
353.6	-10.79
354	21.04
354.4	-11.26
354.8	-8.45
355.1	-12.43
355.5	15.19
355.9	-2.13
356.3	23.85
356.6	-26.47
357	-18.28
357.4	-1.9
357.8	-16.64
358.1	-3.54
358.5	4.19
358.9	-6.35
359.2	8.63
359.6	-22.03
360	-33.26
360.4	-25.07
360.7	-11.03
361.1	-10.09
361.5	8.17
361.9	4.42
362.2	-11.96
362.6	-24.37
363	-15.47
363.3	12.61
363.7	15.19
364.1	-13.6
364.5	-11.96
364.8	-15.71
365.2	-12.66
365.6	0.91
366	-19.69
366.3	12.85
366.7	8.87
367.1	-23.43
367.4	5.36
367.8	-15.24
368.2	-6.11
368.6	-5.41
368.9	2.31
369.3	-19.45
369.7	-4.47
370	-11.03
370.4	-6.81
370.8	26.42
371.2	14.02
371.5	-11.03
371.9	-4
372.3	3.02
372.6	18.46
373	18.23
373.4	43.04
373.8	0.44
374.1	-5.64
374.5	5.36
374.9	0.44
375.2	-10.56
375.6	13.55
376	9.34
376.4	-11.96
376.7	-26.71
377.1	-8.92
377.5	-10.79
377.8	-18.98
378.2	1.85
378.6	-9.62
379	9.57
379.3	-17.11
379.7	-2.83
380.1	-0.96
380.4	7.46
380.8	-9.62
381.2	-4.94
381.6	-4.94
381.9	14.25
382.3	10.27
382.7	2.55
383	9.1
383.4	-24.84
383.8	-5.88
384.2	3.25
384.5	8.63
384.9	20.8
385.3	-6.35
385.6	-20.15
386	3.72
386.4	25.95
386.7	1.61
387.1	36.49
387.5	-5.88
387.9	4.42
388.2	12.61
388.6	-22.96
389	11.91
389.3	17.53
389.7	-15.71
390.1	-35.84
390.5	-7.28
390.8	-3.3
391.2	10.04
391.6	-25.54
391.9	-35.13
392.3	7.7
392.7	-3.77
393	-24.13
393.4	0.68
393.8	-7.52
394.2	3.95
394.5	-19.92
394.9	12.38
395.3	-3.3
395.6	3.72
396	-6.11
396.4	7.23
396.7	-17.35
397.1	-27.18
397.5	-9.62
397.8	-8.22
398.2	-25.54
398.6	3.48
399	-16.41
399.3	-9.62
399.7	-17.11
400.1	4.42
400.4	-14.07
400.8	-0.03
401.2	0.21
401.5	-28.58
401.9	13.78
402.3	-18.28
402.7	-28.81
403	-19.69
403.4	2.08
403.8	-11.73
404.1	-26.01
404.5	7.46
404.9	-15.01
405.2	-51.05
405.6	-22.96
406	-12.66
406.3	2.55
406.7	-6.81
407.1	-6.58
407.4	10.74
407.8	-1.2
408.2	22.21
408.6	2.78
408.9	-11.49
409.3	12.61
409.7	-8.69
410	-25.07
410.4	-20.62
410.8	-8.22
411.1	25.02
411.5	-4.24
411.9	-36.3
412.2	15.42
412.6	-12.9
413	-32.09
413.3	9.57
413.7	-3.3
414.1	-0.49
414.4	-50.35
414.8	7.23
415.2	-0.49
415.5	3.02
415.9	3.72
416.3	-5.41
416.7	2.31
417	14.72
417.4	-25.07
417.8	14.25
418.1	-6.11
418.5	-31.16
418.9	9.57
419.2	19.4
419.6	15.19
420	-9.62
420.3	0.44
420.7	2.78
421.1	5.12
421.4	1.61
421.8	-1.66
422.2	-0.96
422.5	-1.9
422.9	27.12
423.3	-0.96
423.6	1.14
424	84.7
424.4	72.76
424.7	1.14
425.1	-3.77
425.5	-15.71
425.8	36.49
426.2	8.4
426.6	-5.18
426.9	-16.64
427.3	-2.13
427.7	0.68
428	-10.32
428.4	7.93
428.8	-9.86
429.1	-11.26
429.5	0.21
429.9	-4.94
430.2	-29.28
430.6	-5.64
431	-14.54
431.3	25.25
431.7	14.49
432.1	-7.52
432.4	-9.86
432.8	27.59
433.2	16.59
433.5	5.36
433.9	-16.18
434.3	-6.11
434.6	26.66
435	-4.94
435.4	-31.62
435.7	-11.96
436.1	27.36
436.5	15.19
436.8	-22.26
437.2	1.14
437.6	-28.35
437.9	-39.11
438.3	1.61
438.7	-4.47
439	24.78
439.4	-3.54
439.8	-6.81
440.1	-8.22
440.5	-3.07
440.9	-10.09
441.2	17.29
441.6	-18.75
442	0.44
442.3	-27.64
442.7	-9.86
443.1	20.34
443.4	5.83
443.8	-13.6
444.1	-32.56
444.5	-6.81
444.9	-11.03
445.2	0.44
445.6	2.78
446	-4
446.3	-35.37
446.7	-14.3
447.1	-32.56
447.4	12.85
447.8	1.85
448.2	-3.07
448.5	8.87
448.9	-27.41
449.3	12.38
449.6	-5.64
450	-8.45
450.4	-8.45
450.7	11.44
451.1	-7.98
451.4	19.87
451.8	9.57
452.2	-19.22
452.5	-8.45
452.9	-3.3
453.3	-22.03
453.6	-6.35
454	-10.32
454.4	-25.3
454.7	-16.18
455.1	-32.79
455.5	-25.07
455.8	-19.69
456.2	-7.05
456.5	-34.2
456.9	4.89
457.3	14.72
457.6	-6.35
458	-11.49
458.4	8.87
458.7	-32.33
459.1	-19.69
459.5	-1.2
459.8	0.21
460.2	12.38
460.5	-1.9
460.9	-5.41
461.3	24.32
461.6	-0.26
462	-7.75
462.4	-14.77
462.7	25.49
463.1	-2.6
463.5	10.51
463.8	-5.64
464.2	5.83
464.5	26.42
464.9	11.68
465.3	-5.18
465.6	19.17
466	-1.66
466.4	-11.26
466.7	-13.37
467.1	8.63
467.5	-7.28
467.8	-8.22
468.2	4.66
468.5	-10.09
468.9	6.06
469.3	-27.64
469.6	1.61
470	-24.37
470.4	4.89
470.7	-10.56
471.1	-28.58
471.4	-13.13
471.8	-26.47
472.2	21.51
472.5	31.57
472.9	-21.32
473.3	5.12
473.6	-22.5
474	6.76
474.3	-1.9
474.7	-11.96
475.1	-13.13
475.4	13.78
475.8	-22.73
476.2	-36.77
476.5	-3.77
476.9	3.48
477.2	2.55
477.6	-15.24
478	-12.66
478.3	1.61
478.7	-10.32
479.1	-29.05
479.4	-23.9
479.8	12.38
480.1	-11.03
480.5	-30.22
480.9	3.02
481.2	-36.54
481.6	20.34
481.9	7
482.3	-6.11
482.7	-8.69
483	-35.37
483.4	2.31
483.8	-4.94
484.1	0.68
484.5	0.44
484.8	-6.81
485.2	-7.28
485.6	-6.58
485.9	-3.77
486.3	-1.43
486.6	-13.37
487	9.1
487.4	4.42
487.7	-24.37
488.1	-9.86
488.5	-4.24
488.8	-1.43
489.2	-19.69
489.5	-19.45
489.9	16.83
490.3	-20.86
490.6	-6.81
491	-2.37
491.3	-4.47
491.7	-25.77
492.1	-16.41
492.4	-21.32
492.8	5.36
493.1	-32.79
493.5	6.76
493.9	-28.35
494.2	-1.9
494.6	-15.47
494.9	-12.2
495.3	-26.01
495.7	-20.15
496	-11.26
496.4	-5.88
496.7	4.89
497.1	-13.84
497.5	7.23
497.8	-13.37
498.2	1.85
498.5	-29.28
498.9	-7.75
499.3	8.87
499.6	-3.07
500	-2.13
500.3	-5.64
500.7	-10.56
501.1	0.68
501.4	-14.3
501.8	27.12
502.1	-4.47
502.5	19.87
502.9	-1.66
503.2	-5.41
503.6	5.36
503.9	-20.62
504.3	-11.26
504.7	-38.64
505	2.78
505.4	4.89
505.7	-9.39
506.1	22.68
506.5	-21.32
506.8	-11.73
507.2	3.72
507.5	-11.26
507.9	-11.49
508.2	-35.84
508.6	9.1
509	6.53
509.3	-0.49
509.7	-15.71
510	-22.5
510.4	-1.2
510.8	-25.07
511.1	25.95
511.5	-1.66
511.8	3.25
512.2	-10.79
512.6	-1.66
512.9	-6.58
513.3	-9.62
513.6	-7.52
514	-21.79
514.3	0.21
514.7	6.06
515.1	-22.03
515.4	12.61
515.8	-7.98
516.1	-37.94
516.5	16.36
516.9	9.57
517.2	2.55
517.6	-19.69
517.9	-11.03
518.3	10.74
518.6	0.21
519	12.85
519.4	6.76
519.7	-31.62
520.1	-13.37
520.4	-30.69
520.8	13.32
521.1	-36.07
521.5	4.89
521.9	11.91
522.2	9.34
522.6	-14.07
522.9	-2.83
523.3	3.25
523.6	-29.28
524	-22.03
524.4	-18.05
524.7	18.93
525.1	-1.66
525.4	4.19
525.8	11.68
526.2	-1.9
526.5	5.59
526.9	-15.24
527.2	6.06
527.6	-2.13
527.9	-23.9
528.3	-19.92
528.6	-3.54
529	-1.66
529.4	-10.79
529.7	10.74
530.1	9.1
530.4	-8.92
530.8	-9.39
531.1	-7.98
531.5	-3.3
531.9	-18.98
532.2	34.85
532.6	7
532.9	-1.2
533.3	11.91
533.6	-7.28
534	2.55
534.4	192.13
534.7	0.68
535.1	5.83
535.4	-21.79
535.8	-0.96
536.1	-6.58
536.5	-1.2
536.8	15.19
537.2	0.21
537.6	-16.64
537.9	-16.18
538.3	-21.56
538.6	4.42
539	-2.83
539.3	9.34
539.7	-29.75
540	-27.18
540.4	-15.71
540.8	1.61
541.1	-107.22
541.5	-9.86
541.8	-36.3
542.2	-29.05
542.5	1.14
542.9	3.25
543.2	-4.47
543.6	-19.45
544	-19.45
544.3	0.68
544.7	4.66
545	-7.98
545.4	-12.2
545.7	4.19
546.1	-12.66
546.4	-16.64
546.8	-17.81
547.2	-22.73
547.5	-8.45
547.9	-1.66
548.2	-9.86
548.6	3.25
548.9	-1.9
549.3	2.31
549.6	-28.81
550	-7.98
550.3	5.12
550.7	-9.62
551.1	3.02
551.4	4.19
551.8	11.44
552.1	-0.03
552.5	-14.54
552.8	-13.84
553.2	-50.82
553.5	-6.11
553.9	4.89
554.2	-12.66
554.6	-10.79
554.9	16.12
555.3	35.55
555.7	0.44
556	11.21
556.4	-24.84
556.7	9.1
557.1	3.72
557.4	11.44
557.8	-0.96
558.1	-4.47
558.5	-14.07
558.8	16.12
559.2	3.72
559.5	-8.45
559.9	-26.47
560.3	-1.9
560.6	-16.41
561	-6.11
561.3	-25.54
561.7	3.72
562	-19.69
562.4	17.53
562.7	12.38
563.1	-13.6
563.4	7.23
563.8	3.48
564.1	-11.73
564.5	-19.92
564.8	-1.9
565.2	-21.32
565.5	-2.6
565.9	5.12
566.3	-11.96
566.6	15.42
567	9.8
567.3	-10.79
567.7	-15.47
568	14.25
568.4	-35.37
568.7	1.38
569.1	-3.07
569.4	0.91
569.8	4.66
570.1	7.93
570.5	-14.07
570.8	-10.32
571.2	-0.73
571.5	-19.22
571.9	-13.6
572.2	-21.79
572.6	5.59
572.9	-6.11
573.3	10.97
573.6	-2.37
574	-9.86
574.4	-11.73
574.7	-1.43
575.1	19.4
575.4	-3.3
575.8	10.04
576.1	10.27
576.5	-23.2
576.8	12.38
577.2	17.29
577.5	-14.77
577.9	57.08
578.2	5.36
578.6	8.87
578.9	5.83
579.3	30.87
579.6	10.97
580	2.31
580.3	-0.26
580.7	-1.2
581	-9.39
581.4	2.55
581.7	-19.69
582.1	4.19
582.4	7.46
582.8	9.1
583.1	-15.71
583.5	-0.03
583.8	-12.9
584.2	9.1
584.5	10.97
584.9	32.74
585.2	-20.15
585.6	-8.45
585.9	7
586.3	-13.13
586.6	-7.75
587	-11.49
587.3	22.21
587.7	10.51
588	21.04
588.4	7.23
588.7	18.23
589.1	10.97
589.4	8.87
589.8	7
590.1	-21.32
590.5	16.36
590.8	7.93
591.2	-15.94
591.5	-5.64
591.9	-20.62
592.2	17.53
592.6	-3.54
592.9	23.85
593.3	-16.64
593.6	9.1
594	41.4
594.3	26.89
594.7	22.44
595	-11.96
595.4	-8.92
595.7	13.32
596.1	4.66
596.4	17.29
596.8	23.38
597.1	4.66
597.5	25.02
597.8	9.57
598.2	39.53
598.5	9.1
598.9	23.15
599.2	-9.15
599.6	-6.35
599.9	25.25
600.3	36.72
600.6	15.19
601	51.93
601.3	12.61
601.7	-2.13
602	-0.96
602.4	53.81
602.7	30.64
603.1	31.1
603.4	52.17
603.8	3.72
604.1	44.91
604.5	41.64
604.8	54.04
605.1	64.81
605.5	60.59
605.8	56.38
606.2	41.17
606.5	39.06
606.9	65.98
607.2	25.95
607.6	59.19
607.9	80.49
608.3	56.85
608.6	96.87
609	75.34
609.3	51.93
609.7	40.93
610	90.32
610.4	80.96
610.7	113.26
611.1	67.38
611.4	109.28
611.8	77.21
612.1	101.55
612.5	95.23
612.8	100.85
613.1	102.96
613.5	123.55
613.8	102.49
614.2	130.34
614.5	176.92
614.9	138.3
615.2	153.28
615.6	142.51
615.9	201.03
616.3	161.47
616.6	173.41
617	194
617.3	197.28
617.7	215.3
618	222.32
618.3	241.75
618.7	241.05
619	219.05
619.4	243.62
619.7	252.52
620.1	270.54
620.4	290.2
620.8	300.5
621.1	298.86
621.5	281.54
621.8	323.67
622.2	353.63
622.5	367.44
622.8	362.29
623.2	358.08
623.5	370.48
623.9	401.38
624.2	391.31
624.6	436.02
624.9	445.38
625.3	441.16
625.6	436.02
626	450.06
626.3	491.25
626.7	476.27
627	524.72
627.3	547.19
627.7	553.51
628	565.21
628.4	574.81
628.7	620.45
629.1	603.6
629.4	647.83
629.8	625.13
630.1	668.67
630.5	647.13
630.8	647.83
631.1	691.84
631.5	694.18
631.8	636.37
632.2	665.39
632.5	658.13
632.9	651.11
633.2	656.49
633.6	650.88
633.9	661.41
634.2	587.45
634.6	591.43
634.9	580.89
635.3	552.81
635.6	528
636	496.4
636.3	466.68
636.7	463.17
637	478.61
637.3	412.38
637.7	390.38
638	393.89
638.4	364.86
638.7	328.59
639.1	307.29
639.4	328.12
639.8	284.12
640.1	263.75
640.4	247.13
640.8	215.77
641.1	216.01
641.5	184.88
641.8	163.34
642.2	170.13
642.5	140.87
642.8	138.77
643.2	142.28
643.5	119.58
643.9	100.62
644.2	132.68
644.6	99.21
644.9	90.79
645.3	85.87
645.6	123.09
645.9	113.26
646.3	81.19
646.6	78.62
647	58.96
647.3	44.21
647.7	34.38
648	50.3
648.3	37.89
648.7	22.91
649	60.13
649.4	35.55
649.7	31.57
650.1	48.42
650.4	54.04
650.7	36.49
651.1	36.95
651.4	11.44
651.8	16.59
652.1	33.91
652.4	-0.26
652.8	6.53
653.1	23.15
653.5	11.91
653.8	14.95
654.2	36.25
654.5	18
654.8	11.68
655.2	15.89
655.5	4.42
655.9	7.93
656.2	2.08
656.6	-2.37
656.9	37.66
657.2	12.14
657.6	-14.07
657.9	22.68
658.3	5.59
658.6	1.85
658.9	-0.73
659.3	29.93
659.6	-6.81
660	32.04
660.3	16.83
660.7	29.23
661	4.89
661.3	27.36
661.7	17.53
662	15.89
662.4	-4.71
662.7	-13.84
663	-7.98
663.4	-11.73
663.7	-1.43
664.1	-29.52
664.4	-0.73
664.7	-17.11
665.1	-0.73
665.4	-28.58
665.8	12.85
666.1	10.97
666.4	-12.66
666.8	15.42
667.1	-7.05
667.5	-12.66
667.8	-1.2
668.1	13.55
668.5	-10.79
668.8	-5.64
669.2	-2.83
669.5	-10.79
669.8	-15.24
670.2	-15.24
670.5	12.61
670.9	-11.49
671.2	0.68
671.5	-14.77
671.9	-38.64
672.2	14.72
672.6	27.59
672.9	-9.15
673.2	-3.07
673.6	-8.69
673.9	-10.32
674.3	-12.9
674.6	14.02
674.9	3.25
675.3	-5.88
675.6	5.59
676	66.45
676.3	-0.03
676.6	-0.73
677	-6.35
677.3	-19.69
677.7	-23.43
678	-25.07
678.3	-6.35
678.7	-24.13
679	3.48
679.4	-4.71
679.7	-12.2
680	4.42
680.4	14.72
680.7	-4.47
681	-5.18
681.4	-4.71
681.7	-3.54
682.1	21.51
682.4	5.83
682.7	-21.56
683.1	-26.24
683.4	21.27
683.8	31.34
684.1	4.42
684.4	-12.2
684.8	-8.45
685.1	17.29
685.4	9.57
685.8	11.68
686.1	8.17
686.5	35.32
686.8	-15.94
687.1	10.27
687.5	8.63
687.8	16.36
688.1	8.17
688.5	5.12
688.8	3.02
689.2	-20.39
689.5	-31.62
689.8	-18.52
690.2	-3.07
690.5	-11.96
690.8	10.51
691.2	0.44
691.5	-21.32
691.9	5.83
692.2	-29.28
692.5	4.19
692.9	-9.62
693.2	7
693.5	-9.39
693.9	-20.39
694.2	0.68
694.6	-12.2
694.9	-19.92
695.2	-13.6
695.6	7
695.9	-41.69
696.2	-10.09
696.6	0.68
696.9	0.91
697.2	-0.26
697.6	31.57
697.9	-24.6
698.3	-28.35
698.6	3.25
698.9	-18.05
699.3	-31.39
699.6	-19.92
699.9	15.89
700.3	-5.88
700.6	-14.54
700.9	-4
701.3	-1.43
701.6	-15.47
702	-12.9
702.3	5.36
702.6	-7.75
703	2.31
703.3	-19.92
703.6	-4.71
704	-9.86
704.3	-0.49
704.6	-17.35
705	5.83
705.3	-20.15
705.6	-0.26
706	-0.49
706.3	-26.01
706.6	7.7
707	-16.18
707.3	25.02
707.7	-9.86
708	8.4
708.3	-15.94
708.7	-12.66
709	10.27
709.3	9.1
709.7	-6.58
710	-25.07
710.3	14.95
710.7	-4.71
711	10.97
711.3	-20.86
711.7	0.68
712	-10.32
712.3	-22.03
712.7	12.85
713	36.72
713.3	-23.2
713.7	-18.28
714	13.78
714.3	-22.5
714.7	-5.18
715	2.31
715.3	-28.11
715.7	-11.49
716	19.87
716.3	-2.13
716.7	-22.5
717	-12.2
717.3	-3.07
717.7	-11.03
718	-18.28
718.4	7.93
718.7	-9.15
719	-27.88
719.4	1.61
719.7	-3.77
720	-14.77
720.4	-13.37
720.7	4.19
721	-26.71
721.3	-20.86
721.7	3.48
722	-8.69
722.3	-4
722.7	-6.35
723	-9.62
723.3	-19.69
723.7	-2.13
724	18.93
724.3	10.51
724.7	-2.83
725	-6.35
725.3	19.4
725.7	-12.9
726	10.27
726.3	-21.56
726.7	-15.01
727	19.63
727.3	-10.32
727.7	3.72
728	2.78
728.3	-29.98
728.7	6.76
729	-1.9
729.3	6.53
729.7	-4.47
730	24.78
730.3	-8.22
730.7	-31.62
731	-25.77
731.3	-22.03
731.7	-10.09
732	-7.28
732.3	0.44
732.6	3.72
733	-15.01
733.3	-17.58
733.6	-11.73
734	1.85
734.3	-32.09
734.6	-15.47
735	0.21
735.3	-24.13
735.6	-11.96
736	4.89
736.3	-23.43
736.6	11.21
737	15.19
737.3	-11.96
737.6	6.29
737.9	-10.32
738.3	0.68
738.6	-39.35
738.9	-4.24
739.3	-16.88
739.6	-14.54
739.9	-19.69
740.3	4.89
740.6	-15.24
740.9	9.57
741.2	-16.64
741.6	14.72
741.9	-6.58
742.2	-24.13
742.6	-5.64
742.9	-1.9
743.2	9.8
743.6	-17.58
743.9	-5.88
744.2	24.08
744.6	11.91
744.9	-4.71
745.2	-51.28
745.5	1.38
745.9	15.89
746.2	1.14
746.5	3.02
746.9	3.95
747.2	-39.11
747.5	-6.81
747.8	-22.5
748.2	-0.96
748.5	10.74
748.8	-23.2
749.2	-15.01
749.5	11.44
749.8	14.72
750.1	10.04
750.5	14.25
750.8	20.1
751.1	6.29
751.5	-21.79
751.8	-5.64
752.1	-20.62
752.5	-9.62
752.8	25.95
753.1	-21.09
753.4	-13.37
753.8	-12.9
754.1	-15.94
754.4	-10.79
754.7	-21.56
755.1	-16.64
755.4	-9.15
755.7	3.48
756.1	14.02
756.4	10.51
756.7	-6.11
757	2.78
757.4	-14.07
757.7	-5.41
758	-5.64
758.4	-1.43
758.7	28.29
759	17.06
759.3	7.93
759.7	3.02
760	27.59
760.3	16.83
760.7	-14.3
761	3.02
761.3	7.46
761.6	2.31
762	-9.15
762.3	-17.81
762.6	-5.64
762.9	-18.75
763.3	-28.58
763.6	12.38
763.9	-32.09
764.2	-14.54
764.6	-18.28
764.9	-24.6
765.2	-9.15
765.6	3.72
765.9	3.25
766.2	-29.28
766.5	7.46
766.9	-12.43
767.2	17.76
767.5	14.02
767.8	-36.77
768.2	-26.94
768.5	-22.73
768.8	14.02
769.1	-2.83
769.5	-11.96
769.8	-4.24
770.1	-12.66
770.5	-8.22
770.8	-8.45
771.1	4.66
771.4	-11.03
771.8	1.14
772.1	-11.49
772.4	15.66
772.7	-6.11
773.1	-22.73
773.4	26.19
773.7	0.44
774	-14.54
774.4	-4.71
774.7	0.68
775	-12.66
775.3	-11.26
775.7	6.53
776	-1.66
776.3	-11.26
776.6	1.85
777	-31.86
777.3	-7.28
777.6	1.38
777.9	-21.32
778.3	-9.62
778.6	26.89
778.9	-7.28
779.2	-6.58
779.6	-17.58
779.9	0.91
780.2	33.68
780.5	-22.03
780.9	-1.66
781.2	-17.58
781.5	6.53
781.8	-20.15
782.2	6.53
782.5	-4.24
782.8	-0.03
783.1	-1.2
783.4	-9.86
783.8	22.21
784.1	10.51
784.4	28.53
784.7	-9.62
785.1	4.66
785.4	-0.96
785.7	-15.01
786	-22.26
786.4	-23.67
786.7	-11.03
787	-5.64
787.3	4.19
787.7	-30.22
788	8.63
788.3	14.02
788.6	-8.92
788.9	-2.6
789.3	-6.58
789.6	6.53
789.9	1.38
790.2	15.19
790.6	-7.52
790.9	6.76
791.2	-2.13
791.5	8.4
791.9	-4
792.2	19.4
792.5	10.51
792.8	26.42
793.1	5.36
793.5	-25.54
793.8	-5.88
794.1	13.08
794.4	-20.15
794.8	-3.07
795.1	6.29
795.4	-13.37
795.7	-58.07
796	-0.73
796.4	-6.11
796.7	-1.2
797	15.19
797.3	-7.28
797.7	10.74
798	-8.45
798.3	-9.15
798.6	-16.41
798.9	-10.09
799.3	-6.58
799.6	-23.9
799.9	-20.86
800.2	1.14
800.5	-23.67
800.9	-9.62
801.2	-12.9
801.5	3.95
801.8	6.06
802.2	-7.75
802.5	-3.3
802.8	-5.64
803.1	-5.18
803.4	34.38
803.8	-4.71
804.1	-8.69
804.4	25.72
804.7	3.25
805	-23.2
805.4	-26.71
805.7	-37.71
806	7.7
806.3	14.95
806.6	0.44
807	-21.79
807.3	-1.9
807.6	7.93
807.9	-18.75
808.2	-14.3
808.6	10.51
808.9	7.7
809.2	1.14
809.5	-18.75
809.8	-9.62
810.2	6.53
810.5	-15.71
810.8	-5.18
811.1	-8.22
811.4	22.21
811.8	3.48
812.1	-2.13
812.4	-17.58
812.7	-22.5
813	-17.58
813.4	17.06
813.7	-11.03
814	-7.98
814.3	-22.96
814.6	11.91
815	-5.41
815.3	-10.09
815.6	-2.13
815.9	3.72
816.2	-2.13
816.5	14.02
816.9	2.78
817.2	-18.98
817.5	-8.45
817.8	-17.35
818.1	-12.66
818.5	5.83
818.8	8.17
819.1	-8.45
819.4	-28.35
819.7	-21.32
820.1	-14.54
820.4	-25.77
820.7	-7.75
821	4.89
821.3	-29.75
821.6	-13.6
822	-18.75
822.3	-20.39
822.6	-8.45
822.9	-25.07
823.2	-4
823.5	-1.66
823.9	-13.84
824.2	-8.45
824.5	-11.26
824.8	-3.3
825.1	-6.11
825.5	32.04
825.8	-10.09
826.1	10.51
826.4	36.72
826.7	16.36
827	-26.01
827.4	18
827.7	0.68
828	-28.58
828.3	14.72
828.6	-17.81
828.9	-21.56
829.3	10.04
829.6	-11.26
829.9	-29.28
830.2	-23.43
830.5	-22.26
830.8	3.95
831.2	6.29
831.5	-0.26
831.8	1.38
832.1	-3.3
832.4	-18.98
832.7	-20.62
833.1	-26.71
833.4	-5.64
833.7	-6.11
834	3.95
834.3	6.53
834.6	-9.86
835	-0.03
835.3	-5.41
835.6	7.93
835.9	17.53
836.2	-0.26
836.5	-17.58
836.8	-1.9
837.2	-4
837.5	-23.9
837.8	-7.75
838.1	-20.62
838.4	-4.94
838.7	3.02
839.1	21.27
839.4	1.14
839.7	-4.24
840	-0.96
840.3	-27.18
840.6	-30.45
840.9	-20.86
841.3	-31.39
841.6	-19.69
841.9	-0.96
842.2	19.4
842.5	-4.47
842.8	-1.43
843.1	-0.26
843.5	-7.28
843.8	-17.35
844.1	-1.9
844.4	-20.15
844.7	14.72
845	-4.94
845.3	-23.9
845.7	-9.15
846	-37.01
846.3	-4.94
846.6	-6.81
846.9	0.68
847.2	17.53
847.5	-15.71
847.9	-2.13
848.2	9.8
848.5	-11.49
848.8	1.38
849.1	-2.83
849.4	-12.9
849.7	4.89
850	-17.11
850.4	9.8
850.7	-43.56
851	3.48
851.3	-10.09
851.6	12.14
851.9	-28.35
852.2	-28.11
852.5	-8.69
852.9	-6.58
853.2	-12.2
853.5	-24.84
853.8	18
854.1	6.76
854.4	23.85
854.7	11.91
855.1	-20.62
855.4	10.74
855.7	3.95
856	16.83
856.3	1.61
856.6	-3.3
856.9	-12.43
857.2	4.42
857.5	-8.92
857.9	-1.2
858.2	-5.41
858.5	-12.2
858.8	-28.35
859.1	-16.88
859.4	19.63
859.7	17.06
860	6.29
860.4	9.8
860.7	18.23
861	-2.6
861.3	5.83
861.6	7.93
861.9	9.57
862.2	-3.07
862.5	3.48
862.8	-0.49
863.2	-2.13
863.5	-1.2
863.8	14.95
864.1	-7.05
864.4	16.59
864.7	-11.96
865	18.46
865.3	-4.94
865.6	-14.3
866	-3.3
866.3	25.72
866.6	-9.62
866.9	1.85
867.2	-10.79
867.5	-2.37
867.8	7.23
868.1	-15.24
868.4	-4.47
868.7	-8.22
869.1	3.25
869.4	3.72
869.7	13.78
870	-8.92
870.3	4.19
870.6	-18.98
870.9	-38.64
871.2	-0.73
871.5	21.74
871.8	-7.05
872.1	7
872.5	5.59
872.8	-12.66
873.1	4.66
873.4	-2.13
873.7	2.55
874	8.63
874.3	-1.2
874.6	10.27
874.9	11.68
875.2	0.68
875.6	-3.3
875.9	2.55
876.2	-21.56
876.5	9.34
876.8	-10.09
877.1	5.36
877.4	0.68
877.7	-5.18
878	-6.58
878.3	19.4
878.6	-4.94
878.9	5.59
879.3	-37.47
879.6	3.95
879.9	12.61
880.2	4.42
880.5	-35.13
880.8	-20.62
881.1	9.57
881.4	-4.94
881.7	-7.52
882	1.38
882.3	-23.2
882.6	19.17
882.9	-27.41
883.3	-20.15
883.6	-15.01
883.9	-24.84
884.2	5.12
884.5	12.85
884.8	19.17
885.1	-1.66
885.4	-20.86
885.7	-36.07
886	-0.49
886.3	-20.39
886.6	-17.58
886.9	10.51
887.2	0.91
887.6	-14.07
887.9	-2.83
888.2	-15.01
888.5	-22.73
888.8	11.91
889.1	-1.9
889.4	22.91
889.7	-15.47
890	-22.26
890.3	19.63
890.6	-5.88
890.9	7.7
891.2	18.93
891.5	-13.13
891.8	19.17
892.1	-19.45
892.5	0.44
892.8	21.51
893.1	-11.96
893.4	-12.9
893.7	-8.22
894	-23.9
894.3	11.91
894.6	-11.96
894.9	-41.22
895.2	-15.94
895.5	-20.62
895.8	3.25
896.1	18.93
896.4	-14.07
896.7	-25.07
897	-23.43
897.3	-23.9
897.6	3.95
897.9	37.66
898.3	-3.07
898.6	11.68
898.9	-15.01
899.2	30.64
899.5	8.17
899.8	14.49
900.1	1.61
900.4	16.83
900.7	-1.66
901	19.87
901.3	3.48
901.6	-7.75
901.9	-6.35
902.2	-19.22
902.5	-11.49
902.8	-4.94
903.1	-8.45
903.4	-0.26
903.7	-12.9
904	2.08
904.3	-5.88
904.6	-11.26
904.9	-5.18
905.2	31.57
905.6	-12.2
905.9	-27.64
906.2	-23.67
906.5	13.08
906.8	-0.03
907.1	-13.13
907.4	-5.64
907.7	-29.75
908	-19.22
908.3	-13.37
908.6	14.95
908.9	-10.56
909.2	-9.86
909.5	0.21
909.8	-15.01
910.1	-3.3
910.4	-25.07
910.7	10.51
911	0.91
911.3	-0.26
911.6	-17.35
911.9	8.4
912.2	-21.09
912.5	-17.81
912.8	-16.41
913.1	-1.9
913.4	-39.11
913.7	7.93
914	-9.62
914.3	-6.11
914.6	-19.22
914.9	-21.32
915.2	-22.96
915.5	3.95
915.8	-8.92
916.1	-15.94
916.4	-14.3
916.7	-29.52
917	6.06
917.3	34.15
917.6	16.83
917.9	-13.84
918.2	-26.47
918.5	16.36
918.8	-24.13
919.1	-38.88
919.5	-6.58
919.8	-10.56
920.1	-1.43
920.4	-12.43
920.7	-31.62
921	7.93
921.3	-0.26
921.6	-6.58
921.9	-3.3
922.2	6.53
922.5	7.46
922.8	-1.9
923.1	17.53
923.4	-38.88
923.7	-21.09
924	1.61
924.3	-26.47
924.6	-20.15
924.9	4.42
925.2	-19.92
925.5	5.59
925.8	8.17
926.1	-10.32
926.4	6.06
926.7	-5.88
927	-10.09
927.3	15.66
927.6	-10.32
927.9	-20.62
928.2	-4.47
928.4	-38.88
928.7	-14.77
929	33.44
929.3	14.72
929.6	15.19
929.9	5.12
930.2	-16.41
930.5	-11.73
930.8	-21.56
931.1	-6.58
931.4	-38.18
931.7	-8.92
932	-24.84
932.3	3.02
932.6	-5.41
932.9	11.91
933.2	-19.92
933.5	-9.39
933.8	-0.03
934.1	-10.09
934.4	-8.22
934.7	-5.41
935	4.42
935.3	-22.26
935.6	-43.56
935.9	2.78
936.2	7
936.5	-24.6
936.8	-4.24
937.1	9.8
937.4	3.25
937.7	-7.05
938	-4.47
938.3	-5.18
938.6	-11.03
938.9	-26.94
939.2	18.93
939.5	-17.81
939.8	-1.66
940.1	-3.3
940.4	-31.86
940.7	-33.96
941	4.42
941.3	-2.37
941.6	-14.07
941.9	16.36
942.2	16.36
942.4	-10.56
942.7	-0.49
943	0.21
943.3	5.83
943.6	-4.47
943.9	-19.22
944.2	3.95
944.5	19.63
944.8	-13.37
945.1	-7.05
945.4	-11.49
945.7	-13.13
946	-12.66
946.3	0.68
946.6	4.42
946.9	-4.47
947.2	-6.11
947.5	-0.73
947.8	-13.6
948.1	-18.28
948.4	-4.71
948.7	-6.58
949	-13.6
949.2	-7.75
949.5	1.14
949.8	16.59
950.1	-12.43
950.4	-15.24
950.7	-32.56
951	12.85
951.3	1.38
951.6	-19.92
951.9	-24.37
952.2	10.97
952.5	-17.35
952.8	-22.03
953.1	7.23
953.4	1.38
953.7	13.55
954	-1.9
954.3	-42.16
954.6	-22.03
954.8	-12.2
955.1	3.95
955.4	-9.86
955.7	19.63
956	-22.26
956.3	-3.54
956.6	-11.73
956.9	18.93
957.2	-31.86
957.5	-4.47
957.8	-13.13
958.1	-15.71
958.4	1.38
958.7	-18.52
959	0.44
959.2	3.02
959.5	-10.56
959.8	-23.67
960.1	-0.26
960.4	-9.86
960.7	-0.26
961	-5.18
961.3	-19.92
961.6	7
961.9	-4
962.2	18
962.5	14.49
962.8	3.95
963.1	0.68
963.3	6.76
963.6	33.91
963.9	-10.56
964.2	-2.83
964.5	0.44
964.8	13.78
965.1	-2.83
965.4	-8.92
965.7	-2.6
966	2.78
966.3	15.19
966.6	5.12
966.9	3.95
967.1	-5.41
967.4	15.19
967.7	-0.03
968	9.1
968.3	7.7
968.6	-2.6
968.9	5.83
969.2	-30.45
969.5	10.04
969.8	8.87
970.1	-1.43
970.3	-20.62
970.6	2.55
970.9	13.55
971.2	-19.69
971.5	5.83
971.8	-15.47
972.1	-16.64
972.4	8.63
972.7	-10.09
973	-11.26
973.3	-18.75
973.5	6.53
973.8	9.57
974.1	16.59
974.4	-5.41
974.7	-11.73
975	-13.84
975.3	-2.6
975.6	-8.69
975.9	-3.07
976.2	2.31
976.4	11.44
976.7	14.49
977	0.21
977.3	-36.3
977.6	-29.98
977.9	-13.37
978.2	-8.45
978.5	-11.73
978.8	19.17
979	-7.52
979.3	6.76
979.6	9.1
979.9	19.87
980.2	-5.18
980.5	10.74
980.8	5.59
981.1	-21.09
981.4	16.12
981.6	-9.39
981.9	16.59
982.2	32.98
982.5	-22.03
982.8	-10.32
983.1	-9.62
983.4	-5.41
983.7	18.93
984	-1.9
984.2	-8.22
984.5	-6.81
984.8	3.02
985.1	4.19
985.4	-30.22
985.7	8.4
986	5.83
986.3	-0.96
986.5	-3.77
986.8	-19.22
987.1	-11.26
987.4	-8.69
987.7	-15.47
988	-55.96
988.3	-0.96
988.6	-7.28
988.8	-35.37
989.1	-15.47
989.4	18.23
989.7	23.85
990	7.46
990.3	25.02
990.6	20.1
990.9	-1.9
991.1	-9.86
991.4	-22.73
991.7	14.72
992	11.44
992.3	-7.05
992.6	-16.18
992.9	-4.94
993.1	7.23
993.4	-5.88
993.7	15.19
994	-33.73
994.3	-2.6
994.6	0.21
994.9	5.12
995.1	7.46
995.4	-20.39
995.7	21.04
996	-0.49
996.3	1.85
996.6	-28.81
996.9	-4.24
997.1	7.46
997.4	-5.18
997.7	-25.3
998	-21.32
998.3	-12.43
998.6	-11.03
998.9	14.25
999.1	-22.96
999.4	-11.03
999.7	2.31
1000	-1.66
1000.3	-4.24
1000.6	-16.88
1000.8	-24.84
1001.1	16.12
1001.4	17.76
1001.7	-13.13
1002	-15.01
1002.3	-9.15
1002.6	15.66
1002.8	-1.43
1003.1	-7.28
1003.4	-11.49
1003.7	-16.18
1004	1.85
1004.3	-11.03
1004.5	-12.2
1004.8	-17.58
1005.1	14.49
1005.4	-20.15
1005.7	-0.73
1006	-7.05
1006.2	-1.2
1006.5	0.21
1006.8	0.44
1007.1	-28.35
1007.4	12.38
1007.7	-7.75
1007.9	-36.07
1008.2	-11.73
1008.5	-11.26
1008.8	13.32
1009.1	-1.9
1009.4	-18.98
1009.6	3.95
1009.9	-28.58
1010.2	4.89
1010.5	-1.9
1010.8	-18.98
1011.1	14.25
1011.3	1.61
1011.6	-16.41
1011.9	-6.81
1012.2	22.91
1012.5	-10.09
1012.7	8.4
1013	-12.66
1013.3	1.38
1013.6	-13.13
1013.9	-18.05
1014.2	-20.86
1014.4	12.61
1014.7	-3.77
1015	-8.69
1015.3	-4.47
1015.6	-3.07
1015.8	2.08
1016.1	-4.94
1016.4	-1.66
1016.7	6.29
1017	17.76
1017.2	-18.52
1017.5	-11.26
1017.8	-22.96
1018.1	-19.92
1018.4	-21.09
1018.7	8.63
1018.9	-9.15
1019.2	-3.07
1019.5	-3.3
1019.8	10.97
1020.1	7.23
1020.3	-17.35
1020.6	-6.35
1020.9	-6.35
1021.2	-6.35
