340.19	-12.77
340.564	-12.77
340.939	-12.77
341.313	8.3
341.687	-0.13
342.061	12.98
342.436	23.51
342.81	-4.81
343.184	1.04
343.558	-13.47
343.932	6.89
344.306	25.15
344.68	-18.85
345.054	3.15
345.428	-0.36
345.802	-9.96
346.176	7.36
346.55	-2.47
346.924	-5.75
347.298	-1.3
347.672	-0.13
348.046	11.57
348.419	11.57
348.793	30.53
349.167	-5.98
349.54	-8.32
349.914	-16.28
350.288	-12.3
350.661	4.55
351.035	-0.6
351.408	-9.02
351.782	2.68
352.155	-5.98
352.528	7.36
352.902	-32.43
353.275	7.83
353.648	-34.07
354.022	14.38
354.395	-3.17
354.768	-6.22
355.141	1.74
355.515	3.15
355.888	-48.35
356.261	-2.7
356.634	-7.62
357.007	-11.13
357.38	-24.24
357.753	13.45
358.126	-4.34
358.499	-1.07
358.872	-1.77
359.245	-3.64
359.617	-9.02
359.99	5.96
360.363	-10.19
360.736	-1.77
361.108	-9.26
361.481	9
361.854	28.19
362.226	25.85
362.599	-26.34
362.971	11.81
363.344	8.76
363.716	9.93
364.089	-1.07
364.461	-14.64
364.834	9.47
365.206	-4.11
365.578	-14.41
365.951	-9.73
366.323	3.85
366.695	-6.68
367.067	23.74
367.439	20.23
367.812	-18.39
368.184	-4.81
368.556	0.1
368.928	14.85
369.3	12.27
369.672	-14.41
370.044	-14.88
370.416	-14.88
370.788	9.7
371.159	1.51
371.531	-13.24
371.903	8.06
372.275	9.23
372.646	3.61
373.018	2.68
373.39	-0.36
373.761	-9.02
374.133	27.72
374.505	2.44
374.876	-5.75
375.248	0.1
375.619	27.72
375.991	12.98
376.362	-4.81
376.733	47.15
377.105	36.85
377.476	68.92
377.847	65.87
378.219	92.79
378.59	58.15
378.961	96.3
379.332	94.19
379.703	127.9
380.074	130.24
380.445	171.67
380.816	162.3
381.187	219.41
381.558	225.03
381.929	275.82
382.3	309.05
382.671	326.61
383.042	364.06
383.413	425.15
383.784	448.55
384.154	515.72
384.525	540.07
384.896	595.77
385.266	642.35
385.637	663.41
386.008	676.75
386.378	700.86
386.749	718.88
387.119	762.88
387.49	784.42
387.86	778.57
388.23	805.95
388.601	746.27
388.971	786.52
389.341	771.54
389.712	728.24
390.082	689.63
390.452	696.18
390.822	681.9
391.192	652.88
391.562	638.84
391.933	607
392.303	578.45
392.673	593.2
393.043	529.53
393.412	510.34
393.782	486.47
394.152	485.53
394.522	471.96
394.892	414.61
395.262	423.74
395.631	389.34
396.001	370.61
396.371	362.18
396.74	340.89
397.11	340.65
397.48	325.67
397.849	290.33
398.219	257.8
398.588	299.46
398.958	250.54
399.327	229.48
399.696	221.99
400.066	210.75
400.435	207.24
400.804	197.65
401.174	185.24
401.543	192.03
401.912	150.6
402.281	108.47
402.65	113.39
403.019	130
403.389	110.34
403.758	110.58
404.127	113.15
404.496	95.13
404.864	98.64
405.233	120.17
405.602	64.94
405.971	99.58
406.34	77.34
406.709	77.11
407.077	55.34
407.446	86.47
407.815	57.21
408.183	73.83
408.552	70.79
408.92	33.34
409.289	59.79
409.657	33.11
410.026	49.49
410.394	56.28
410.763	41.53
411.131	29.83
411.499	13.21
411.868	21.4
412.236	17.89
412.604	26.55
412.972	34.51
413.341	12.04
413.709	5.02
414.077	23.74
414.445	-14.64
414.813	20.93
415.181	42.23
415.549	46.68
415.917	24.21
416.285	46.45
416.653	18.83
417.02	16.96
417.388	1.98
417.756	13.68
418.124	-24.47
418.491	9.47
418.859	47.85
419.227	-2
419.594	-8.56
419.962	12.04
420.329	17.89
420.697	12.27
421.064	-26.81
421.432	9.23
421.799	7.59
422.167	33.34
422.534	-17.22
422.901	7.83
423.269	-12.77
423.636	-12.53
424.003	-121.37
424.37	-67.07
424.737	-1.53
425.104	-10.9
425.471	23.28
425.838	2.91
426.205	-28.68
426.572	-11.13
426.939	22.57
427.306	27.25
427.673	-2.7
428.04	8.76
428.407	3.38
428.773	13.91
429.14	-2.94
429.507	8.53
429.874	-0.83
430.24	18.13
430.607	0.57
430.973	-11.13
431.34	16.96
431.706	-13.94
432.073	4.08
432.439	21.4
432.806	13.68
433.172	-11.13
433.538	2.44
433.904	20.23
434.271	-5.28
434.637	2.44
435.003	0.34
435.369	18.13
435.735	-30.32
436.101	9.23
436.467	-21.9
436.834	-8.09
437.199	-10.9
437.565	-12.53
437.931	-12.07
438.297	-20.73
438.663	-8.09
439.029	0.57
439.395	-23.3
439.76	-16.98
440.126	-8.32
440.492	-6.45
440.857	-3.17
441.223	-2
441.588	0.57
441.954	1.74
442.32	-7.62
442.685	27.02
443.05	-13.47
443.416	21.4
443.781	-2.24
444.146	6.42
444.512	-7.62
444.877	-21.19
445.242	16.25
445.607	-2
445.973	-17.22
446.338	-2.94
446.703	12.74
447.068	-4.81
447.433	-6.68
447.798	16.49
448.163	-3.87
448.528	4.55
448.892	-9.73
449.257	-6.68
449.622	11.1
449.987	-10.9
450.352	-10.66
450.716	15.79
451.081	1.51
451.446	12.98
451.81	4.55
452.175	38.72
452.539	15.08
452.904	-11.6
453.268	-5.75
453.633	5.02
453.997	12.98
454.361	20.93
454.726	0.57
455.09	5.72
455.454	13.68
455.818	9.47
456.183	-9.26
456.547	-12.77
456.911	-20.73
457.275	1.74
457.639	12.04
458.003	-14.88
458.367	-1.77
458.731	-31.03
459.095	16.25
459.459	8.06
459.822	-20.02
460.186	-5.51
460.55	-14.17
460.914	-15.81
461.277	19.53
461.641	-6.22
462.005	-8.79
462.368	-9.73
462.732	-4.81
463.095	5.72
463.459	-0.36
463.822	-10.9
464.185	-1.77
464.549	-12.53
464.912	11.57
465.275	-8.56
465.639	18.83
466.002	4.32
466.365	9.47
466.728	17.19
467.091	-22.13
467.454	-21.9
467.818	0.1
468.181	-9.73
468.543	4.32
468.906	11.34
469.269	7.59
469.632	-22.13
469.995	-9.26
470.358	4.08
470.721	16.49
471.083	8.76
471.446	13.45
471.809	10.17
472.171	1.98
472.534	-59.11
472.896	2.68
473.259	32.64
473.621	-32.2
473.984	-15.58
474.346	1.74
474.709	27.49
475.071	-4.81
475.433	2.21
475.795	-6.68
476.158	-2.94
476.52	3.61
476.882	-1.3
477.244	-34.77
477.606	1.74
477.968	-10.43
478.33	-19.32
478.692	-8.32
479.054	-24.24
479.416	10.4
479.778	0.81
480.14	7.59
480.502	9.47
480.863	12.27
481.225	3.15
481.587	-5.28
481.948	20.7
482.31	23.28
482.671	12.98
483.033	2.44
483.395	15.32
483.756	24.21
484.117	9.23
484.479	-3.17
484.84	8.53
485.201	5.72
485.563	31.47
485.924	2.21
486.285	18.13
486.646	0.34
487.008	-13.71
487.369	-12.77
487.73	-4.34
488.091	-17.92
488.452	6.66
488.813	-26.34
489.174	-5.28
489.534	7.59
489.895	11.81
490.256	-1.77
490.617	-2.24
490.978	-2.7
491.338	-28.68
491.699	21.4
492.06	3.85
492.42	3.85
492.781	-16.98
493.141	7.36
493.502	-31.49
493.862	-31.49
494.223	3.85
494.583	-3.17
494.943	14.38
495.304	2.68
495.664	-25.88
496.024	1.27
496.384	-5.28
496.744	-5.75
497.105	-10.9
497.465	15.79
497.825	-16.51
498.185	3.38
498.545	5.72
498.905	-31.96
499.264	8.06
499.624	-26.34
499.984	-9.26
500.344	9.47
500.704	-12.3
501.063	-2.94
501.423	3.38
501.783	8.53
502.142	34.28
502.502	5.25
502.861	19.53
503.221	-17.68
503.58	1.27
503.94	-3.17
504.299	-35.71
504.658	-23.07
505.018	23.04
505.377	-15.81
505.736	-8.79
506.095	15.55
506.455	-6.68
506.814	0.57
507.173	-9.73
507.532	-13.94
507.891	-8.09
508.25	-3.41
508.609	-13.24
508.968	2.21
509.326	-3.41
509.685	-10.43
510.044	-6.68
510.403	11.1
510.761	-11.13
511.12	-9.26
511.479	-18.15
511.837	1.74
512.196	-15.34
512.554	-5.75
512.913	-7.62
513.271	-16.51
513.63	4.79
513.988	13.45
514.346	-26.11
514.705	-11.83
515.063	-38.05
515.421	-2
515.779	5.49
516.138	1.98
516.496	-26.34
516.854	5.25
517.212	27.96
517.57	-15.34
517.928	4.55
518.286	2.68
518.643	11.1
519.001	5.72
519.359	-1.77
519.717	-4.11
520.075	37.32
520.432	2.68
520.79	20.93
521.148	-19.09
521.505	32.64
521.863	-8.32
522.22	11.57
522.578	-4.58
522.935	16.02
523.292	-17.22
523.65	-5.51
524.007	10.64
524.364	4.08
524.722	-15.11
525.079	-2.94
525.436	11.34
525.793	-10.19
526.15	5.02
526.507	15.55
526.864	-0.13
527.221	-14.17
527.578	1.04
527.935	-8.56
528.292	-12.07
528.649	2.44
529.005	3.15
529.362	12.04
529.719	-18.85
530.076	16.49
530.432	-7.62
530.789	1.74
531.145	-3.87
531.502	7.83
531.858	-2.24
532.215	2.91
532.571	-9.49
532.928	20.23
533.284	19.3
533.64	-24.24
533.996	-16.98
534.353	0.57
534.709	-2.24
535.065	27.02
535.421	-33.37
535.777	2.44
536.133	-36.17
536.489	-22.13
536.845	-21.9
537.201	-35.47
537.557	19.76
537.912	34.51
538.268	-14.88
538.624	-1.77
538.98	-31.49
539.335	5.72
539.691	26.08
540.047	24.91
540.402	-3.41
540.758	9.93
541.113	-27.05
541.469	-16.98
541.824	-4.81
542.179	-19.56
542.535	-11.6
542.89	-4.34
543.245	5.49
543.6	25.85
543.955	-0.83
544.311	-23.54
544.666	-5.51
545.021	5.96
545.376	10.4
545.731	2.44
546.086	-29.62
546.44	6.42
546.795	16.72
547.15	24.68
547.505	1.74
547.86	-10.66
548.214	0.1
548.569	13.21
548.924	-16.75
549.278	-10.66
549.633	-20.73
549.987	-12.07
550.342	9.93
550.696	11.34
551.05	-4.58
551.405	-0.83
551.759	15.08
552.113	10.64
552.468	-0.36
552.822	-5.75
553.176	25.85
553.53	20.23
553.884	-16.75
554.238	-3.64
554.592	9.47
554.946	12.04
555.3	-19.32
555.654	-18.85
556.008	-14.17
556.361	-19.32
556.715	-4.81
557.069	-3.17
557.423	-27.75
557.776	-33.13
558.13	2.44
558.483	0.34
558.837	15.79
559.19	7.36
559.544	-4.11
559.897	-2
560.251	28.42
560.604	-18.85
560.957	-13.47
561.31	-24.71
561.664	16.25
562.017	-5.98
562.37	8.76
562.723	12.51
563.076	1.98
563.429	15.08
563.782	-13.71
564.135	-20.26
564.488	-12.3
564.841	-3.17
565.193	-33.13
565.546	-0.13
565.899	-15.58
566.252	-6.68
566.604	-17.68
566.957	-6.92
567.309	1.74
567.662	18.13
568.014	7.13
568.367	-19.09
568.719	-7.15
569.072	-13
569.424	12.27
569.776	-5.98
570.129	-3.17
570.481	2.91
570.833	11.81
571.185	-10.66
571.537	-10.43
571.889	22.11
572.241	-13.71
572.593	14.85
572.945	3.61
573.297	8.3
573.649	6.66
574.001	12.98
574.352	25.62
574.704	11.57
575.056	-10.9
575.407	-4.34
575.759	5.02
576.111	13.21
576.462	-11.83
576.814	20.93
577.165	-3.64
577.516	33.57
577.868	16.96
578.219	-0.13
578.57	-18.85
578.922	18.13
579.273	2.91
579.624	28.89
579.975	-3.17
580.326	-5.51
580.677	-29.62
581.028	-7.39
581.379	14.15
581.73	4.08
582.081	-13.24
582.432	20.47
582.783	-0.83
583.133	-37.34
583.484	-30.56
583.835	12.74
584.185	-1.77
584.536	18.13
584.886	11.1
585.237	-13.94
585.587	2.68
585.938	23.51
586.288	5.72
586.639	-7.39
586.989	-4.11
587.339	8.3
587.689	10.17
588.04	9.23
588.39	17.19
588.74	-7.85
589.09	-1.53
589.44	13.21
589.79	-26.34
590.14	-1.07
590.49	1.04
590.84	21.4
591.189	27.25
591.539	23.51
591.889	20.93
592.239	1.51
592.588	3.38
592.938	17.66
593.287	-6.92
593.637	7.83
593.987	16.72
594.336	-19.56
594.685	-4.34
595.035	-20.26
595.384	6.42
595.733	-6.68
596.083	-12.77
596.432	-47.17
596.781	-17.22
597.13	11.34
597.479	23.51
597.828	10.87
598.177	9.23
598.526	-9.02
598.875	-0.6
599.224	12.51
599.573	24.45
599.922	20
600.27	42.47
600.619	-2.7
600.968	-13.71
601.316	-21.66
601.665	-23.07
602.013	10.87
602.362	-2.47
602.71	9.93
603.059	5.49
603.407	-22.6
603.756	7.13
604.104	-21.66
604.452	-6.22
604.8	4.79
605.148	16.72
605.497	11.57
605.845	21.4
606.193	-2.94
606.541	18.59
606.889	5.02
607.237	31
607.584	-16.98
607.932	13.21
608.28	-28.22
608.628	0.57
608.976	-0.13
609.323	3.85
609.671	5.96
610.018	-37.81
610.366	-18.15
610.713	-9.49
611.061	2.44
611.408	-0.6
611.756	-29.15
612.103	25.62
612.45	-2.47
612.798	24.91
613.145	-16.05
613.492	-13.24
613.839	-23.3
614.186	-2.47
614.533	7.59
614.88	-2
615.227	-6.22
615.574	-14.64
615.921	6.66
616.268	1.74
616.615	-9.96
616.961	2.21
617.308	2.44
617.655	25.38
618.001	-4.81
618.348	-16.51
618.695	3.38
619.041	-14.17
619.387	-6.45
619.734	-13
620.08	20.23
620.427	7.13
620.773	-2.7
621.119	12.51
621.465	-15.34
621.811	-13.71
622.158	9.93
622.504	-6.68
622.85	18.13
623.196	-20.96
623.542	0.81
623.888	-18.62
624.233	-8.09
624.579	-7.62
624.925	27.72
625.271	-7.39
625.616	-3.41
625.962	16.49
626.308	-13.94
626.653	0.34
626.999	-8.32
627.344	9.47
627.69	27.49
628.035	7.36
628.38	6.66
628.726	-3.17
629.071	-5.98
629.416	1.51
629.761	8.06
630.107	-14.17
630.452	-8.79
630.797	-6.92
631.142	-31.96
631.487	-9.26
631.832	11.81
632.176	2.44
632.521	6.19
632.866	3.85
633.211	8.3
633.556	2.68
633.9	20.7
634.245	6.42
634.589	-1.53
634.934	12.98
635.278	13.45
635.623	-10.9
635.967	12.27
636.312	12.51
636.656	-11.13
637	1.27
637.345	-5.75
637.689	-5.75
638.033	14.85
638.377	-17.68
638.721	-4.58
639.065	-2.7
639.409	12.74
639.753	0.81
640.097	1.27
640.441	11.81
640.785	4.08
641.128	18.59
641.472	-24.47
641.816	7.13
642.159	-11.36
642.503	-8.32
642.847	1.74
643.19	0.57
643.534	12.04
643.877	17.42
644.22	5.02
644.564	-2.94
644.907	-1.07
645.25	15.55
645.593	-3.64
645.937	0.81
646.28	-46.24
646.623	-9.02
646.966	9.23
647.309	0.57
647.652	-8.32
647.995	6.42
648.337	2.91
648.68	1.98
649.023	-25.41
649.366	-3.17
649.708	-6.68
650.051	23.51
650.394	-9.96
650.736	-7.85
651.079	-9.96
651.421	-14.17
651.764	-19.09
652.106	5.02
652.448	12.51
652.791	10.64
653.133	11.34
653.475	3.15
653.817	4.79
654.159	-14.17
654.501	3.15
654.843	0.57
655.185	1.74
655.527	-11.83
655.869	-20.49
656.211	0.81
656.553	41.53
656.895	-14.41
657.236	6.66
657.578	14.38
657.92	-5.28
658.261	-4.58
658.603	12.04
658.944	-5.98
659.286	-13.94
659.627	27.02
659.969	33.11
660.31	-2
660.651	2.21
660.993	19.06
661.334	-7.15
661.675	-12.53
662.016	-17.68
662.357	-18.39
662.698	1.98
663.039	-5.98
663.38	14.62
663.721	29.36
664.062	12.98
664.402	16.25
664.743	32.17
665.084	-14.64
665.425	-20.02
665.765	7.83
666.106	19.53
666.446	9.47
666.787	8.06
667.127	-1.77
667.468	-7.39
667.808	4.55
668.148	3.85
668.489	-1.77
668.829	2.68
669.169	27.25
669.509	-10.66
669.849	-27.05
670.189	24.91
670.529	-15.11
670.869	-3.64
671.209	-26.34
671.549	2.44
671.889	-20.26
672.229	-7.39
672.568	19.06
672.908	-5.51
673.248	-14.17
673.587	13.68
673.927	3.15
674.266	5.72
674.606	0.34
674.945	3.15
675.285	14.38
675.624	-20.26
675.963	-26.11
676.302	7.13
676.642	9
676.981	0.57
677.32	-13.94
677.659	-30.32
677.998	14.15
678.337	1.98
678.676	23.74
679.015	5.72
679.354	-16.28
679.692	16.72
680.031	-7.15
680.37	1.27
680.708	0.81
681.047	-11.83
681.386	-3.41
681.724	-14.17
682.063	12.98
682.401	9
682.739	1.51
683.078	2.21
683.416	-16.05
683.754	20.23
684.093	3.61
684.431	-17.92
684.769	-6.22
685.107	5.25
685.445	17.19
685.783	0.1
686.121	-34.77
686.459	-28.22
686.797	-3.64
687.134	-6.45
687.472	-12.77
687.81	-15.11
688.148	-34.54
688.485	-5.75
688.823	0.57
689.16	-2
689.498	27.49
689.835	-5.51
690.173	3.38
690.51	8.53
690.847	17.89
691.185	-12.77
691.522	4.08
691.859	33.34
692.196	-40.39
692.533	16.49
692.87	20.47
693.207	28.66
693.544	10.87
693.881	-14.88
694.218	14.62
694.555	-14.64
694.891	-2.94
695.228	3.15
695.565	9
695.901	-26.11
696.238	-3.41
696.574	1.04
696.911	18.59
697.247	4.79
697.584	-2.94
697.92	-5.05
698.256	17.89
698.593	-6.92
698.929	-27.51
699.265	-9.02
699.601	-13.47
699.937	3.38
700.273	-8.09
700.609	16.96
700.945	-9.49
701.281	-0.36
701.617	-10.19
701.953	18.13
702.288	-32.9
702.624	-3.41
702.96	-0.6
703.295	-8.56
703.631	9.93
703.966	-8.79
704.302	-1.53
704.637	-7.85
704.973	1.51
705.308	3.61
705.643	-14.41
705.979	-2.7
706.314	-2
706.649	32.4
706.984	15.55
707.319	-14.17
707.654	30.3
707.989	9.7
708.324	-4.11
708.659	-2.7
708.994	-17.92
709.329	-15.58
709.663	20.47
709.998	1.04
710.333	-10.9
710.667	-18.39
711.002	-1.3
711.336	-20.26
711.671	-36.41
712.005	5.96
712.34	2.44
712.674	8.53
713.008	-8.09
713.342	-0.83
713.677	6.89
714.011	-2.7
714.345	-5.51
714.679	-1.3
715.013	27.25
715.347	-2.7
715.681	-15.34
716.014	-24.71
716.348	-20.02
716.682	-18.85
717.016	-15.81
717.349	6.19
717.683	3.85
718.017	-2.7
718.35	13.45
718.684	-32.43
719.017	-11.6
719.35	-1.53
719.684	-5.28
720.017	-3.64
720.35	22.34
720.684	-3.41
721.017	-15.81
721.35	5.72
721.683	-16.28
722.016	0.81
722.349	-3.17
722.682	19.76
723.015	-0.6
723.347	-16.75
723.68	-5.05
724.013	-22.37
724.346	-21.9
724.678	-10.43
725.011	10.4
725.343	-5.75
725.676	-20.02
726.008	-19.56
726.341	-23.07
726.673	5.02
727.005	-4.58
727.338	39.66
727.67	0.1
728.002	14.85
728.334	-10.19
728.666	-13.71
728.998	11.81
729.33	-0.13
729.662	-9.02
729.994	12.51
730.326	44.11
730.658	15.08
730.989	0.1
731.321	9.23
731.653	-5.51
731.984	-4.11
732.316	3.61
732.647	-2.94
732.979	7.83
733.31	-14.64
733.642	11.81
733.973	-13.94
734.304	7.59
734.636	1.98
734.967	-33.83
735.298	-0.13
735.629	-5.98
735.96	-6.22
736.291	-14.64
736.622	3.38
736.953	1.27
737.284	-3.17
737.614	16.49
737.945	-14.88
738.276	-15.58
738.606	-12.53
738.937	-2.24
739.268	9
739.598	18.59
739.929	1.74
740.259	4.32
740.589	5.25
740.92	26.55
741.25	-0.6
741.58	0.81
741.91	13.21
742.24	-7.15
742.571	-40.39
742.901	10.4
743.231	29.36
743.561	22.34
743.89	31
744.22	19.76
744.55	23.74
744.88	1.04
745.209	6.89
745.539	-9.49
745.869	11.1
746.198	-22.37
746.528	4.79
746.857	-1.77
747.187	-4.11
747.516	17.19
747.845	2.44
748.175	1.27
748.504	-10.19
748.833	36.85
749.162	4.32
749.491	-2.24
749.82	8.3
750.149	-4.11
750.478	-22.37
750.807	-8.32
751.136	-34.3
751.465	-3.41
751.793	38.72
752.122	-25.88
752.451	-23.77
752.779	5.72
753.108	0.57
753.436	-8.09
753.765	14.38
754.093	1.04
754.421	-3.64
754.75	29.59
755.078	9.7
755.406	-18.62
755.734	-7.62
756.062	0.1
756.391	-3.64
756.719	-15.34
757.046	-6.45
757.374	21.87
757.702	-9.49
758.03	7.36
758.358	-11.36
758.686	-12.3
759.013	-30.09
759.341	-2.7
759.668	-0.83
759.996	-22.6
760.323	-13.47
760.651	3.38
760.978	-11.83
761.306	-9.49
761.633	3.38
761.96	17.42
762.287	0.1
762.614	-18.62
762.941	-16.75
763.268	-22.6
763.595	23.74
763.922	-5.75
764.249	8.3
764.576	-8.09
764.903	-26.11
765.23	3.85
765.556	-2.7
765.883	-3.64
766.21	9.23
766.536	20
766.863	-2
767.189	6.19
767.516	-24.24
767.842	-6.45
768.168	4.79
768.494	3.38
768.821	-6.92
769.147	8.06
769.473	1.74
769.799	-7.39
770.125	2.91
770.451	-1.3
770.777	-8.56
771.103	-15.34
771.429	-1.77
771.754	6.42
772.08	-13
772.406	-20.73
772.731	-3.41
773.057	10.17
773.382	4.08
773.708	-13
774.033	-4.58
774.359	23.74
774.684	-13.24
775.009	-7.39
775.334	-8.79
775.66	10.17
775.985	13.91
776.31	-20.26
776.635	-3.87
776.96	10.87
777.285	-9.49
777.61	24.68
777.934	-9.02
778.259	13.91
778.584	-2.24
778.909	15.79
779.233	5.02
779.558	18.83
779.882	-4.58
780.207	-8.79
780.531	-15.34
780.856	-3.41
781.18	8.3
781.504	-6.68
781.828	-11.13
782.153	10.64
782.477	-14.41
782.801	-12.77
783.125	-15.58
783.449	10.87
783.773	19.06
784.097	-20.02
784.42	-13.24
784.744	-2.47
785.068	-17.92
785.392	-25.41
785.715	-0.6
786.039	-14.64
786.362	22.11
786.686	-2.24
787.009	-6.92
787.333	-8.56
787.656	-13
787.979	-22.6
788.303	31.23
788.626	15.08
788.949	31.23
789.272	-15.11
789.595	-14.64
789.918	-19.56
790.241	21.4
790.564	5.49
790.887	17.42
791.209	-20.96
791.532	-14.64
791.855	0.1
792.178	24.91
792.5	13.45
792.823	-0.36
793.145	-17.92
793.468	-5.98
793.79	8.06
794.112	-20.02
794.435	14.85
794.757	-19.09
795.079	-11.36
795.401	-33.37
795.723	9.7
796.045	12.27
796.367	-1.3
796.689	-14.64
797.011	5.25
797.333	12.04
797.655	-15.34
797.976	-5.28
798.298	-18.15
798.62	8.06
798.941	3.38
799.263	-8.09
799.584	22.81
799.906	6.89
800.227	8.06
800.548	39.89
800.87	-9.02
801.191	5.96
801.512	-26.11
801.833	-6.45
802.154	8.06
802.475	8.3
802.796	-2
803.117	4.79
803.438	-7.15
803.759	10.4
804.08	-5.98
804.4	7.13
804.721	14.85
805.042	-16.98
805.362	-8.79
805.683	-14.17
806.003	-14.88
806.323	4.55
806.644	-13
806.964	42.47
807.284	-5.75
807.605	-2
807.925	14.85
808.245	-15.11
808.565	18.59
808.885	-16.05
809.205	12.04
809.525	13.91
809.845	4.55
810.164	-31.49
810.484	-3.41
810.804	-24
811.124	2.68
811.443	-20.02
811.763	0.57
812.082	-28.22
812.402	-5.51
812.721	-22.37
813.04	18.36
813.36	-22.37
813.679	17.89
813.998	-6.22
814.317	1.04
814.636	-36.41
814.955	5.25
815.274	9.93
815.593	8.76
815.912	-17.92
816.231	3.38
816.55	-13
816.868	-1.3
817.187	-10.19
817.506	-14.17
817.824	-18.15
818.143	10.87
818.461	-14.64
818.78	19.06
819.098	-12.77
819.416	2.68
819.735	-6.45
820.053	-12.07
820.371	-0.36
820.689	1.74
821.007	27.25
821.325	-7.85
821.643	-10.66
821.961	16.72
822.279	-5.75
822.597	-31.49
822.914	-10.9
823.232	10.64
823.55	1.04
823.867	11.34
824.185	-11.13
824.502	-18.62
824.82	-4.11
825.137	-29.39
825.454	21.64
825.772	-25.41
826.089	-12.07
826.406	-28.45
826.723	-0.6
827.04	-16.28
827.357	8.3
827.674	-18.85
827.991	-0.6
828.308	-5.75
828.625	12.74
828.942	-2.7
829.258	-23.77
829.575	21.17
829.892	-1.77
830.208	-0.13
830.525	-18.85
830.841	9
831.158	5.25
831.474	-15.11
831.79	3.38
832.106	7.13
832.423	11.1
832.739	-0.83
833.055	7.59
833.371	16.25
833.687	-30.32
834.003	-2.24
834.319	-10.9
834.635	12.04
834.95	-10.19
835.266	-19.79
835.582	9.93
835.897	1.74
836.213	15.79
836.528	0.81
836.844	34.98
837.159	21.17
837.475	-0.6
837.79	7.36
838.105	-16.05
838.42	15.32
838.735	18.83
839.051	13.45
839.366	-17.45
839.681	-4.58
839.996	-13.24
840.31	6.42
840.625	-199.54
840.94	-24.47
841.255	-1.07
841.569	7.36
841.884	25.38
842.199	-4.34
842.513	-19.56
842.828	-16.75
843.142	-4.58
843.456	10.64
843.771	-3.41
844.085	-0.6
844.399	22.34
844.713	28.19
845.027	-4.34
845.341	14.62
845.655	-2.94
845.969	-0.83
846.283	-13.71
846.597	-19.56
846.911	8.3
847.224	1.51
847.538	22.81
847.852	16.96
848.165	-10.9
848.479	6.42
848.792	4.79
849.106	-4.34
849.419	2.68
849.732	5.72
850.046	1.27
850.359	2.91
850.672	-4.34
850.985	-5.28
851.298	22.57
851.611	17.42
851.924	7.59
852.237	16.49
852.55	-0.13
852.862	5.96
853.175	39.43
853.488	14.38
853.8	19.06
854.113	-48.11
854.425	21.87
854.738	-24.94
855.05	1.04
855.363	-11.83
855.675	9.47
855.987	-6.22
856.299	-9.73
856.612	-12.77
856.924	12.74
857.236	-24.71
857.548	1.51
857.859	-6.22
858.171	-25.88
858.483	16.49
858.795	-24.24
859.107	-15.81
859.418	-12.53
859.73	-1.53
860.041	43.64
860.353	2.44
860.664	17.66
860.976	10.17
861.287	0.81
861.598	6.42
861.91	10.87
862.221	-2.94
862.532	-27.98
862.843	22.11
863.154	34.74
863.465	-12.77
863.776	5.72
864.087	-0.36
864.397	4.32
864.708	4.32
865.019	-11.83
865.329	-32.2
865.64	-10.9
865.951	9.7
866.261	-7.15
866.571	1.74
866.882	-15.34
867.192	-7.39
867.502	-5.75
867.813	12.04
868.123	12.51
868.433	-14.41
868.743	27.96
869.053	1.74
869.363	13.68
869.673	31.23
869.982	-10.9
870.292	7.13
870.602	-1.77
870.912	26.55
871.221	-19.32
871.531	6.66
871.84	26.79
872.15	-6.45
872.459	-34.07
872.768	-28.92
873.078	-3.41
873.387	-1.53
873.696	12.51
874.005	-7.39
874.314	-2.94
874.623	19.3
874.932	-6.92
875.241	-18.62
875.55	-10.43
875.859	24.45
876.168	20.23
876.476	2.21
876.785	17.89
877.093	5.49
877.402	4.55
877.71	-7.15
878.019	-9.96
878.327	19.06
878.636	42.47
878.944	-5.51
879.252	-5.51
879.56	5.96
879.868	-36.88
880.176	-8.56
880.484	-5.51
880.792	33.34
881.1	-12.77
881.408	-38.75
881.716	-4.81
882.023	0.81
882.331	6.89
882.639	31.94
882.946	25.38
883.254	-9.96
883.561	-13.94
883.868	1.27
884.176	-22.6
884.483	-18.15
884.79	-2.7
885.097	-28.68
885.404	-14.64
885.712	-3.87
886.019	-21.9
886.325	8.06
886.632	-18.85
886.939	-13.71
887.246	-14.88
887.553	-24.94
887.859	0.57
888.166	-35.47
888.472	-29.15
888.779	41.77
889.085	18.83
889.392	28.19
889.698	-0.6
890.004	-13.71
890.311	4.32
890.617	-1.53
890.923	-1.53
891.229	-28.68
891.535	1.98
891.841	-3.64
892.147	-18.39
892.453	-9.73
892.759	-6.68
893.064	15.55
893.37	-10.9
893.676	-2
893.981	-42.26
894.287	-4.11
894.592	0.81
894.897	17.42
895.203	12.74
895.508	7.83
895.813	-1.77
896.119	-0.13
896.424	-20.96
896.729	-5.05
897.034	23.51
897.339	1.04
897.644	1.51
897.948	1.04
898.253	9.7
898.558	34.51
898.863	0.34
899.167	-5.05
899.472	11.1
899.776	-8.79
900.081	0.57
900.385	11.1
900.69	-12.07
900.994	-3.41
901.298	3.38
901.602	8.53
901.906	-5.05
902.21	4.79
902.514	-10.19
902.818	29.59
903.122	24.91
903.426	22.11
903.73	2.91
904.034	-6.45
904.337	11.81
904.641	14.15
904.945	25.62
905.248	-2
905.552	-23.3
905.855	21.4
906.158	19.06
906.462	11.57
906.765	19.76
907.068	14.62
907.371	-18.85
907.674	-2.24
907.977	0.34
908.28	-13
908.583	12.51
908.886	1.04
909.189	-6.45
909.491	3.85
909.794	-6.45
910.097	9.93
910.399	19.53
910.702	10.64
911.004	0.34
911.307	-18.62
911.609	-5.75
911.911	-13
912.213	6.89
912.516	20.93
912.818	-1.53
913.12	25.38
913.422	3.38
913.724	-14.64
914.026	-32.9
914.327	3.15
914.629	-9.02
914.931	0.34
915.233	6.66
915.534	16.49
915.836	-2.24
916.137	-14.17
916.439	-3.17
916.74	7.36
917.041	-12.77
917.343	5.49
917.644	2.68
917.945	16.02
918.246	-20.96
918.547	9.23
918.848	5.72
919.149	-18.62
919.45	10.4
919.751	3.85
920.052	-29.85
920.352	-5.05
920.653	9
920.954	-18.85
921.254	-4.58
921.555	-0.13
921.855	-8.79
922.155	-3.17
922.456	17.66
922.756	11.34
923.056	-2.94
923.356	-4.58
923.656	10.4
923.956	2.44
924.256	-38.51
924.556	2.91
924.856	-13
925.156	-1.77
925.456	-32.9
925.755	2.68
926.055	-20.73
926.355	1.04
926.654	5.02
926.953	3.15
927.253	21.64
927.552	13.68
927.852	23.04
928.151	-5.28
928.45	21.17
928.749	-1.77
929.048	-12.77
929.347	6.42
929.646	15.55
929.945	1.74
930.244	-24.71
930.543	-23.07
930.841	-9.02
931.14	19.53
931.439	14.85
931.737	-3.64
932.036	-32.66
932.334	16.49
932.632	10.64
932.931	0.1
933.229	-4.58
933.527	8.53
933.825	21.64
934.123	-9.02
934.421	-3.41
934.719	2.68
935.017	11.81
935.315	-31.03
935.613	16.25
935.911	24.91
936.208	-12.77
936.506	13.45
936.804	-29.15
937.101	-0.36
937.399	13.45
937.696	7.13
937.993	-24.24
938.291	1.51
938.588	-2.94
938.885	-26.58
939.182	-17.92
939.479	-14.88
939.776	9.23
940.073	-1.3
940.37	-7.39
940.667	5.49
940.964	-8.79
941.26	-2.7
941.557	19.06
941.854	-9.73
942.15	6.19
942.447	7.13
942.743	-5.28
943.039	11.1
943.336	-18.15
943.632	-22.13
943.928	20
944.224	12.27
944.52	-0.36
944.816	-14.88
945.112	27.02
945.408	2.68
945.704	-11.6
946	-14.17
946.295	-14.88
946.591	24.21
946.887	-16.28
947.182	1.74
947.478	9
947.773	-15.11
948.069	-12.07
948.364	17.42
948.659	-5.75
948.954	4.79
949.25	5.96
949.545	-11.13
949.84	11.57
950.135	-9.49
950.43	4.79
950.724	-25.64
951.019	6.89
951.314	1.74
951.609	-21.66
951.903	5.96
952.198	8.06
952.492	-0.13
952.787	8.3
953.081	5.02
953.376	0.57
953.67	-9.26
953.964	0.81
954.258	24.91
954.552	-4.58
954.846	-1.3
955.14	-27.05
955.434	3.15
955.728	-1.07
956.022	-11.83
956.316	-0.36
956.609	-8.32
956.903	16.02
957.197	5.02
957.49	9
957.784	-17.45
958.077	-7.15
958.37	-10.66
958.664	-1.53
958.957	4.79
959.25	-12.53
959.543	-1.77
959.836	-5.51
960.129	-3.87
960.422	12.74
960.715	4.08
961.008	-8.79
961.3	24.45
961.593	5.49
961.886	-8.32
962.178	21.17
962.471	1.98
962.763	-9.02
963.056	-2.94
963.348	-35.94
963.64	0.81
963.933	-7.62
964.225	23.28
964.517	1.04
964.809	157.86
965.101	2.68
965.393	8.3
965.685	-32.66
965.977	9.93
966.268	-8.32
966.56	7.36
966.852	-17.22
967.143	-17.68
967.435	-8.79
967.726	15.08
968.018	4.08
968.309	10.64
968.6	3.61
968.891	-20.02
969.183	-5.75
969.474	4.55
969.765	-5.98
970.056	8.06
970.347	-0.36
970.638	-9.73
970.928	-1.53
971.219	-1.77
971.51	9.47
971.8	19.53
972.091	0.57
972.382	-20.02
972.672	10.64
972.962	9.47
973.253	-26.81
973.543	-9.49
973.833	-16.51
974.123	-4.34
974.413	-20.02
974.704	-5.51
974.994	-34.07
975.283	-2.24
975.573	11.34
975.863	-12.07
976.153	-7.85
976.443	71.72
976.732	5.49
977.022	-19.56
977.311	16.25
977.601	-0.83
977.89	-15.81
978.179	0.57
978.469	3.61
978.758	-4.11
979.047	3.38
979.336	21.17
979.625	-15.81
979.914	-2.24
980.203	-1.77
980.492	-25.17
980.781	5.96
981.069	11.1
981.358	-16.51
981.647	-18.62
981.935	-10.43
982.224	-23.07
982.512	0.34
982.8	-1.53
983.089	-2.24
983.377	-16.75
983.665	-13.71
983.953	15.55
984.241	-43.43
984.529	-15.34
984.817	-14.17
985.105	24.68
985.393	2.68
985.681	34.28
985.969	9.23
986.256	-20.49
986.544	-9.96
986.831	-16.28
987.119	-16.51
987.406	-15.11
987.694	-32.43
987.981	9
988.268	-3.41
988.555	-3.17
988.842	-1.3
989.129	-7.62
989.416	18.36
989.703	-10.19
989.99	-15.34
990.277	-17.45
990.564	-31.49
990.85	-9.96
991.137	-9.73
991.424	-24.71
991.71	-15.11
991.997	-2.47
992.283	2.68
992.569	-11.83
992.856	-10.19
993.142	-17.22
993.428	-29.15
993.714	11.1
994	17.19
994.286	-9.26
994.572	-5.05
994.858	-7.62
995.144	-1.3
995.429	6.19
995.715	-1.53
996.001	34.28
996.286	-4.11
996.572	6.89
996.857	6.19
997.142	-17.45
997.428	5.72
997.713	31.7
997.998	24.68
998.283	-24
998.568	26.55
998.853	-17.45
999.138	0.34
999.423	4.32
999.708	6.89
999.993	-31.03
1000.277	22.57
1000.562	13.91
1000.847	-15.81
1001.131	-24.71
1001.415	4.79
1001.7	-0.13
1001.984	-8.32
1002.268	-10.19
1002.553	-10.66
1002.837	-11.36
1003.121	5.49
1003.405	-11.13
1003.689	-14.64
1003.973	-16.75
1004.257	-12.77
1004.54	-7.15
1004.824	-33.37
1005.108	8.3
1005.391	-10.19
1005.675	-10.19
1005.958	-24.94
1006.242	8.53
1006.525	-1.53
1006.808	-4.58
1007.092	6.66
1007.375	-39.45
1007.658	11.81
1007.941	-24.24
1008.224	-6.22
1008.507	-21.66
1008.79	-27.28
1009.073	3.15
1009.355	9.23
1009.638	18.13
1009.921	-16.05
1010.203	-8.32
1010.486	6.66
1010.768	23.51
1011.05	-29.15
1011.333	-7.39
1011.615	-29.85
1011.897	-14.17
1012.179	-6.22
1012.461	-9.73
1012.743	-6.92
1013.025	7.83
1013.307	-8.32
1013.589	-12.07
1013.871	12.04
1014.152	-27.28
1014.434	-13
1014.716	-13.47
1014.997	0.81
1015.279	-1.53
1015.56	-9.49
1015.841	7.36
1016.123	-1.3
1016.404	-5.28
1016.685	-19.32
1016.966	27.25
1017.247	26.08
1017.528	-22.13
1017.809	-3.64
1018.09	-11.6
1018.371	5.25
1018.651	19.53
1018.932	-10.19
1019.212	-7.85
1019.493	-6.92
1019.773	-13
1020.054	-20.73
1020.334	19.3
1020.614	-0.36
1020.895	-0.36
1021.175	-0.36
