340.2	-0.64
340.6	-0.64
340.9	-0.64
341.3	-13.04
341.7	30.96
342.1	13.41
342.4	-26.15
342.8	-17.96
343.2	-2.04
343.6	-9.06
343.9	-16.55
344.3	-8.13
344.7	1.47
345.1	0.3
345.4	-8.83
345.8	29.32
346.2	-37.15
346.6	65.37
346.9	-13.51
347.3	0.53
347.7	-3.21
348	-9.77
348.4	9.9
348.8	-2.74
349.2	6.15
349.5	-4.38
349.9	-18.43
350.3	-13.51
350.7	-2.04
351	-3.21
351.4	-6.72
351.8	-21.94
352.2	-0.17
352.5	-13.74
352.9	39.39
353.3	-8.36
353.6	11.3
354	-4.85
354.4	-14.21
354.8	-1.11
355.1	0.77
355.5	-14.21
355.9	-16.32
356.3	11.53
356.6	-26.62
357	-2.51
357.4	3.11
357.8	-6.72
358.1	-4.38
358.5	11.3
358.9	-8.59
359.2	-15.62
359.6	2.41
360	-17.49
360.4	-22.64
360.7	12.7
361.1	6.38
361.5	7.09
361.9	-2.28
362.2	-4.38
362.6	10.13
363	6.38
363.3	-8.36
363.7	0.53
364.1	16.68
364.5	-8.59
364.8	8.72
365.2	1.7
365.6	4.75
366	21.83
366.3	32.36
366.7	0.77
367.1	-16.79
367.4	8.26
367.8	-6.02
368.2	10.13
368.6	-1.81
368.9	29.56
369.3	0.77
369.7	2.17
370	15.98
370.4	-11.4
370.8	13.87
371.2	-6.72
371.5	-16.79
371.9	-19.6
372.3	-5.79
372.6	27.68
373	-0.87
373.4	23.24
373.8	-9.53
374.1	5.21
374.5	25.81
374.9	24.17
375.2	2.64
375.6	17.62
376	1
376.4	-14.45
376.7	-14.45
377.1	-31.77
377.5	-12.57
377.8	-4.85
378.2	-21.94
378.6	-14.91
379	19.02
379.3	-18.19
379.7	-6.25
380.1	-22.64
380.4	4.98
380.8	-31.53
381.2	-26.15
381.6	-13.51
381.9	-7.42
382.3	37.98
382.7	12.47
383	-10
383.4	-4.85
383.8	-14.21
384.2	13.41
384.5	1
384.9	8.72
385.3	-4.15
385.6	-17.96
386	-11.17
386.4	-7.42
386.7	21.36
387.1	33.77
387.5	-6.25
387.9	-0.64
388.2	10.83
388.6	-19.36
389	-3.91
389.3	-1.11
389.7	-6.02
390.1	-26.38
390.5	2.41
390.8	-5.79
391.2	1.7
391.6	-8.83
391.9	10.36
392.3	-2.28
392.7	11.77
393	-32.47
393.4	-0.64
393.8	13.17
394.2	-5.32
394.5	-24.74
394.9	8.26
395.3	-32
395.6	13.41
396	-25.21
396.4	8.96
396.7	-6.96
397.1	-14.91
397.5	-13.98
397.8	-4.85
398.2	6.62
398.6	0.53
399	-13.51
399.3	-3.91
399.7	-2.04
400.1	12.47
400.4	-13.28
400.8	4.04
401.2	-30.13
401.5	-15.38
401.9	20.19
402.3	-17.72
402.7	-13.04
403	-28.96
403.4	6.38
403.8	6.15
404.1	-32
404.5	14.81
404.9	-15.15
405.2	-15.62
405.6	-10.47
406	-25.68
406.3	10.83
406.7	16.68
407.1	-3.45
407.4	5.68
407.8	0.07
408.2	6.38
408.6	-14.45
408.9	6.15
409.3	-9.77
409.7	-3.91
410	-27.09
410.4	-1.57
410.8	1.7
411.1	7.32
411.5	-2.28
411.9	150.8
412.2	34.94
412.6	-3.21
413	-0.87
413.3	1.7
413.7	-18.43
414.1	15.98
414.4	-24.04
414.8	22.77
415.2	3.58
415.5	1.47
415.9	43.83
416.3	1.7
416.7	-9.53
417	17.15
417.4	-7.19
417.8	23.94
418.1	9.9
418.5	8.02
418.9	24.17
419.2	42.9
419.6	19.73
420	17.38
420.3	21.6
420.7	27.45
421.1	32.83
421.4	21.36
421.8	50.15
422.2	2.87
422.5	27.45
422.9	36.58
423.3	4.75
423.6	52.49
424	35.64
424.4	11.3
424.7	18.56
425.1	44.54
425.5	27.45
425.8	50.15
426.2	50.85
426.6	27.68
426.9	26.98
427.3	30.73
427.7	34
428	10.83
428.4	51.09
428.8	20.9
429.1	47.81
429.5	44.54
429.9	47.34
430.2	34
430.6	52.02
431	50.39
431.3	63.49
431.7	71.22
432.1	44.54
432.4	69.11
432.8	56
433.2	41.73
433.5	46.17
433.9	44.07
434.3	56.94
434.6	53.9
435	57.88
435.4	64.66
435.7	74.03
436.1	98.37
436.5	59.98
436.8	54.13
437.2	48.98
437.6	34
437.9	45
438.3	52.96
438.7	65.13
439	90.18
439.4	46.88
439.8	50.62
440.1	53.9
440.5	50.39
440.9	40.56
441.2	63.73
441.6	55.54
442	51.32
442.3	22.07
442.7	37.51
443.1	13.64
443.4	44.77
443.8	13.64
444.1	7.32
444.5	55.3
444.9	27.22
445.2	34.47
445.6	17.85
446	16.92
446.3	-7.19
446.7	13.41
447.1	23
447.4	-3.68
447.8	-4.85
448.2	18.09
448.5	22.53
448.9	-1.11
449.3	9.19
449.6	24.87
450	-20.06
450.4	17.38
450.7	24.87
451.1	-6.02
451.4	20.9
451.8	-0.87
452.2	-20.77
452.5	-17.96
452.9	23.94
453.3	-17.25
453.6	14.81
454	9.9
454.4	1.7
454.7	-9.06
455.1	-35.51
455.5	-0.17
455.8	-29.89
456.2	11.53
456.5	-27.32
456.9	-2.28
457.3	1.47
457.6	2.41
458	-3.91
458.4	13.64
458.7	-17.72
459.1	-22.64
459.5	-8.36
459.8	31.66
460.2	12.94
460.5	-9.53
460.9	-19.13
461.3	17.85
461.6	1.94
462	-7.42
462.4	8.26
462.7	15.04
463.1	6.38
463.5	-0.4
463.8	-16.79
464.2	8.96
464.5	4.28
464.9	0.77
465.3	-17.96
465.6	8.26
466	8.49
466.4	-24.04
466.7	2.41
467.1	10.13
467.5	4.98
467.8	-26.15
468.2	-1.81
468.5	-2.74
468.9	14.81
469.3	-3.45
469.6	12.24
470	-38.55
470.4	-11.17
470.7	9.9
471.1	-6.72
471.4	8.72
471.8	-7.42
472.2	24.17
472.5	67.24
472.9	-27.09
473.3	5.92
473.6	-0.87
474	-6.49
474.3	4.75
474.7	-19.36
475.1	-20.3
475.4	-4.62
475.8	4.98
476.2	-26.38
476.5	-6.02
476.9	9.9
477.2	-13.74
477.6	-9.06
478	2.17
478.3	23.47
478.7	-15.15
479.1	-24.28
479.4	-19.36
479.8	21.83
480.1	-1.34
480.5	-5.79
480.9	-19.6
481.2	-22.64
481.6	11.3
481.9	11.53
482.3	0.07
482.7	6.85
483	-13.74
483.4	25.34
483.8	-10
484.1	12.24
484.5	-20.53
484.8	10.13
485.2	-24.98
485.6	19.96
485.9	13.41
486.3	2.41
486.6	0.77
487	21.6
487.4	-3.68
487.7	4.04
488.1	-11.87
488.5	26.51
488.8	8.96
489.2	19.26
489.5	-11.64
489.9	34.47
490.3	9.9
490.6	5.21
491	-2.04
491.3	14.34
491.7	-11.64
492.1	-5.79
492.4	20.43
492.8	19.96
493.1	-12.34
493.5	41.26
493.9	-9.3
494.2	16.68
494.6	4.04
494.9	-18.19
495.3	0.53
495.7	11.07
496	2.64
496.4	13.64
496.7	20.9
497.1	-4.85
497.5	13.64
497.8	4.28
498.2	-1.11
498.5	-15.15
498.9	20.43
499.3	-8.13
499.6	10.6
500	19.49
500.3	32.36
500.7	4.28
501.1	1.24
501.4	7.79
501.8	46.64
502.1	18.09
502.5	23.24
502.9	31.19
503.2	14.34
503.6	46.88
503.9	31.9
504.3	10.83
504.7	33.77
505	24.64
505.4	46.41
505.7	28.39
506.1	46.64
506.5	3.11
506.8	42.9
507.2	23.24
507.5	48.75
507.9	55.07
508.2	35.41
508.6	35.88
509	36.34
509.3	66.3
509.7	22.53
510	47.81
510.4	22.53
510.8	20.66
511.1	75.9
511.5	63.96
511.8	67.47
512.2	29.32
512.6	50.85
512.9	40.56
513.3	66.77
513.6	56.47
514	59.75
514.3	69.11
514.7	103.52
515.1	67.94
515.4	61.39
515.8	69.34
516.1	32.83
516.5	104.22
516.9	94.86
517.2	67
517.6	68.41
517.9	87.6
518.3	76.37
518.6	59.51
519	64.9
519.4	54.13
519.7	58.58
520.1	78.24
520.4	55.3
520.8	78
521.1	57.88
521.5	109.6
521.9	91.11
522.2	87.84
522.6	100.94
522.9	100.24
523.3	77.54
523.6	92.28
524	89.01
524.4	74.73
524.7	117.56
525.1	81.05
525.4	100.47
525.8	83.39
526.2	80.35
526.5	105.16
526.9	78.71
527.2	95.09
527.6	119.9
527.9	85.03
528.3	87.84
528.6	94.15
529	95.32
529.4	96.26
529.7	108.67
530.1	103.05
530.4	122.01
530.8	139.79
531.1	122.94
531.5	125.75
531.9	91.58
532.2	114.28
532.6	118.5
532.9	110.07
533.3	108.2
533.6	132.31
534	125.28
534.4	324.93
534.7	130.43
535.1	113.82
535.4	110.54
535.8	116.39
536.1	129.26
536.5	130.67
536.8	127.62
537.2	122.48
537.6	100.01
537.9	81.98
538.3	113.35
538.6	122.48
539	113.35
539.3	146.58
539.7	90.41
540	119.67
540.4	116.39
540.8	126.45
541.1	267.82
541.5	129.73
541.8	142.6
542.2	114.52
542.5	146.35
542.9	137.45
543.2	140.03
543.6	113.58
544	154.54
544.3	162.97
544.7	169.52
545	127.86
545.4	131.84
545.7	162.73
546.1	140.73
546.4	158.99
546.8	118.96
547.2	140.73
547.5	118.73
547.9	163.9
548.2	118.26
548.6	145.41
548.9	133.71
549.3	154.07
549.6	135.58
550	143.07
550.3	165.54
550.7	110.3
551.1	121.07
551.4	158.05
551.8	132.54
552.1	121.77
552.5	152.43
552.8	139.79
553.2	99.3
553.5	132.54
553.9	136.99
554.2	162.26
554.6	125.99
554.9	157.82
555.3	162.5
555.7	134.41
556	151.5
556.4	114.75
556.7	163.43
557.1	141.2
557.4	136.75
557.8	152.2
558.1	146.11
558.5	136.28
558.8	148.45
559.2	150.56
559.5	116.86
559.9	137.69
560.3	134.41
560.6	109.6
561	135.58
561.3	107.73
561.7	132.31
562	114.75
562.4	124.11
562.7	147.05
563.1	144.71
563.4	122.71
563.8	176.54
564.1	139.09
564.5	123.88
564.8	138.16
565.2	125.52
565.5	132.77
565.9	142.14
566.3	136.75
566.6	115.69
567	149.16
567.3	138.39
567.7	137.69
568	137.22
568.4	130.2
568.7	107.03
569.1	102.58
569.4	124.82
569.8	106.79
570.1	134.41
570.5	138.86
570.8	134.18
571.2	130.67
571.5	116.16
571.9	101.88
572.2	116.16
572.6	140.5
572.9	120.37
573.3	124.82
573.6	131.37
574	120.6
574.4	130.2
574.7	127.39
575.1	140.5
575.4	127.39
575.8	105.39
576.1	119.43
576.5	118.96
576.8	143.31
577.2	146.11
577.5	108.2
577.9	187.07
578.2	141.2
578.6	117.79
578.9	126.45
579.3	144.24
579.6	125.05
580	117.56
580.3	121.3
580.7	110.3
581	89.01
581.4	115.22
581.7	107.5
582.1	133.71
582.4	156.65
582.8	125.28
583.1	112.64
583.5	110.54
583.8	103.52
584.2	129.73
584.5	134.18
584.9	128.09
585.2	126.45
585.6	141.43
585.9	112.41
586.3	108.43
586.6	97.43
587	123.65
587.3	137.69
587.7	101.41
588	133.71
588.4	96.03
588.7	112.64
589.1	147.75
589.4	117.79
589.8	118.03
590.1	93.69
590.5	114.28
590.8	108.2
591.2	108.9
591.5	111.01
591.9	79.64
592.2	103.75
592.6	98.84
592.9	98.37
593.3	85.96
593.6	102.11
594	116.16
594.3	128.33
594.7	105.62
595	95.56
595.4	101.64
595.7	136.99
596.1	118.26
596.4	92.75
596.8	114.99
597.1	96.96
597.5	112.88
597.8	129.96
598.2	101.18
598.5	68.88
598.9	102.58
599.2	117.33
599.6	74.96
599.9	93.22
600.3	121.54
600.6	83.86
601	101.88
601.3	111.47
601.7	67
602	96.5
602.4	106.09
602.7	98.6
603.1	93.69
603.4	89.24
603.8	79.18
604.1	81.75
604.5	90.41
604.8	110.77
605.1	106.09
605.5	122.48
605.8	99.54
606.2	97.67
606.5	86.2
606.9	90.41
607.2	60.45
607.6	85.73
607.9	101.18
608.3	111.24
608.6	97.43
609	97.2
609.3	70.75
609.7	56.71
610	94.39
610.4	78.47
610.7	83.15
611.1	70.75
611.4	122.94
611.8	95.32
612.1	80.11
612.5	69.81
612.8	74.03
613.1	74.49
613.5	106.33
613.8	66.54
614.2	66.07
614.5	107.26
614.9	72.62
615.2	87.37
615.6	76.83
615.9	88.07
616.3	78.24
616.6	75.9
617	64.9
617.3	75.9
617.7	87.6
618	115.92
618.3	95.09
618.7	86.43
619	81.75
619.4	69.58
619.7	82.45
620.1	88.07
620.4	66.07
620.8	95.32
621.1	78.94
621.5	61.39
621.8	67.94
622.2	84.79
622.5	85.96
622.8	78
623.2	71.92
623.5	54.13
623.9	100.94
624.2	72.39
624.6	79.18
624.9	66.3
625.3	86.9
625.6	37.28
626	49.92
626.3	53.43
626.7	46.17
627	74.49
627.3	61.86
627.7	54.6
628	63.03
628.4	45.24
628.7	64.2
629.1	25.11
629.4	74.73
629.8	67.47
630.1	69.34
630.5	78
630.8	56
631.1	54.13
631.5	73.09
631.8	56.71
632.2	65.13
632.5	58.58
632.9	38.22
633.2	39.39
633.6	59.75
633.9	68.64
634.2	50.85
634.6	54.6
634.9	64.9
635.3	59.51
635.6	40.09
636	24.64
636.3	19.96
636.7	54.6
637	67.47
637.3	39.85
637.7	52.96
638	71.92
638.4	53.66
638.7	58.34
639.1	52.26
639.4	79.41
639.8	46.17
640.1	56
640.4	71.69
640.8	48.51
641.1	60.45
641.5	42.19
641.8	49.92
642.2	53.9
642.5	30.02
642.8	45.71
643.2	82.69
643.5	28.62
643.9	7.32
644.2	47.34
644.6	23.24
644.9	39.85
645.3	62.09
645.6	54.13
645.9	35.88
646.3	46.17
646.6	51.32
647	28.15
647.3	18.56
647.7	19.49
648	19.49
648.3	34.24
648.7	8.49
649	60.68
649.4	45.71
649.7	21.36
650.1	21.13
650.4	29.32
650.7	31.66
651.1	35.41
651.4	19.49
651.8	30.26
652.1	29.32
652.4	19.02
652.8	30.96
653.1	43.36
653.5	36.81
653.8	36.81
654.2	41.96
654.5	41.26
654.8	25.81
655.2	28.62
655.5	34.94
655.9	45.47
656.2	26.04
656.6	54.37
656.9	68.64
657.2	57.64
657.6	21.6
657.9	23.47
658.3	37.51
658.6	35.64
658.9	50.85
659.3	28.15
659.6	34.94
660	49.45
660.3	36.11
660.7	29.32
661	19.26
661.3	24.41
661.7	43.13
662	34.24
662.4	18.09
662.7	21.13
663	6.15
663.4	23.24
663.7	-58.45
664.1	13.87
664.4	10.83
664.7	-23.34
665.1	40.56
665.4	29.56
665.8	42.9
666.1	38.68
666.4	9.43
666.8	35.41
667.1	19.49
667.5	8.02
667.8	37.51
668.1	17.62
668.5	11.77
668.8	23.7
669.2	9.19
669.5	21.36
669.8	34
670.2	36.34
670.5	33.07
670.9	3.11
671.2	23.7
671.5	24.87
671.9	-3.21
672.2	30.73
672.6	36.58
672.9	16.92
673.2	40.32
673.6	5.68
673.9	30.26
674.3	28.62
674.6	28.62
674.9	23.47
675.3	56.24
675.6	40.32
676	96.26
676.3	24.64
676.6	4.28
677	31.43
677.3	33.07
677.7	-2.51
678	-0.87
678.3	8.26
678.7	37.28
679	24.87
679.4	2.87
679.7	15.28
680	18.56
680.4	7.79
680.7	15.98
681	29.09
681.4	11.77
681.7	15.51
682.1	3.81
682.4	16.68
682.7	-13.98
683.1	8.26
683.4	49.68
683.8	27.92
684.1	27.45
684.4	3.34
684.8	17.38
685.1	19.49
685.4	30.02
685.8	22.07
686.1	84.56
686.5	30.26
686.8	0.3
687.1	24.17
687.5	2.17
687.8	19.73
688.1	25.58
688.5	16.21
688.8	7.79
689.2	8.49
689.5	-0.64
689.8	-226.03
690.2	25.81
690.5	-8.13
690.8	13.17
691.2	14.81
691.5	-5.32
691.9	-4.15
692.2	13.87
692.5	2.41
692.9	26.51
693.2	-7.19
693.5	10.6
693.9	-4.15
694.2	18.56
694.6	12
694.9	-0.17
695.2	-8.59
695.6	8.49
695.9	-16.79
696.2	-5.32
696.6	7.32
696.9	24.41
697.2	10.83
697.6	55.3
697.9	-22.64
698.3	-17.49
698.6	-9.06
698.9	1.7
699.3	20.19
699.6	7.55
699.9	1.24
700.3	21.6
700.6	1
700.9	-12.11
701.3	-26.38
701.6	-24.74
702	-20.3
702.3	32.6
702.6	-6.72
703	4.75
703.3	-2.04
703.6	-1.34
704	10.36
704.3	-21.94
704.6	-8.83
705	18.79
705.3	-21.23
705.6	8.26
706	7.09
706.3	-24.74
706.6	3.81
707	-1.81
707.3	15.04
707.7	-4.15
708	6.62
708.3	-10.7
708.7	-9.3
709	2.41
709.3	21.83
709.7	-29.89
710	-13.98
710.3	-26.15
710.7	8.49
711	-12.81
711.3	-12.57
711.7	15.51
712	0.07
712.3	-16.08
712.7	15.28
713	12
713.3	2.17
713.7	18.56
714	23.24
714.3	-4.15
714.7	16.21
715	4.98
715.3	-24.04
715.7	-10.7
716	29.56
716.3	0.53
716.7	1
717	10.13
717.3	4.75
717.7	-11.4
718	-3.21
718.4	1.47
718.7	4.75
719	-13.28
719.4	5.21
719.7	6.62
720	15.75
720.4	-14.21
720.7	39.39
721	-15.38
721.3	-22.4
721.7	-5.55
722	-1.34
722.3	-31.53
722.7	16.45
723	10.83
723.3	3.81
723.7	4.51
724	-2.98
724.3	-8.59
724.7	-11.87
725	-9.77
725.3	-18.66
725.7	8.49
726	3.11
726.3	4.04
726.7	6.85
727	4.98
727.3	-27.79
727.7	-13.28
728	14.58
728.3	-22.17
728.7	18.32
729	6.85
729.3	24.41
729.7	10.13
730	10.6
730.3	-23.57
730.7	0.77
731	-36.21
731.3	-12.57
731.7	-2.74
732	15.28
732.3	1.7
732.6	8.72
733	-20.53
733.3	0.53
733.6	5.92
734	6.85
734.3	-2.98
734.6	-20.3
735	30.96
735.3	-2.51
735.6	-4.62
736	-13.98
736.3	-15.85
736.6	-13.04
737	6.38
737.3	-0.4
737.6	15.98
737.9	-22.87
738.3	11.3
738.6	-23.81
738.9	13.64
739.3	1.94
739.6	-16.79
739.9	-13.74
740.3	-0.4
740.6	0.53
740.9	9.9
741.2	0.77
741.6	11.53
741.9	6.62
742.2	-7.42
742.6	-10.94
742.9	-7.66
743.2	-20.06
743.6	-10.7
743.9	-16.55
744.2	32.13
744.6	45
744.9	-4.85
745.2	-40.89
745.5	-8.59
745.9	-11.4
746.2	-6.25
746.5	17.62
746.9	11.77
747.2	-31.3
747.5	-20.06
747.8	10.6
748.2	5.21
748.5	45.24
748.8	-1.81
749.2	-7.89
749.5	44.54
749.8	7.09
750.1	28.85
750.5	12.94
750.8	4.75
751.1	-1.34
751.5	11.07
751.8	0.3
752.1	4.98
752.5	8.02
752.8	5.21
753.1	-12.57
753.4	12.47
753.8	-27.32
754.1	-8.13
754.4	17.85
754.7	-2.28
755.1	-5.79
755.4	-45.81
755.7	-10.23
756.1	-0.64
756.4	26.98
756.7	-14.68
757	2.87
757.4	-24.74
757.7	-12.57
758	-4.15
758.4	-2.74
758.7	35.41
759	-3.91
759.3	-19.13
759.7	20.43
760	21.83
760.3	7.79
760.7	-2.28
761	29.79
761.3	8.26
761.6	15.28
762	-15.15
762.3	1.47
762.6	10.6
762.9	-7.66
763.3	-26.62
763.6	-1.34
763.9	-23.34
764.2	-12.81
764.6	-7.66
764.9	-21.94
765.2	-11.64
765.6	-5.79
765.9	-6.96
766.2	-23.34
766.5	22.07
766.9	4.04
767.2	4.28
767.5	13.64
767.8	-11.64
768.2	-4.38
768.5	-13.98
768.8	12.24
769.1	-9.3
769.5	-6.72
769.8	0.53
770.1	-12.11
770.5	0.3
770.8	-6.96
771.1	0.3
771.4	2.87
771.8	0.53
772.1	3.58
772.4	32.13
772.7	-16.55
773.1	-17.02
773.4	13.87
773.7	4.28
774	-23.81
774.4	20.9
774.7	10.36
775	-6.02
775.3	-23.57
775.7	-2.51
776	-20.06
776.3	3.34
776.6	-2.51
777	-28.02
777.3	10.6
777.6	19.26
777.9	-21.47
778.3	12.24
778.6	17.15
778.9	-3.91
779.2	-3.91
779.6	-12.34
779.9	7.79
780.2	-5.55
780.5	-11.87
780.9	-17.02
781.2	-30.83
781.5	-15.38
781.8	5.68
782.2	-21
782.5	-18.19
782.8	10.13
783.1	-18.66
783.4	-20.06
783.8	12.7
784.1	25.81
784.4	24.41
784.7	-27.55
785.1	1.7
785.4	-16.32
785.7	-23.57
786	-3.45
786.4	-7.66
786.7	-6.96
787	4.98
787.3	-13.74
787.7	-25.45
788	3.58
788.3	13.17
788.6	-1.81
788.9	-6.72
789.3	-9.3
789.6	-11.4
789.9	7.09
790.2	3.58
790.6	-5.32
790.9	-7.42
791.2	-10
791.5	-10.94
791.9	-4.85
792.2	7.32
792.5	18.56
792.8	-17.72
793.1	-20.53
793.5	-22.17
793.8	-2.04
794.1	0.07
794.4	1.24
794.8	20.19
795.1	32.13
795.4	-0.4
795.7	-42.3
796	-20.53
796.4	-6.25
796.7	11.07
797	28.39
797.3	-5.55
797.7	31.66
798	-8.13
798.3	-16.79
798.6	-25.91
798.9	0.07
799.3	0.07
799.6	-5.79
799.9	0.3
800.2	22.53
800.5	1.47
800.9	-20.3
801.2	0.77
801.5	-1.11
801.8	-3.91
802.2	-5.79
802.5	-11.64
802.8	3.81
803.1	-1.81
803.4	13.64
803.8	-5.08
804.1	6.62
804.4	-15.85
804.7	23.24
805	0.3
805.4	-18.19
805.7	-18.43
806	12
806.3	-1.57
806.6	3.34
807	-7.66
807.3	-17.49
807.6	15.75
807.9	-15.85
808.2	-14.68
808.6	-5.32
808.9	-6.02
809.2	0.07
809.5	-40.89
809.8	-6.96
810.2	19.49
810.5	-3.68
810.8	-30.83
811.1	7.55
811.4	18.32
811.8	7.32
812.1	-12.11
812.4	4.75
812.7	-2.51
813	-6.49
813.4	5.68
813.7	-13.28
814	-16.79
814.3	-18.89
814.6	5.45
815	13.87
815.3	0.53
815.6	6.38
815.9	-20.77
816.2	-5.08
816.5	14.34
816.9	2.87
817.2	-3.91
817.5	-8.36
817.8	6.38
818.1	13.17
818.5	-17.72
818.8	10.36
819.1	6.15
819.4	12.47
819.7	-20.77
820.1	-16.55
820.4	-1.81
820.7	14.11
821	-1.57
821.3	-7.42
821.6	-17.25
822	-27.09
822.3	-28.96
822.6	-32.7
822.9	-21.94
823.2	12.7
823.5	-10
823.9	-10.94
824.2	-12.11
824.5	-11.87
824.8	-1.81
825.1	-14.91
825.5	19.49
825.8	-19.6
826.1	6.85
826.4	-5.79
826.7	13.64
827	6.62
827.4	26.51
827.7	0.3
828	-15.15
828.3	12.47
828.6	-4.85
828.9	-10
829.3	20.19
829.6	-0.64
829.9	0.53
830.2	-26.15
830.5	-24.74
830.8	-10.23
831.2	-0.4
831.5	2.17
831.8	-10.94
832.1	-8.13
832.4	0.77
832.7	-16.32
833.1	-9.77
833.4	20.19
833.7	-17.02
834	18.56
834.3	-1.34
834.6	-10.7
835	1.24
835.3	-1.34
835.6	-11.87
835.9	25.58
836.2	-7.66
836.5	-20.3
836.8	-8.59
837.2	3.58
837.5	-12.57
837.8	-18.19
838.1	-10.7
838.4	31.43
838.7	-12.81
839.1	51.09
839.4	11.77
839.7	-10.23
840	-21
840.3	-7.42
840.6	-272.14
840.9	-5.55
841.3	-37.62
841.6	-8.83
841.9	-17.72
842.2	11.77
842.5	3.81
842.8	-29.89
843.1	3.11
843.5	-21.7
843.8	0.07
844.1	0.3
844.4	-19.83
844.7	18.32
845	0.53
845.3	4.28
845.7	2.41
846	-27.79
846.3	0.07
846.6	9.19
846.9	1
847.2	15.51
847.5	16.92
847.9	-5.55
848.2	25.11
848.5	-16.55
848.8	-13.51
849.1	-6.49
849.4	3.34
849.7	-10.7
850	-3.45
850.4	6.15
850.7	-19.6
851	3.11
851.3	-11.87
851.6	-2.98
851.9	-17.49
852.2	-10.7
852.5	-6.96
852.9	23
853.2	0.07
853.5	-30.6
853.8	47.81
854.1	-1.57
854.4	1.24
854.7	35.88
855.1	-0.87
855.4	13.41
855.7	-16.32
856	8.96
856.3	2.41
856.6	7.79
856.9	1.24
857.2	21.83
857.5	9.19
857.9	-1.34
858.2	-12.11
858.5	-18.66
858.8	-13.04
859.1	-17.49
859.4	-2.74
859.7	0.53
860	24.87
860.4	-4.15
860.7	20.19
861	-2.51
861.3	-14.21
861.6	13.17
861.9	-2.51
862.2	-12.34
862.5	-6.02
862.8	-14.68
863.2	6.85
863.5	4.04
863.8	-0.64
864.1	-28.26
864.4	33.53
864.7	22.3
865	4.04
865.3	20.43
865.6	-2.51
866	-11.17
866.3	25.11
866.6	-13.51
866.9	-0.17
867.2	-11.64
867.5	3.11
867.8	8.02
868.1	-2.51
868.4	-3.45
868.7	-17.49
869.1	8.72
869.4	0.3
869.7	8.96
870	1
870.3	26.28
870.6	-5.08
870.9	-18.89
871.2	-17.96
871.5	33.77
871.8	6.85
872.1	-20.3
872.5	-2.74
872.8	-0.17
873.1	-1.34
873.4	2.41
873.7	6.62
874	33.07
874.3	5.21
874.6	1.24
874.9	7.32
875.2	17.85
875.6	-8.83
875.9	-22.87
876.2	-17.25
876.5	12.47
876.8	9.43
877.1	-6.02
877.4	-3.91
877.7	-21.94
878	-1.57
878.3	25.34
878.6	0.77
878.9	14.81
879.3	-22.4
879.6	2.64
879.9	-24.28
880.2	-1.57
880.5	-25.21
880.8	-13.28
881.1	-9.77
881.4	12.7
881.7	3.81
882	4.28
882.3	-32
882.6	0.3
882.9	-18.19
883.3	5.92
883.6	0.53
883.9	-23.34
884.2	-1.81
884.5	0.77
884.8	14.34
885.1	-6.49
885.4	-12.11
885.7	4.04
886	-3.45
886.3	-19.13
886.6	-32.47
886.9	2.87
887.2	1.7
887.6	-9.3
887.9	8.49
888.2	-11.4
888.5	-40.89
888.8	12.7
889.1	2.87
889.4	17.38
889.7	-2.74
890	7.32
890.3	28.15
890.6	-1.81
890.9	-3.68
891.2	-14.45
891.5	16.45
891.8	18.56
892.1	-8.83
892.5	-2.04
892.8	21.36
893.1	-25.45
893.4	13.17
893.7	-13.51
894	10.6
894.3	10.83
894.6	-4.85
894.9	-22.87
895.2	-6.72
895.5	-21.7
895.8	21.13
896.1	34.7
896.4	-5.08
896.7	-21.94
897	-9.06
897.3	3.34
897.6	-13.51
897.9	34.7
898.3	-0.4
898.6	-12.57
898.9	-15.38
899.2	24.41
899.5	-0.64
899.8	6.38
900.1	-5.79
900.4	-4.15
900.7	8.49
901	-13.74
901.3	6.62
901.6	3.81
901.9	4.98
902.2	-2.98
902.5	21.6
902.8	-17.49
903.1	-0.87
903.4	-1.34
903.7	0.53
904	11.3
904.3	-6.49
904.6	-4.62
904.9	5.21
905.2	0.77
905.6	-21.23
905.9	-37.38
906.2	-6.02
906.5	22.53
906.8	-20.06
907.1	-16.32
907.4	-5.32
907.7	-16.08
908	-20.3
908.3	-35.75
908.6	1.94
908.9	-28.26
909.2	-9.77
909.5	19.02
909.8	-12.81
910.1	-12.57
910.4	-29.66
910.7	19.02
911	-14.45
911.3	12.47
911.6	-16.32
911.9	-14.68
912.2	-0.87
912.5	-6.02
912.8	11.77
913.1	5.68
913.4	-16.55
913.7	-10
914	2.17
914.3	-2.74
914.6	-14.91
914.9	1.47
915.2	-22.4
915.5	20.66
915.8	-8.13
916.1	-30.83
916.4	-13.74
916.7	-11.4
917	-1.34
917.3	10.36
917.6	19.26
917.9	8.96
918.2	-7.66
918.5	19.26
918.8	-42.3
919.1	-46.28
919.5	0.77
919.8	0.53
920.1	-20.53
920.4	-20.06
920.7	-15.15
921	2.87
921.3	22.53
921.6	-20.3
921.9	-6.02
922.2	19.02
922.5	3.11
922.8	-3.45
923.1	20.66
923.4	-7.89
923.7	-22.17
924	0.77
924.3	-24.74
924.6	14.58
924.9	11.53
925.2	20.66
925.5	-8.13
925.8	34.47
926.1	-1.57
926.4	4.28
926.7	-14.21
927	-13.98
927.3	2.64
927.6	-9.06
927.9	-10.47
928.2	-11.4
928.4	-14.91
928.7	-2.74
929	14.58
929.3	14.34
929.6	15.51
929.9	-3.21
930.2	-5.55
930.5	-4.15
930.8	5.45
931.1	-14.91
931.4	-24.51
931.7	-8.83
932	-17.72
932.3	-11.17
932.6	7.79
932.9	6.85
933.2	14.34
933.5	19.26
933.8	11.77
934.1	4.98
934.4	8.26
934.7	0.3
935	11.53
935.3	-16.32
935.6	-30.6
935.9	15.04
936.2	5.68
936.5	-3.21
936.8	-10.47
937.1	16.21
937.4	-12.57
937.7	-3.68
938	6.85
938.3	-10.94
938.6	-17.02
938.9	19.26
939.2	27.92
939.5	-26.38
939.8	2.41
940.1	5.68
940.4	-27.55
940.7	-26.15
941	9.66
941.3	-9.06
941.6	-18.89
941.9	0.3
942.2	-13.74
942.4	-6.02
942.7	-0.17
943	4.75
943.3	15.04
943.6	-16.79
943.9	0.77
944.2	-20.3
944.5	35.17
944.8	4.28
945.1	-12.11
945.4	2.17
945.7	-5.32
946	-13.74
946.3	7.79
946.6	17.15
946.9	15.98
947.2	-13.51
947.5	8.72
947.8	3.58
948.1	-0.64
948.4	1.7
948.7	-33.64
949	-30.83
949.2	7.55
949.5	17.85
949.8	26.75
950.1	7.55
950.4	15.75
950.7	-14.68
951	3.58
951.3	-13.98
951.6	9.66
951.9	-32.23
952.2	10.83
952.5	-27.32
952.8	-22.64
953.1	-10.23
953.4	30.49
953.7	-11.17
954	7.09
954.3	-30.13
954.6	-20.3
954.8	-11.64
955.1	1.47
955.4	-24.28
955.7	-4.15
956	-18.89
956.3	-10
956.6	-19.6
956.9	10.36
957.2	-7.42
957.5	-23.11
957.8	-6.02
958.1	-1.57
958.4	3.58
958.7	-28.02
959	-1.57
959.2	16.21
959.5	4.28
959.8	-42.3
960.1	-21.7
960.4	-19.83
960.7	19.96
961	1
961.3	-23.34
961.6	4.75
961.9	8.26
962.2	24.17
962.5	-14.21
962.8	0.07
963.1	-24.74
963.3	10.6
963.6	17.15
963.9	6.15
964.2	10.13
964.5	-6.96
964.8	-3.68
965.1	0.07
965.4	16.92
965.7	-22.87
966	8.72
966.3	4.51
966.6	16.92
966.9	28.62
967.1	12.24
967.4	1.7
967.7	1.47
968	2.41
968.3	-12.81
968.6	7.09
968.9	9.43
969.2	-12.81
969.5	8.72
969.8	8.02
970.1	4.51
970.3	-28.26
970.6	-12.11
970.9	-5.32
971.2	-13.04
971.5	14.81
971.8	-13.51
972.1	12.94
972.4	13.64
972.7	-9.06
973	22.77
973.3	21.83
973.5	-4.38
973.8	1
974.1	-1.34
974.4	-15.38
974.7	14.11
975	-25.45
975.3	-6.25
975.6	-0.17
975.9	3.11
976.2	2.17
976.4	2.87
976.7	2.17
977	0.77
977.3	-12.57
977.6	7.09
977.9	11.77
978.2	5.45
978.5	-24.98
978.8	35.41
979	-15.62
979.3	-3.21
979.6	13.64
979.9	9.43
980.2	12.94
980.5	8.49
980.8	1.7
981.1	-19.36
981.4	23
981.6	-13.74
981.9	14.11
982.2	16.21
982.5	-4.15
982.8	3.81
983.1	3.34
983.4	18.79
983.7	-15.62
984	5.68
984.2	-15.85
984.5	-19.36
984.8	-10.23
985.1	-9.77
985.4	-7.89
985.7	2.41
986	5.68
986.3	-2.04
986.5	-11.87
986.8	-1.34
987.1	-1.57
987.4	4.98
987.7	12.24
988	-35.75
988.3	21.83
988.6	-0.4
988.8	-20.3
989.1	-20.53
989.4	-16.32
989.7	15.51
990	-5.55
990.3	7.09
990.6	9.9
990.9	-0.4
991.1	-4.62
991.4	-3.68
991.7	14.58
992	-19.6
992.3	-13.98
992.6	4.04
992.9	-0.64
993.1	-20.77
993.4	1.94
993.7	2.41
994	-24.74
994.3	-12.34
994.6	-0.4
994.9	-12.11
995.1	11.3
995.4	-21
995.7	34
996	-0.17
996.3	-3.45
996.6	-32.94
996.9	-9.53
997.1	13.64
997.4	19.73
997.7	-20.06
998	-8.13
998.3	-1.11
998.6	-28.49
998.9	9.9
999.1	-12.11
999.4	-36.21
999.7	2.17
1000	8.26
1000.3	3.81
1000.6	4.28
1000.8	-23.34
1001.1	4.04
1001.4	8.96
1001.7	-11.87
1002	-8.83
1002.3	-10.47
1002.6	7.79
1002.8	-21.47
1003.1	14.11
1003.4	9.43
1003.7	-20.06
1004	-2.28
1004.3	-18.66
1004.5	-41.6
1004.8	1.94
1005.1	-15.38
1005.4	-16.55
1005.7	7.32
1006	-13.04
1006.2	5.45
1006.5	-12.11
1006.8	6.38
1007.1	-13.28
1007.4	18.09
1007.7	9.43
1007.9	-15.62
1008.2	-15.85
1008.5	-19.83
1008.8	6.85
1009.1	-20.53
1009.4	-35.51
1009.6	-30.36
1009.9	-32
1010.2	17.62
1010.5	8.96
1010.8	-2.28
1011.1	12
1011.3	-5.32
1011.6	-17.72
1011.9	-4.15
1012.2	-2.28
1012.5	-11.87
1012.7	-4.15
1013	-10.47
1013.3	-20.3
1013.6	-12.81
1013.9	-9.53
1014.2	-21
1014.4	8.26
1014.7	-3.45
1015	-20.06
1015.3	5.92
1015.6	-10.94
1015.8	-24.51
1016.1	-1.34
1016.4	13.87
1016.7	-5.08
1017	20.66
1017.2	0.53
1017.5	-6.02
1017.8	17.38
1018.1	-0.64
1018.4	-6.02
1018.7	8.02
1018.9	-10.47
1019.2	-0.4
1019.5	-5.08
1019.8	-1.57
1020.1	12.47
1020.3	-22.87
1020.6	-25.21
1020.9	-25.21
1021.2	-25.21
