340.2	3.64
340.6	3.64
340.9	3.64
341.3	0.13
341.7	-10.17
342.1	4.58
342.4	10.43
342.8	1.3
343.2	5.28
343.6	-19.3
343.9	-10.64
344.3	-11.1
344.7	-1.27
345.1	-15.79
345.4	6.92
345.8	3.64
346.2	-37.08
346.6	62.15
346.9	-15.08
347.3	-7.13
347.7	13.47
348	-15.55
348.4	4.81
348.8	-12.98
349.2	-14.85
349.5	-11.57
349.9	-7.36
350.3	-10.64
350.7	-22.57
351	-3.85
351.4	-21.87
351.8	-22.81
352.2	4.58
352.5	-3.61
352.9	19.56
353.3	-14.85
353.6	-15.79
354	44.13
354.4	7.39
354.8	-0.57
355.1	-0.1
355.5	-1.04
355.9	9.49
356.3	21.66
356.6	-25.38
357	20.26
357.4	20.02
357.8	12.77
358.1	-0.57
358.5	-4.79
358.9	-21.4
359.2	20.26
359.6	-8.3
360	-3.15
360.4	-14.15
360.7	-12.98
361.1	0.36
361.5	14.41
361.9	6.45
362.2	-18.59
362.6	-2.68
363	2.24
363.3	-9.23
363.7	2.24
364.1	-9.7
364.5	-11.1
364.8	-7.13
365.2	6.68
365.6	16.51
366	-8.76
366.3	18.39
366.7	7.62
367.1	-42.94
367.4	4.34
367.8	-3.15
368.2	12.3
368.6	3.41
368.9	-9.7
369.3	-24.68
369.7	9.26
370	0.83
370.4	-7.59
370.8	17.92
371.2	-0.81
371.5	-5.96
371.9	-2.44
372.3	4.81
372.6	25.88
373	14.17
373.4	26.11
373.8	-12.98
374.1	-18.59
374.5	11.6
374.9	3.17
375.2	26.34
375.6	21.66
376	18.85
376.4	0.83
376.7	-11.81
377.1	-33.34
377.5	9.49
377.8	-17.66
378.2	-4.79
378.6	-13.45
379	9.26
379.3	-2.21
379.7	12.77
380.1	-21.17
380.4	7.85
380.8	-23.51
381.2	6.22
381.6	-12.51
381.9	-9.7
382.3	11.83
382.7	5.75
383	-23.04
383.4	-2.21
383.8	2.47
384.2	4.11
384.5	3.87
384.9	11.36
385.3	-8.76
385.6	-18.83
386	-2.68
386.4	0.36
386.7	29.39
387.1	16.28
387.5	-2.68
387.9	10.9
388.2	17.22
388.6	-0.34
389	-2.21
389.3	-4.08
389.7	-2.68
390.1	-16.49
390.5	5.51
390.8	-5.96
391.2	-1.27
391.6	-12.27
391.9	-9.93
392.3	-4.79
392.7	10.19
393	-8.53
393.4	-0.81
393.8	7.39
394.2	-0.57
394.5	-11.57
394.9	17.92
395.3	-2.91
395.6	16.28
396	-0.34
396.4	15.58
396.7	2
397.1	-12.98
397.5	2.7
397.8	-15.55
398.2	9.02
398.6	4.58
399	-22.57
399.3	-8.06
399.7	-25.62
400.1	4.11
400.4	-6.42
400.8	4.81
401.2	-1.98
401.5	-0.34
401.9	11.36
402.3	-0.81
402.7	-1.51
403	-3.85
403.4	-8.06
403.8	7.15
404.1	-15.32
404.5	13.94
404.9	-11.1
405.2	-24.91
405.6	-8.53
406	6.45
406.3	1.3
406.7	25.41
407.1	-5.72
407.4	27.05
407.8	8.56
408.2	8.32
408.6	-29.36
408.9	-5.02
409.3	-6.19
409.7	-2.91
410	-25.38
410.4	-18.59
410.8	-8.3
411.1	11.36
411.5	-0.81
411.9	122.77
412.2	22.13
412.6	14.88
413	-8.06
413.3	-9
413.7	1.3
414.1	-1.74
414.4	-19.53
414.8	-0.1
415.2	17.22
415.5	9.02
415.9	20.02
416.3	6.22
416.7	9.26
417	29.39
417.4	-14.85
417.8	46.47
418.1	13.94
418.5	2.24
418.9	51.86
419.2	34.3
419.6	24.24
420	13.47
420.3	12.07
420.7	42.03
421.1	30.56
421.4	42.26
421.8	38.05
422.2	21.19
422.5	24.71
422.9	56.77
423.3	23.07
423.6	35
424	28.22
424.4	16.75
424.7	29.15
425.1	30.32
425.5	36.41
425.8	62.39
426.2	24.94
426.6	23.07
426.9	32.66
427.3	23.3
427.7	37.81
428	37.11
428.4	36.64
428.8	35
429.1	23.07
429.5	26.81
429.9	25.17
430.2	14.17
430.6	38.98
431	33.37
431.3	45.07
431.7	56.77
432.1	39.22
432.4	54.66
432.8	53.26
433.2	66.6
433.5	62.15
433.9	34.3
434.3	56.77
434.6	53.96
435	76.67
435.4	45.07
435.7	84.86
436.1	97.96
436.5	71.98
436.8	71.52
437.2	70.35
437.6	49.05
437.9	16.28
438.3	52.32
438.7	57.47
439	71.75
439.4	62.39
439.8	58.64
440.1	20.49
440.5	49.52
440.9	39.92
441.2	56.3
441.6	47.64
442	44.6
442.3	20.26
442.7	35
443.1	60.05
443.4	29.15
443.8	9.26
444.1	21.66
444.5	41.09
444.9	28.22
445.2	18.62
445.6	11.13
446	5.75
446.3	-0.1
446.7	35.47
447.1	6.45
447.4	38.51
447.8	12.77
448.2	13.47
448.5	8.09
448.9	19.09
449.3	27.28
449.6	-1.74
450	26.58
450.4	7.39
450.7	8.79
451.1	2.47
451.4	2.24
451.8	-12.98
452.2	-3.38
452.5	-12.51
452.9	8.56
453.3	-11.34
453.6	-17.42
454	-12.04
454.4	-5.96
454.7	-3.61
455.1	-8.76
455.5	-15.08
455.8	-23.98
456.2	-1.98
456.5	-20.47
456.9	28.22
457.3	-3.61
457.6	-14.62
458	11.83
458.4	7.62
458.7	-20.93
459.1	-16.96
459.5	-5.25
459.8	5.98
460.2	2.47
460.5	-14.38
460.9	6.22
461.3	26.11
461.6	6.22
462	0.6
462.4	19.32
462.7	12.07
463.1	11.6
463.5	-2.91
463.8	20.73
464.2	4.34
464.5	-0.34
464.9	13.71
465.3	13.94
465.6	-11.57
466	-32.87
466.4	14.88
466.7	2.24
467.1	9.96
467.5	-21.17
467.8	-28.42
468.2	16.05
468.5	2
468.9	16.05
469.3	4.81
469.6	-4.32
470	-33.11
470.4	-8.3
470.7	9.73
471.1	-0.81
471.4	-23.04
471.8	-7.36
472.2	-1.98
472.5	28.22
472.9	-33.11
473.3	-2.68
473.6	-2.44
474	18.15
474.3	8.79
474.7	-11.57
475.1	1.3
475.4	21.43
475.8	-8.06
476.2	-23.28
476.5	0.36
476.9	19.56
477.2	-2.68
477.6	-23.98
478	-11.34
478.3	-9.47
478.7	8.32
479.1	-12.27
479.4	-8.3
479.8	24.94
480.1	-9.93
480.5	-17.89
480.9	12.3
481.2	-27.72
481.6	8.79
481.9	-12.27
482.3	-0.1
482.7	-14.38
483	5.05
483.4	15.81
483.8	-13.21
484.1	-0.34
484.5	-20.47
484.8	18.62
485.2	-8.76
485.6	9.02
485.9	2.24
486.3	-5.96
486.6	2.94
487	9.26
487.4	17.92
487.7	2
488.1	11.83
488.5	29.15
488.8	32.9
489.2	-1.51
489.5	-13.68
489.9	21.43
490.3	7.62
490.6	9.49
491	6.68
491.3	22.13
491.7	-22.34
492.1	7.85
492.4	13.24
492.8	9.26
493.1	-13.45
493.5	12.77
493.9	-2.44
494.2	25.41
494.6	4.34
494.9	3.17
495.3	5.75
495.7	2.7
496	-0.1
496.4	21.9
496.7	31.49
497.1	-6.66
497.5	11.13
497.8	7.15
498.2	31.03
498.5	-13.68
498.9	18.62
499.3	2.24
499.6	-4.32
500	29.15
500.3	53.49
500.7	16.98
501.1	16.98
501.4	-7.83
501.8	25.88
502.1	5.75
502.5	44.37
502.9	16.75
503.2	17.92
503.6	4.58
503.9	-4.79
504.3	24.24
504.7	48.11
505	31.03
505.4	17.68
505.7	25.64
506.1	57.01
506.5	0.36
506.8	41.56
507.2	52.56
507.5	44.6
507.9	63.79
508.2	34.07
508.6	40.15
509	44.13
509.3	56.07
509.7	25.17
510	42.49
510.4	40.86
510.8	9.02
511.1	72.92
511.5	60.05
511.8	37.58
512.2	52.56
512.6	71.75
512.9	62.86
513.3	59.35
513.6	49.28
514	39.45
514.3	71.05
514.7	76.43
515.1	32.43
515.4	71.52
515.8	80.18
516.1	44.13
516.5	90.47
516.9	80.18
517.2	91.64
517.6	53.26
517.9	92.82
518.3	95.16
518.6	77.37
519	61.22
519.4	57.24
519.7	63.09
520.1	79.01
520.4	75.03
520.8	76.67
521.1	59.81
521.5	94.69
521.9	87.43
522.2	92.35
522.6	84.62
522.9	83.45
523.3	102.41
523.6	70.35
524	69.18
524.4	77.84
524.7	111.77
525.1	96.09
525.4	94.69
525.8	81.11
526.2	97.26
526.5	116.92
526.9	97.26
527.2	80.41
527.6	89.77
527.9	100.54
528.3	66.6
528.6	90.47
529	94.69
529.4	86.96
529.7	129.8
530.1	101.01
530.4	103.58
530.8	120.67
531.1	119.73
531.5	118.33
531.9	66.84
532.2	124.65
532.6	119.5
532.9	115.99
533.3	126.99
533.6	132.6
534	134.94
534.4	314.7
534.7	143.14
535.1	108.5
535.4	128.63
535.8	128.16
536.1	118.33
536.5	115.99
536.8	170.76
537.2	139.16
537.6	96.33
537.9	90.94
538.3	115.52
538.6	134.71
539	126.99
539.3	138.69
539.7	120.9
540	102.88
540.4	120.43
540.8	117.39
541.1	300.19
541.5	142.67
541.8	153.2
542.2	114.82
542.5	137.52
542.9	134.48
543.2	145.24
543.6	115.75
544	135.88
544.3	119.97
544.7	160.22
545	131.9
545.4	146.18
545.7	148.99
546.1	127.92
546.4	135.18
546.8	115.05
547.2	142.43
547.5	125.35
547.9	133.54
548.2	155.07
548.6	149.46
548.9	143.84
549.3	149.92
549.6	127.46
550	150.63
550.3	139.16
550.7	145.95
551.1	129.8
551.4	151.33
551.8	138.22
552.1	136.82
552.5	145.48
552.8	149.92
553.2	130.5
553.5	126.75
553.9	152.5
554.2	134.01
554.6	123.24
554.9	148.05
555.3	162.33
555.7	145.95
556	142.43
556.4	134.01
556.7	145.01
557.1	127.69
557.4	142.2
557.8	144.07
558.1	131.2
558.5	131.2
558.8	148.05
559.2	141.97
559.5	148.05
559.9	146.41
560.3	148.05
560.6	150.86
561	150.86
561.3	123.01
561.7	123.01
562	116.92
562.4	121.84
562.7	137.52
563.1	143.14
563.4	141.5
563.8	155.78
564.1	156.01
564.5	108.73
564.8	141.26
565.2	144.78
565.5	141.73
565.9	145.24
566.3	163.73
566.6	129.56
567	142.9
567.3	155.31
567.7	132.84
568	158.12
568.4	122.54
568.7	112.24
569.1	93.75
569.4	136.58
569.8	122.07
570.1	137.29
570.5	123.48
570.8	150.39
571.2	128.39
571.5	107.33
571.9	98.9
572.2	119.26
572.6	119.5
572.9	137.05
573.3	149.46
573.6	126.05
574	125.82
574.4	140.33
574.7	112.94
575.1	132.6
575.4	113.18
575.8	141.97
576.1	149.69
576.5	109.67
576.8	140.33
577.2	131.67
577.5	106.62
577.9	277.95
578.2	139.63
578.6	114.58
578.9	139.63
579.3	141.97
579.6	127.69
580	103.58
580.3	122.54
580.7	122.31
581	100.54
581.4	113.88
581.7	103.11
582.1	116.22
582.4	123.48
582.8	119.26
583.1	114.82
583.5	122.77
583.8	106.86
584.2	110.14
584.5	135.41
584.9	110.6
585.2	117.16
585.6	141.97
585.9	122.31
586.3	105.69
586.6	81.35
587	129.33
587.3	148.52
587.7	123.94
588	128.86
588.4	110.37
588.7	132.6
589.1	146.88
589.4	117.62
589.8	136.12
590.1	84.16
590.5	118.33
590.8	121.37
591.2	126.28
591.5	123.48
591.9	93.75
592.2	114.82
592.6	121.37
592.9	94.22
593.3	63.56
593.6	91.64
594	110.14
594.3	102.65
594.7	121.6
595	115.75
595.4	93.99
595.7	84.62
596.1	95.16
596.4	119.73
596.8	148.05
597.1	114.11
597.5	100.54
597.8	100.77
598.2	121.6
598.5	102.41
598.9	79.71
599.2	97.5
599.6	83.92
599.9	123.48
600.3	117.62
600.6	112.71
601	132.6
601.3	96.79
601.7	91.41
602	108.73
602.4	99.13
602.7	79.47
603.1	102.41
603.4	117.62
603.8	85.09
604.1	95.16
604.5	90.94
604.8	104.75
605.1	80.88
605.5	116.45
605.8	91.88
606.2	75.96
606.5	95.16
606.9	102.18
607.2	79.71
607.6	93.28
607.9	79.24
608.3	94.92
608.6	75.96
609	72.22
609.3	90.24
609.7	69.88
610	101.48
610.4	93.75
610.7	79.47
611.1	79.94
611.4	99.37
611.8	66.6
612.1	76.2
612.5	64.49
612.8	41.56
613.1	67.07
613.5	81.58
613.8	72.22
614.2	79.24
614.5	73.15
614.9	77.84
615.2	81.11
615.6	65.2
615.9	103.58
616.3	62.62
616.6	84.16
617	89.3
617.3	84.62
617.7	60.52
618	90.47
618.3	81.35
618.7	91.64
619	86.5
619.4	92.35
619.7	86.96
620.1	83.45
620.4	34.77
620.8	80.88
621.1	75.73
621.5	56.07
621.8	88.6
622.2	88.6
622.5	76.2
622.8	86.5
623.2	58.18
623.5	41.32
623.9	79.24
624.2	51.15
624.6	72.22
624.9	75.26
625.3	77.6
625.6	68.71
626	69.64
626.3	71.98
626.7	59.11
627	78.54
627.3	86.26
627.7	64.26
628	54.9
628.4	53.96
628.7	60.98
629.1	39.45
629.4	79.71
629.8	61.45
630.1	72.92
630.5	52.32
630.8	34.77
631.1	77.84
631.5	62.86
631.8	51.15
632.2	60.28
632.5	38.28
632.9	67.07
633.2	56.77
633.6	71.75
633.9	80.41
634.2	61.69
634.6	28.68
634.9	53.73
635.3	78.07
635.6	66.13
636	42.03
636.3	20.26
636.7	55.83
637	70.11
637.3	36.41
637.7	48.58
638	35.94
638.4	77.37
638.7	65.9
639.1	54.43
639.4	75.5
639.8	55.37
640.1	59.35
640.4	76.2
640.8	42.26
641.1	76.43
641.5	30.56
641.8	36.41
642.2	29.62
642.5	28.22
642.8	28.92
643.2	60.98
643.5	30.56
643.9	28.45
644.2	48.58
644.6	40.15
644.9	39.69
645.3	81.11
645.6	78.77
645.9	46.47
646.3	39.22
646.6	72.92
647	57.01
647.3	32.43
647.7	44.6
648	27.28
648.3	8.09
648.7	18.85
649	50.22
649.4	34.54
649.7	39.69
650.1	40.39
650.4	51.39
650.7	45.07
651.1	32.9
651.4	26.34
651.8	33.83
652.1	46
652.4	5.98
652.8	20.73
653.1	64.49
653.5	39.45
653.8	51.15
654.2	40.86
654.5	69.64
654.8	27.51
655.2	17.45
655.5	52.79
655.9	37.58
656.2	9.96
656.6	51.39
656.9	46.94
657.2	34.54
657.6	25.41
657.9	38.51
658.3	39.45
658.6	14.64
658.9	55.6
659.3	61.92
659.6	27.28
660	58.88
660.3	29.15
660.7	32.9
661	29.15
661.3	38.98
661.7	29.39
662	49.75
662.4	12.77
662.7	8.79
663	30.79
663.4	23.77
663.7	-31.47
664.1	17.22
664.4	30.79
664.7	16.51
665.1	37.11
665.4	31.03
665.8	30.56
666.1	24.71
666.4	27.05
666.8	20.96
667.1	26.11
667.5	18.85
667.8	17.92
668.1	35.47
668.5	17.22
668.8	16.05
669.2	25.64
669.5	30.79
669.8	57.01
670.2	21.9
670.5	-12.51
670.9	-1.04
671.2	25.17
671.5	21.43
671.9	-1.98
672.2	41.79
672.6	55.83
672.9	24.71
673.2	21.19
673.6	4.11
673.9	41.09
674.3	3.87
674.6	24.71
674.9	27.28
675.3	56.54
675.6	33.37
676	102.65
676.3	41.09
676.6	19.09
677	38.51
677.3	8.09
677.7	-12.51
678	9.73
678.3	19.79
678.7	17.92
679	26.34
679.4	-4.79
679.7	21.43
680	32.43
680.4	6.22
680.7	13
681	47.17
681.4	17.68
681.7	4.81
682.1	27.51
682.4	3.64
682.7	0.36
683.1	0.83
683.4	45.3
683.8	53.26
684.1	12.77
684.4	-5.25
684.8	15.58
685.1	14.64
685.4	8.79
685.8	29.85
686.1	76.9
686.5	32.43
686.8	9.26
687.1	38.98
687.5	-7.36
687.8	27.75
688.1	28.68
688.5	5.75
688.8	5.05
689.2	-8.06
689.5	12.77
689.8	-210.52
690.2	9.73
690.5	-0.81
690.8	16.28
691.2	46.94
691.5	9.49
691.9	16.28
692.2	13.94
692.5	17.22
692.9	-1.04
693.2	-6.89
693.5	11.13
693.9	-2.44
694.2	6.92
694.6	18.15
694.9	7.15
695.2	1.3
695.6	27.28
695.9	-29.83
696.2	2
696.6	2.94
696.9	27.98
697.2	3.87
697.6	52.79
697.9	-3.61
698.3	13.71
698.6	-4.32
698.9	-5.25
699.3	3.64
699.6	-12.98
699.9	15.11
700.3	0.6
700.6	-9
700.9	-11.1
701.3	-13.45
701.6	-11.57
702	-4.32
702.3	37.11
702.6	7.15
703	-10.64
703.3	8.56
703.6	22.83
704	-5.25
704.3	2.47
704.6	-19.3
705	10.9
705.3	-19.53
705.6	13.24
706	1.3
706.3	-14.15
706.6	-8.3
707	-9.93
707.3	14.88
707.7	10.66
708	28.45
708.3	-10.17
708.7	21.66
709	16.05
709.3	5.51
709.7	0.6
710	1.53
710.3	-31.47
710.7	8.79
711	9.02
711.3	-2.68
711.7	13.47
712	5.75
712.3	-13.68
712.7	17.68
713	21.9
713.3	-9.93
713.7	1.77
714	18.15
714.3	27.05
714.7	22.37
715	-9.47
715.3	2.24
715.7	7.85
716	50.92
716.3	24.47
716.7	9.73
717	2.7
717.3	23.3
717.7	7.85
718	-6.66
718.4	14.64
718.7	28.45
719	-3.61
719.4	14.17
719.7	4.58
720	2
720.4	-18.36
720.7	19.79
721	-11.1
721.3	-4.32
721.7	23.07
722	-4.32
722.3	-11.34
722.7	1.77
723	-2.68
723.3	-5.96
723.7	-2.44
724	8.32
724.3	-2.68
724.7	17.45
725	11.13
725.3	1.53
725.7	33.6
726	2.24
726.3	19.79
726.7	17.68
727	53.03
727.3	-14.62
727.7	-29.83
728	6.22
728.3	-34.28
728.7	34.77
729	-9
729.3	10.19
729.7	1.3
730	11.83
730.3	-3.85
730.7	6.92
731	-20.7
731.3	-1.51
731.7	2
732	1.77
732.3	-10.17
732.6	-12.04
733	-3.38
733.3	-12.04
733.6	-12.27
734	-11.1
734.3	-4.79
734.6	-9.93
735	10.66
735.3	-14.15
735.6	-5.72
736	0.13
736.3	-7.83
736.6	-4.55
737	13.24
737.3	7.85
737.6	15.58
737.9	-15.32
738.3	20.26
738.6	-41.3
738.9	7.85
739.3	-12.74
739.6	19.79
739.9	-0.1
740.3	19.56
740.6	-16.96
740.9	4.58
741.2	-17.66
741.6	20.02
741.9	-6.19
742.2	-27.72
742.6	-1.51
742.9	13.24
743.2	-10.87
743.6	-31.23
743.9	13.47
744.2	0.36
744.6	16.98
744.9	13.47
745.2	-46.91
745.5	-21.4
745.9	-2.44
746.2	9.49
746.5	17.68
746.9	12.53
747.2	-5.49
747.5	-49.02
747.8	-22.34
748.2	-7.13
748.5	34.3
748.8	-6.66
749.2	4.58
749.5	22.37
749.8	19.32
750.1	26.81
750.5	-10.64
750.8	-5.49
751.1	-6.19
751.5	6.92
751.8	-4.79
752.1	2.47
752.5	-17.89
752.8	-3.15
753.1	-30.53
753.4	22.83
753.8	-10.64
754.1	7.15
754.4	19.79
754.7	-16.72
755.1	-7.36
755.4	-20
755.7	-10.64
756.1	18.15
756.4	26.34
756.7	7.39
757	-6.42
757.4	-13.68
757.7	8.09
758	23.07
758.4	17.45
758.7	16.28
759	12.07
759.3	-7.83
759.7	8.09
760	19.32
760.3	40.86
760.7	-2.91
761	14.41
761.3	1.77
761.6	18.15
762	-26.79
762.3	9.02
762.6	5.98
762.9	28.22
763.3	-26.08
763.6	16.75
763.9	-8.06
764.2	-2.91
764.6	-16.02
764.9	-18.13
765.2	13
765.6	16.05
765.9	16.98
766.2	-17.19
766.5	-1.51
766.9	-6.42
767.2	-3.61
767.5	1.07
767.8	0.83
768.2	-7.13
768.5	-10.4
768.8	-14.85
769.1	21.66
769.5	-21.64
769.8	-5.72
770.1	-11.81
770.5	-4.55
770.8	-30.3
771.1	9.96
771.4	1.3
771.8	2.94
772.1	8.56
772.4	6.68
772.7	-3.61
773.1	-15.32
773.4	2.47
773.7	-0.81
774	-28.19
774.4	-20.23
774.7	-9.47
775	-15.08
775.3	-26.55
775.7	14.17
776	-24.91
776.3	-0.34
776.6	1.3
777	-26.79
777.3	8.79
777.6	16.98
777.9	-3.38
778.3	-0.57
778.6	4.34
778.9	-8.3
779.2	-3.38
779.6	-11.81
779.9	1.53
780.2	22.37
780.5	9.73
780.9	-5.49
781.2	-4.55
781.5	-4.55
781.8	-1.04
782.2	8.09
782.5	-10.87
782.8	7.15
783.1	-4.32
783.4	6.68
783.8	-12.98
784.1	6.45
784.4	36.41
784.7	-5.72
785.1	-0.1
785.4	-23.98
785.7	-7.83
786	16.51
786.4	-14.15
786.7	-4.08
787	-8.53
787.3	-2.91
787.7	-0.81
788	8.56
788.3	14.41
788.6	5.51
788.9	0.83
789.3	-22.57
789.6	-7.13
789.9	2.7
790.2	20.73
790.6	-6.19
790.9	-4.32
791.2	-0.1
791.5	-6.89
791.9	7.39
792.2	10.43
792.5	7.62
792.8	15.81
793.1	8.56
793.5	-21.64
793.8	-1.74
794.1	-12.98
794.4	-24.21
794.8	-0.34
795.1	30.09
795.4	-20.47
795.7	-31.94
796	13.71
796.4	11.36
796.7	5.75
797	6.92
797.3	-7.13
797.7	-6.42
798	-5.49
798.3	12.3
798.6	-5.02
798.9	-30.53
799.3	3.87
799.6	20.26
799.9	-15.79
800.2	10.9
800.5	-16.25
800.9	0.83
801.2	-9
801.5	9.26
801.8	4.58
802.2	2.47
802.5	-12.27
802.8	12.53
803.1	3.64
803.4	1.53
803.8	3.17
804.1	3.17
804.4	15.58
804.7	12.07
805	-6.42
805.4	-14.62
805.7	-22.11
806	16.98
806.3	6.45
806.6	0.36
807	10.66
807.3	-3.61
807.6	32.9
807.9	-0.1
808.2	-6.89
808.6	4.58
808.9	11.6
809.2	14.17
809.5	-17.19
809.8	-15.55
810.2	3.41
810.5	-11.34
810.8	-6.66
811.1	-12.51
811.4	3.64
811.8	-1.98
812.1	-14.15
812.4	-25.85
812.7	-14.15
813	-38.49
813.4	-16.96
813.7	6.22
814	6.45
814.3	-18.13
814.6	24
815	15.81
815.3	-23.51
815.6	-15.55
815.9	-12.04
816.2	12.07
816.5	15.58
816.9	6.45
817.2	16.98
817.5	-11.34
817.8	2.47
818.1	6.92
818.5	-6.19
818.8	3.87
819.1	-5.25
819.4	-10.64
819.7	11.83
820.1	-1.51
820.4	-5.72
820.7	20.02
821	29.39
821.3	-31
821.6	-15.55
822	-34.28
822.3	-24.21
822.6	-27.49
822.9	2.24
823.2	12.77
823.5	1.53
823.9	-9.7
824.2	-7.59
824.5	11.13
824.8	2
825.1	-1.51
825.5	2.24
825.8	-6.42
826.1	16.98
826.4	8.32
826.7	40.39
827	4.11
827.4	0.6
827.7	-19.53
828	-19.76
828.3	6.92
828.6	-20
828.9	-22.81
829.3	5.05
829.6	-19.3
829.9	-22.57
830.2	-6.42
830.5	-20.7
830.8	-11.34
831.2	2.94
831.5	18.39
831.8	-15.08
832.1	-19.53
832.4	-1.04
832.7	-5.25
833.1	4.11
833.4	17.45
833.7	-16.25
834	20.26
834.3	-8.53
834.6	-6.19
835	5.98
835.3	1.07
835.6	1.3
835.9	11.36
836.2	-11.34
836.5	-12.27
836.8	-25.62
837.2	2.47
837.5	-0.81
837.8	-3.15
838.1	17.68
838.4	4.34
838.7	-22.34
839.1	7.62
839.4	26.58
839.7	9.26
840	0.83
840.3	1.77
840.6	-276.05
840.9	-21.64
841.3	-35.21
841.6	7.39
841.9	-13.68
842.2	30.79
842.5	-6.42
842.8	-16.25
843.1	25.41
843.5	-13.68
843.8	0.36
844.1	1.53
844.4	-18.13
844.7	17.22
845	3.87
845.3	-13.68
845.7	-14.62
846	-40.6
846.3	-13.45
846.6	5.05
846.9	20.26
847.2	-11.57
847.5	-13.91
847.9	3.41
848.2	13.94
848.5	4.81
848.8	-5.02
849.1	-9.23
849.4	5.51
849.7	14.41
850	-14.62
850.4	-3.15
850.7	-26.32
851	18.62
851.3	-0.1
851.6	10.43
851.9	-17.19
852.2	-13.91
852.5	-4.55
852.9	22.13
853.2	3.41
853.5	-46.45
853.8	17.22
854.1	13
854.4	-13.91
854.7	21.19
855.1	-6.66
855.4	1.53
855.7	-12.74
856	13.71
856.3	-10.4
856.6	14.41
856.9	25.41
857.2	-6.42
857.5	-25.62
857.9	-6.66
858.2	-31.47
858.5	-14.38
858.8	-47.15
859.1	-40.36
859.4	-0.81
859.7	4.81
860	-9
860.4	4.11
860.7	-4.79
861	-5.49
861.3	-1.04
861.6	16.28
861.9	10.43
862.2	-2.21
862.5	9.02
862.8	-3.38
863.2	2.24
863.5	-8.3
863.8	20.73
864.1	-0.34
864.4	12.77
864.7	0.83
865	9.96
865.3	1.3
865.6	0.83
866	-8.53
866.3	15.58
866.6	-24.91
866.9	1.53
867.2	-14.15
867.5	0.83
867.8	4.58
868.1	-8.06
868.4	6.45
868.7	-19.53
869.1	11.83
869.4	2.24
869.7	5.98
870	-3.85
870.3	7.62
870.6	-8.53
870.9	-12.74
871.2	-23.98
871.5	1.3
871.8	-6.66
872.1	-18.13
872.5	7.39
872.8	-5.25
873.1	11.6
873.4	-4.32
873.7	-18.59
874	31.49
874.3	-12.04
874.6	-12.74
874.9	5.28
875.2	21.66
875.6	1.53
875.9	-32.17
876.2	8.79
876.5	20.02
876.8	14.64
877.1	-7.59
877.4	9.02
877.7	-1.04
878	5.98
878.3	24
878.6	-7.59
878.9	-1.74
879.3	-24.91
879.6	19.56
879.9	17.45
880.2	-15.32
880.5	-9.93
880.8	14.88
881.1	-14.38
881.4	-26.79
881.7	7.85
882	12.77
882.3	3.41
882.6	0.13
882.9	-29.13
883.3	-15.79
883.6	-0.57
883.9	13.71
884.2	-18.83
884.5	3.41
884.8	-4.32
885.1	-16.96
885.4	-9
885.7	-14.62
886	-9.23
886.3	-19.76
886.6	-23.28
886.9	13.71
887.2	-4.79
887.6	2.7
887.9	11.6
888.2	-8.76
888.5	-19.53
888.8	25.64
889.1	13.24
889.4	19.79
889.7	13.47
890	-11.1
890.3	6.45
890.6	8.09
890.9	-12.27
891.2	17.92
891.5	8.09
891.8	7.85
892.1	-11.1
892.5	28.22
892.8	20.26
893.1	-15.79
893.4	-25.15
893.7	17.92
894	-0.1
894.3	2.47
894.6	7.15
894.9	-32.87
895.2	-5.72
895.5	-32.17
895.8	0.13
896.1	32.2
896.4	12.53
896.7	-35.68
897	-24.21
897.3	-14.62
897.6	-2.44
897.9	46.24
898.3	-8.06
898.6	-3.38
898.9	-3.61
899.2	13
899.5	4.34
899.8	12.07
900.1	-6.89
900.4	4.11
900.7	-2.21
901	-12.27
901.3	5.28
901.6	-11.57
901.9	-3.61
902.2	3.64
902.5	2.47
902.8	-12.51
903.1	-12.51
903.4	-9.47
903.7	-15.79
904	3.41
904.3	7.39
904.6	-13.68
904.9	-17.66
905.2	16.28
905.6	-28.66
905.9	-30.53
906.2	-3.85
906.5	22.13
906.8	-25.15
907.1	-38.96
907.4	-5.25
907.7	-5.25
908	-15.08
908.3	-21.4
908.6	21.66
908.9	-28.19
909.2	-24.91
909.5	14.41
909.8	-6.19
910.1	3.87
910.4	-27.96
910.7	27.28
911	8.32
911.3	-4.32
911.6	-8.06
911.9	11.6
912.2	-20.7
912.5	-2.68
912.8	0.36
913.1	8.56
913.4	-14.85
913.7	3.41
914	9.49
914.3	-5.02
914.6	9.26
914.9	-12.74
915.2	-1.27
915.5	13.71
915.8	-19.53
916.1	-24.91
916.4	-2.68
916.7	-4.32
917	-18.13
917.3	21.9
917.6	14.88
917.9	25.41
918.2	-15.08
918.5	-1.74
918.8	-29.13
919.1	-35.45
919.5	13.71
919.8	9.73
920.1	-7.36
920.4	-14.15
920.7	0.13
921	12.53
921.3	25.17
921.6	-20.7
921.9	11.36
922.2	25.17
922.5	20.02
922.8	-29.13
923.1	-0.1
923.4	-30.77
923.7	2.94
924	-0.34
924.3	-19.06
924.6	4.34
924.9	-5.96
925.2	1.77
925.5	-11.57
925.8	-3.61
926.1	2
926.4	10.19
926.7	-9
927	-13.21
927.3	2.7
927.6	-5.25
927.9	-1.51
928.2	-14.62
928.4	-16.72
928.7	-6.66
929	24
929.3	11.83
929.6	11.83
929.9	-6.42
930.2	-15.08
930.5	-16.25
930.8	-15.08
931.1	9.02
931.4	4.34
931.7	-8.53
932	-24.21
932.3	-34.04
932.6	8.56
932.9	27.75
933.2	8.32
933.5	-11.81
933.8	13.24
934.1	0.36
934.4	0.13
934.7	13.71
935	13.71
935.3	-9.23
935.6	2.47
935.9	13.47
936.2	12.07
936.5	-2.91
936.8	-12.51
937.1	9.96
937.4	-8.3
937.7	-1.51
938	9.26
938.3	-16.96
938.6	-40.83
938.9	-23.98
939.2	-4.79
939.5	-7.13
939.8	-5.25
940.1	-5.25
940.4	-24.21
940.7	-29.13
941	6.92
941.3	17.68
941.6	-0.57
941.9	-5.25
942.2	-2.21
942.4	-6.89
942.7	-1.27
943	-9
943.3	14.88
943.6	19.32
943.9	6.92
944.2	13.94
944.5	-4.79
944.8	-13.68
945.1	4.58
945.4	-2.44
945.7	0.36
946	-2.68
946.3	-1.74
946.6	17.45
946.9	-3.85
947.2	-2.21
947.5	-7.36
947.8	-3.85
948.1	-24.91
948.4	-2.91
948.7	-26.08
949	-15.32
949.2	-6.19
949.5	-4.32
949.8	37.81
950.1	-15.55
950.4	-16.25
950.7	-24.21
951	-10.64
951.3	-6.89
951.6	-3.61
951.9	-5.49
952.2	4.58
952.5	-4.79
952.8	-6.19
953.1	2.24
953.4	16.51
953.7	11.83
954	10.9
954.3	-45.74
954.6	-8.06
954.8	-37.08
955.1	-13.21
955.4	-2.91
955.7	14.41
956	-12.98
956.3	3.17
956.6	-14.38
956.9	4.81
957.2	-17.66
957.5	-8.06
957.8	13.47
958.1	10.43
958.4	5.98
958.7	-16.49
959	2.7
959.2	-22.81
959.5	0.13
959.8	-25.85
960.1	-4.32
960.4	-16.49
960.7	15.34
961	-6.89
961.3	-12.98
961.6	31.49
961.9	-2.68
962.2	44.83
962.5	7.62
962.8	-14.15
963.1	5.98
963.3	11.83
963.6	8.09
963.9	-13.45
964.2	18.62
964.5	19.79
964.8	7.39
965.1	-8.06
965.4	6.68
965.7	-9.93
966	-10.17
966.3	22.13
966.6	9.02
966.9	0.13
967.1	11.83
967.4	19.09
967.7	-15.32
968	11.6
968.3	2.47
968.6	3.64
968.9	11.13
969.2	-33.57
969.5	9.49
969.8	-5.25
970.1	-7.83
970.3	-26.55
970.6	13
970.9	8.32
971.2	-16.96
971.5	7.62
971.8	-2.21
972.1	-8.53
972.4	-3.15
972.7	-11.1
973	-6.42
973.3	-16.72
973.5	-1.98
973.8	12.3
974.1	-6.42
974.4	-0.57
974.7	2.7
975	-12.04
975.3	-0.81
975.6	-19.76
975.9	-1.51
976.2	23.54
976.4	-15.55
976.7	-9
977	-14.15
977.3	-21.87
977.6	-0.81
977.9	-5.02
978.2	6.22
978.5	-8.53
978.8	25.88
979	10.43
979.3	5.05
979.6	-5.25
979.9	-1.27
980.2	-23.74
980.5	14.64
980.8	16.98
981.1	3.64
981.4	8.32
981.6	-13.21
981.9	-19.76
982.2	31.96
982.5	14.17
982.8	5.51
983.1	-25.15
983.4	7.39
983.7	-9.47
984	8.79
984.2	1.77
984.5	8.79
984.8	16.75
985.1	-8.76
985.4	0.13
985.7	-3.61
986	2.47
986.3	13.24
986.5	14.64
986.8	-1.51
987.1	9.26
987.4	-6.89
987.7	3.87
988	-28.19
988.3	-0.34
988.6	-12.51
988.8	0.13
989.1	-21.87
989.4	1.77
989.7	31.03
990	10.66
990.3	25.17
990.6	17.45
990.9	-19.06
991.1	3.17
991.4	-2.44
991.7	1.77
992	-1.27
992.3	-2.91
992.6	11.6
992.9	9.02
993.1	-27.25
993.4	-0.81
993.7	0.83
994	-3.38
994.3	0.6
994.6	-14.15
994.9	5.51
995.1	-8.76
995.4	-33.11
995.7	16.98
996	-14.38
996.3	11.6
996.6	3.64
996.9	-19.53
997.1	-17.89
997.4	6.45
997.7	-26.79
998	-20.7
998.3	1.53
998.6	-31.23
998.9	13.71
999.1	-15.32
999.4	-31
999.7	-4.55
1000	-8.3
1000.3	39.69
1000.6	-30.3
1000.8	-31
1001.1	34.54
1001.4	24
1001.7	-17.42
1002	-16.25
1002.3	-12.74
1002.6	2.7
1002.8	6.92
1003.1	-8.06
1003.4	-8.06
1003.7	-26.32
1004	8.79
1004.3	-21.17
1004.5	-13.45
1004.8	-20.7
1005.1	-10.17
1005.4	-19.3
1005.7	-3.61
1006	-8.06
1006.2	-1.51
1006.5	5.28
1006.8	-1.51
1007.1	-11.81
1007.4	22.13
1007.7	-2.21
1007.9	0.6
1008.2	-13.21
1008.5	6.45
1008.8	12.53
1009.1	-43.64
1009.4	-19.3
1009.6	-12.74
1009.9	-20.47
1010.2	14.64
1010.5	1.53
1010.8	11.36
1011.1	11.13
1011.3	-23.28
1011.6	-9.7
1011.9	1.53
1012.2	1.3
1012.5	1.77
1012.7	8.09
1013	-19.53
1013.3	-2.91
1013.6	-9.23
1013.9	-17.19
1014.2	-30.3
1014.4	14.41
1014.7	6.22
1015	-13.45
1015.3	-3.61
1015.6	0.6
1015.8	3.17
1016.1	7.15
1016.4	-20
1016.7	11.13
1017	-10.17
1017.2	-14.38
1017.5	-8.76
1017.8	-3.15
1018.1	-13.91
1018.4	-3.85
1018.7	-11.34
1018.9	-14.62
1019.2	-3.15
1019.5	12.53
1019.8	9.73
1020.1	3.87
1020.3	-24.21
1020.6	-24.45
1020.9	-24.45
1021.2	-24.45
