340.2	-8.27
340.6	-8.27
340.9	-8.27
341.3	-2.18
341.7	18.41
342.1	11.16
342.4	-19.5
342.8	-1.95
343.2	-7.33
343.6	-5.23
343.9	-17.87
344.3	1.56
344.7	-2.65
345.1	24.03
345.4	9.75
345.8	14.43
346.2	-50.63
346.6	52.82
346.9	1.33
347.3	1.56
347.7	22.39
348	-14.36
348.4	29.18
348.8	17.48
349.2	-10.61
349.5	-31.68
349.9	-38.23
350.3	-12.01
350.7	12.33
351	-6.4
351.4	-27.23
351.8	-28.87
352.2	-1.48
352.5	-14.82
352.9	15.84
353.3	-1.95
353.6	5.31
354	35.5
354.4	11.62
354.8	-4.76
355.1	14.43
355.5	9.05
355.9	9.75
356.3	24.73
356.6	-20.91
357	-2.42
357.4	16.31
357.8	21.69
358.1	-14.12
358.5	2.5
358.9	-26.76
359.2	17.24
359.6	9.52
360	-1.95
360.4	12.09
360.7	3.2
361.1	5.07
361.5	-4.99
361.9	15.84
362.2	-8.27
362.6	-11.31
363	-23.25
363.3	2.03
363.7	2.03
364.1	17.71
364.5	-0.78
364.8	-9.21
365.2	15.6
365.6	-3.59
366	16.31
366.3	12.56
366.7	-17.16
367.1	-8.74
367.4	-6.4
367.8	0.62
368.2	-19.27
368.6	0.16
368.9	8.11
369.3	-12.01
369.7	0.62
370	13.73
370.4	-0.55
370.8	16.31
371.2	2.73
371.5	-11.31
371.9	-8.97
372.3	-3.82
372.6	12.79
373	31.75
373.4	40.18
373.8	-17.87
374.1	3.9
374.5	-8.27
374.9	12.33
375.2	9.75
375.6	27.54
376	16.54
376.4	-15.06
376.7	-10.38
377.1	-20.67
377.5	-10.38
377.8	-8.04
378.2	7.41
378.6	2.96
379	15.84
379.3	-15.76
379.7	11.86
380.1	3.43
380.4	11.16
380.8	-35.89
381.2	6.48
381.6	-5.46
381.9	-7.57
382.3	20.05
382.7	0.39
383	-13.65
383.4	4.37
383.8	4.13
384.2	13.97
384.5	1.09
384.9	10.92
385.3	12.56
385.6	6.01
386	12.09
386.4	8.82
386.7	13.03
387.1	14.67
387.5	5.07
387.9	16.31
388.2	1.79
388.6	-27.23
389	7.41
389.3	5.07
389.7	-13.42
390.1	1.09
390.5	28.48
390.8	-3.59
391.2	-1.48
391.6	-13.19
391.9	-7.1
392.3	14.43
392.7	16.77
393	-5.93
393.4	-6.87
393.8	18.65
394.2	7.65
394.5	-4.29
394.9	16.31
395.3	-8.97
395.6	13.73
396	-23.72
396.4	11.62
396.7	-0.55
397.1	-10.84
397.5	8.35
397.8	-3.12
398.2	-4.53
398.6	15.37
399	-9.67
399.3	4.84
399.7	-13.42
400.1	4.37
400.4	9.28
400.8	3.43
401.2	8.82
401.5	-17.87
401.9	5.31
402.3	-11.31
402.7	-12.01
403	-8.27
403.4	4.84
403.8	0.62
404.1	-14.12
404.5	18.41
404.9	0.16
405.2	-30.5
405.6	-1.95
406	-14.59
406.3	18.41
406.7	21.92
407.1	-4.53
407.4	20.75
407.8	19.11
408.2	21.69
408.6	-16.93
408.9	2.96
409.3	0.86
409.7	0.16
410	-8.27
410.4	-31.21
410.8	21.92
411.1	14.67
411.5	-12.72
411.9	132.16
412.2	9.05
412.6	1.09
413	-14.82
413.3	-6.4
413.7	-11.08
414.1	-11.08
414.4	-33.31
414.8	4.13
415.2	-8.5
415.5	-21.38
415.9	19.35
416.3	11.16
416.7	4.84
417	1.56
417.4	-19.27
417.8	24.5
418.1	34.33
418.5	-7.8
418.9	8.35
419.2	46.73
419.6	-17.87
420	4.84
420.3	0.39
420.7	8.35
421.1	8.35
421.4	-24.42
421.8	-3.82
422.2	15.6
422.5	9.28
422.9	7.88
423.3	-16.23
423.6	5.54
424	98.46
424.4	86.05
424.7	17.48
425.1	8.11
425.5	-10.61
425.8	13.97
426.2	-8.97
426.6	-11.31
426.9	-4.99
427.3	4.37
427.7	20.99
428	8.58
428.4	-6.63
428.8	14.43
429.1	5.54
429.5	-14.36
429.9	-11.08
430.2	-10.61
430.6	0.86
431	-33.78
431.3	4.13
431.7	7.41
432.1	-10.61
432.4	6.01
432.8	13.73
433.2	-0.08
433.5	4.84
433.9	0.86
434.3	-14.12
434.6	-3.35
435	-0.08
435.4	-24.65
435.7	26.6
436.1	15.14
436.5	8.58
436.8	-14.36
437.2	14.43
437.6	-12.48
437.9	-30.5
438.3	-12.72
438.7	16.31
439	13.73
439.4	13.97
439.8	-3.82
440.1	5.07
440.5	13.26
440.9	0.16
441.2	5.54
441.6	0.86
442	20.28
442.3	-17.87
442.7	-4.29
443.1	12.33
443.4	6.48
443.8	-3.82
444.1	1.33
444.5	29.65
444.9	3.67
445.2	2.03
445.6	7.41
446	-5.46
446.3	-14.82
446.7	-22.78
447.1	-17.87
447.4	-10.84
447.8	9.75
448.2	-0.55
448.5	9.99
448.9	-4.76
449.3	19.58
449.6	18.18
450	0.16
450.4	5.31
450.7	-6.4
451.1	-12.72
451.4	1.09
451.8	17.01
452.2	-14.12
452.5	-16.93
452.9	3.9
453.3	4.13
453.6	-1.95
454	-8.27
454.4	-20.91
454.7	-6.16
455.1	-23.95
455.5	21.45
455.8	-28.16
456.2	-16.46
456.5	-22.08
456.9	18.88
457.3	1.09
457.6	16.07
458	-12.01
458.4	-8.97
458.7	1.09
459.1	-16.7
459.5	-5.23
459.8	1.09
460.2	-13.89
460.5	-19.74
460.9	-1.48
461.3	30.58
461.6	-8.97
462	5.77
462.4	-7.8
462.7	45.09
463.1	14.43
463.5	-0.08
463.8	16.77
464.2	9.99
464.5	-2.42
464.9	8.58
465.3	28.94
465.6	-0.55
466	-16.7
466.4	-22.78
466.7	1.56
467.1	17.94
467.5	-3.12
467.8	-18.8
468.2	14.2
468.5	1.09
468.9	3.43
469.3	-4.53
469.6	11.62
470	-12.25
470.4	-11.78
470.7	-13.65
471.1	11.16
471.4	-8.27
471.8	-28.63
472.2	9.28
472.5	26.37
472.9	-21.14
473.3	2.26
473.6	-3.59
474	13.26
474.3	-1.25
474.7	-16.46
475.1	-9.91
475.4	22.16
475.8	8.11
476.2	-26.06
476.5	6.48
476.9	-10.61
477.2	-10.38
477.6	4.6
478	-3.35
478.3	12.33
478.7	1.33
479.1	-23.72
479.4	-12.72
479.8	14.9
480.1	-12.72
480.5	6.94
480.9	-2.18
481.2	-43.61
481.6	15.84
481.9	-4.06
482.3	1.56
482.7	105.95
483	-5.7
483.4	6.48
483.8	-15.06
484.1	11.62
484.5	6.24
484.8	21.45
485.2	12.56
485.6	9.52
485.9	31.52
486.3	-1.95
486.6	6.94
487	14.9
487.4	25.9
487.7	16.77
488.1	20.52
488.5	14.67
488.8	20.05
489.2	-8.27
489.5	-20.21
489.9	14.9
490.3	10.45
490.6	-14.59
491	1.09
491.3	8.11
491.7	-38.93
492.1	2.73
492.4	1.09
492.8	-5.7
493.1	8.58
493.5	13.97
493.9	-7.33
494.2	25.9
494.6	-8.97
494.9	-18.33
495.3	-14.36
495.7	5.07
496	-4.76
496.4	8.58
496.7	-12.95
497.1	0.16
497.5	0.39
497.8	21.45
498.2	15.37
498.5	-41.51
498.9	14.67
499.3	-15.06
499.6	-19.97
500	20.75
500.3	17.24
500.7	2.96
501.1	1.79
501.4	-26.76
501.8	-2.65
502.1	-25.82
502.5	3.2
502.9	-30.5
503.2	-5.7
503.6	-4.53
503.9	-39.87
504.3	-26.53
504.7	-12.25
505	-5.23
505.4	0.39
505.7	13.97
506.1	28.24
506.5	-19.97
506.8	-8.74
507.2	-9.91
507.5	22.39
507.9	-2.18
508.2	-7.1
508.6	-9.44
509	22.63
509.3	23.33
509.7	-4.06
510	3.67
510.4	14.43
510.8	-11.78
511.1	-5.23
511.5	6.71
511.8	7.18
512.2	-7.1
512.6	2.73
512.9	-2.42
513.3	-13.19
513.6	14.9
514	-18.1
514.3	6.01
514.7	14.67
515.1	-12.25
515.4	4.37
515.8	-8.27
516.1	-21.85
516.5	3.43
516.9	10.45
517.2	-9.67
517.6	9.52
517.9	9.52
518.3	-6.63
518.6	0.39
519	6.48
519.4	-9.44
519.7	-20.21
520.1	1.56
520.4	-15.53
520.8	4.84
521.1	-27.23
521.5	22.39
521.9	2.03
522.2	1.09
522.6	0.39
522.9	17.24
523.3	2.26
523.6	-9.91
524	-25.59
524.4	2.5
524.7	3.67
525.1	1.09
525.4	1.56
525.8	-8.27
526.2	-3.12
526.5	13.97
526.9	-20.91
527.2	1.56
527.6	16.54
527.9	-5.7
528.3	-17.87
528.6	-12.95
529	-8.74
529.4	7.88
529.7	14.2
530.1	2.03
530.4	-0.78
530.8	22.86
531.1	14.2
531.5	20.52
531.9	-15.53
532.2	15.37
532.6	-1.95
532.9	3.2
533.3	33.39
533.6	2.03
534	20.28
534.4	219.7
534.7	-3.12
535.1	-5.93
535.4	-9.67
535.8	-11.08
536.1	-0.31
536.5	-18.33
536.8	31.29
537.2	1.79
537.6	-12.72
537.9	-9.67
538.3	-36.36
538.6	4.6
539	-4.29
539.3	-4.76
539.7	-8.97
540	-28.4
540.4	3.9
540.8	-21.14
541.1	-100.49
541.5	-10.14
541.8	2.96
542.2	-16.7
542.5	9.05
542.9	10.69
543.2	31.05
543.6	-12.48
544	8.11
544.3	12.33
544.7	33.63
545	-8.5
545.4	-7.57
545.7	12.33
546.1	5.31
546.4	7.41
546.8	8.82
547.2	13.73
547.5	-12.48
547.9	1.33
548.2	-8.97
548.6	5.07
548.9	37.84
549.3	19.82
549.6	-8.27
550	5.07
550.3	10.69
550.7	-12.72
551.1	-7.57
551.4	2.73
551.8	19.82
552.1	23.33
552.5	2.5
552.8	9.99
553.2	-23.25
553.5	-13.89
553.9	18.88
554.2	13.5
554.6	-11.31
554.9	19.35
555.3	42.05
555.7	14.43
556	18.18
556.4	12.33
556.7	-6.16
557.1	7.18
557.4	12.56
557.8	19.58
558.1	6.01
558.5	-1.95
558.8	33.16
559.2	20.28
559.5	-7.57
559.9	-4.76
560.3	17.48
560.6	9.28
561	0.39
561.3	-11.78
561.7	3.67
562	13.03
562.4	19.11
562.7	11.39
563.1	-12.95
563.4	19.11
563.8	21.45
564.1	29.88
564.5	16.07
564.8	19.82
565.2	0.62
565.5	11.39
565.9	24.97
566.3	20.28
566.6	9.05
567	22.16
567.3	18.65
567.7	23.33
568	42.29
568.4	1.79
568.7	-6.63
569.1	-2.42
569.4	7.65
569.8	3.9
570.1	17.01
570.5	-3.82
570.8	47.2
571.2	17.48
571.5	23.56
571.9	-9.44
572.2	4.37
572.6	22.63
572.9	51.88
573.3	15.84
573.6	27.07
574	-3.35
574.4	34.8
574.7	-0.55
575.1	35.97
575.4	19.11
575.8	15.37
576.1	46.5
576.5	17.94
576.8	48.61
577.2	53.99
577.5	10.22
577.9	71.78
578.2	33.63
578.6	36.9
578.9	18.41
579.3	42.29
579.6	62.18
580	27.54
580.3	22.39
580.7	-1.01
581	-3.35
581.4	22.39
581.7	25.2
582.1	45.8
582.4	55.39
582.8	24.73
583.1	23.8
583.5	12.56
583.8	28.94
584.2	32.46
584.5	60.31
584.9	40.41
585.2	46.73
585.6	40.18
585.9	43.69
586.3	28.48
586.6	10.22
587	14.9
587.3	37.84
587.7	35.97
588	34.8
588.4	44.63
588.7	40.18
589.1	53.99
589.4	57.5
589.8	68.27
590.1	27.54
590.5	59.61
590.8	49.54
591.2	57.73
591.5	61.48
591.9	4.6
592.2	57.27
592.6	51.88
592.9	50.95
593.3	33.86
593.6	48.37
594	61.01
594.3	82.31
594.7	73.88
595	75.05
595.4	74.12
595.7	108.52
596.1	87.93
596.4	81.61
596.8	120.69
597.1	91.67
597.5	77.39
597.8	88.16
598.2	93.08
598.5	96.35
598.9	92.37
599.2	83.95
599.6	76.46
599.9	140.35
600.3	115.08
600.6	123.74
601	145.5
601.3	110.63
601.7	113.44
602	140.59
602.4	112.74
602.7	158.61
603.1	151.59
603.4	178.74
603.8	154.16
604.1	170.08
604.5	183.89
604.8	173.82
605.1	220.17
605.5	223.68
605.8	208
606.2	229.06
606.5	218.53
606.9	233.04
607.2	235.15
607.6	293.19
607.9	281.02
608.3	298.34
608.6	284.53
609	288.98
609.3	280.55
609.7	277.51
610	364.81
610.4	349.13
610.7	366.68
611.1	370.19
611.4	436.67
611.8	429.64
612.1	414.9
612.5	418.41
612.8	467.56
613.1	460.54
613.5	534.5
613.8	482.77
614.2	508.05
614.5	581.08
614.9	567.97
615.2	607.06
615.6	612.91
615.9	666.51
616.3	698.34
616.6	665.57
617	738.6
617.3	755.21
617.7	770.43
618	808.58
618.3	861.24
618.7	895.18
619	890.96
619.4	938.01
619.7	998.39
620.1	1013.37
620.4	1051.76
620.8	1080.08
621.1	1113.55
621.5	1135.08
621.8	1215.13
622.2	1245.56
622.5	1293.07
622.8	1355.79
623.2	1347.37
623.5	1403.31
623.9	1495.06
624.2	1546.55
624.6	1581.19
624.9	1659.36
625.3	1681.36
625.6	1714.36
626	1775.22
626.3	1840.99
626.7	1924.31
627	2000.14
627.3	2094.94
627.7	2107.81
628	2108.74
628.4	2204.71
628.7	2282.41
629.1	2290.37
629.4	2396.63
629.8	2412.78
630.1	2493.06
630.5	2499.61
630.8	2542.91
631.1	2592.53
631.5	2654.56
631.8	2608.92
632.2	2653.62
632.5	2624.6
632.9	2633.26
633.2	2574.04
633.6	2560
633.9	2547.6
634.2	2433.85
634.6	2388.67
634.9	2354.27
635.3	2314.01
635.6	2173.34
636	2086.74
636.3	2024.25
636.7	1928.99
637	1813.13
637.3	1712.49
637.7	1646.49
638	1561.06
638.4	1463.22
638.7	1398.16
639.1	1268.26
639.4	1231.51
639.8	1140.7
640.1	1047.55
640.4	998.16
640.8	916.48
641.1	867.32
641.5	789.15
641.8	756.85
642.2	709.34
642.5	647.55
642.8	615.25
643.2	602.14
643.5	553.93
643.9	486.52
644.2	450.24
644.6	459.14
644.9	418.41
645.3	394.07
645.6	386.34
645.9	348.66
646.3	333.45
646.6	329.24
647	309.81
647.3	237.25
647.7	221.57
648	221.1
648.3	207.53
648.7	180.38
649	216.66
649.4	199.57
649.7	174.99
650.1	156.97
650.4	145.74
650.7	159.08
651.1	137.31
651.4	126.31
651.8	137.78
652.1	154.16
652.4	84.65
652.8	128.18
653.1	122.33
653.5	90.73
653.8	110.4
654.2	114.61
654.5	116.71
654.8	46.97
655.2	68.97
655.5	67.56
655.9	83.01
656.2	77.39
656.6	81.61
656.9	66.16
657.2	64.52
657.6	49.54
657.9	73.18
658.3	58.9
658.6	41.82
658.9	57.73
659.3	56.09
659.6	34.8
660	69.9
660.3	39.71
660.7	48.61
661	34.8
661.3	54.69
661.7	7.18
662	31.05
662.4	19.35
662.7	26.37
663	34.56
663.4	24.73
663.7	32.46
664.1	2.26
664.4	21.69
664.7	9.52
665.1	49.54
665.4	8.58
665.8	41.12
666.1	11.39
666.4	9.28
666.8	25.67
667.1	24.97
667.5	12.09
667.8	32.69
668.1	3.2
668.5	-14.36
668.8	23.8
669.2	16.07
669.5	5.77
669.8	30.11
670.2	-10.84
670.5	31.29
670.9	4.13
671.2	14.67
671.5	17.01
671.9	-19.74
672.2	6.24
672.6	44.63
672.9	24.73
673.2	24.97
673.6	3.43
673.9	27.31
674.3	-0.31
674.6	16.77
674.9	14.2
675.3	38.54
675.6	1.79
676	-6.87
676.3	-3.82
676.6	-2.42
677	17.71
677.3	-0.08
677.7	-23.95
678	8.58
678.3	13.5
678.7	-25.82
679	-17.4
679.4	-5.46
679.7	25.9
680	24.03
680.4	10.22
680.7	12.56
681	15.84
681.4	16.77
681.7	24.97
682.1	3.67
682.4	8.82
682.7	-19.97
683.1	1.56
683.4	32.22
683.8	6.01
684.1	24.73
684.4	21.22
684.8	-0.55
685.1	24.26
685.4	16.54
685.8	18.65
686.1	16.54
686.5	-4.29
686.8	7.41
687.1	24.73
687.5	2.26
687.8	13.03
688.1	32.69
688.5	8.11
688.8	18.41
689.2	-6.63
689.5	11.86
689.8	1.09
690.2	15.37
690.5	-8.5
690.8	-12.48
691.2	12.79
691.5	22.39
691.9	4.6
692.2	16.07
692.5	-0.08
692.9	-12.01
693.2	8.35
693.5	-9.21
693.9	1.79
694.2	3.2
694.6	2.73
694.9	-2.42
695.2	-17.16
695.6	25.9
695.9	-11.55
696.2	-5.93
696.6	5.07
696.9	13.97
697.2	-12.72
697.6	47.67
697.9	-12.48
698.3	-24.19
698.6	18.18
698.9	-14.12
699.3	-3.35
699.6	-10.38
699.9	30.82
700.3	29.88
700.6	6.24
700.9	3.9
701.3	6.01
701.6	-10.38
702	-3.12
702.3	44.86
702.6	8.58
703	-4.76
703.3	-5.23
703.6	-15.29
704	-4.76
704.3	-23.72
704.6	-9.44
705	-1.25
705.3	-0.31
705.6	5.77
706	13.97
706.3	-22.08
706.6	-2.18
707	7.41
707.3	17.48
707.7	-7.33
708	9.52
708.3	-0.31
708.7	-4.53
709	2.96
709.3	-2.89
709.7	-3.35
710	6.71
710.3	17.24
710.7	-7.33
711	-1.01
711.3	-13.65
711.7	6.48
712	7.18
712.3	3.67
712.7	-4.29
713	4.84
713.3	-5.46
713.7	-8.04
714	17.01
714.3	-5.23
714.7	9.75
715	-11.78
715.3	-21.61
715.7	6.01
716	37.37
716.3	5.31
716.7	-5.93
717	-7.57
717.3	13.73
717.7	8.11
718	-7.1
718.4	7.65
718.7	-14.36
719	-9.44
719.4	-8.04
719.7	19.58
720	3.67
720.4	-22.55
720.7	11.62
721	-16.46
721.3	0.39
721.7	18.65
722	10.69
722.3	-3.12
722.7	8.82
723	1.33
723.3	17.01
723.7	-6.63
724	6.01
724.3	8.35
724.7	-15.06
725	-12.48
725.3	13.73
725.7	10.92
726	-6.4
726.3	29.41
726.7	2.03
727	20.75
727.3	-11.55
727.7	-4.29
728	31.05
728.3	-14.12
728.7	8.11
729	5.77
729.3	42.29
729.7	13.03
730	25.67
730.3	-10.84
730.7	-1.72
731	8.35
731.3	-14.82
731.7	-7.8
732	12.56
732.3	-2.89
732.6	-7.57
733	11.86
733.3	1.33
733.6	-14.36
734	-6.63
734.3	11.86
734.6	-26.29
735	0.16
735.3	9.99
735.6	2.5
736	1.79
736.3	7.88
736.6	2.5
737	18.41
737.3	-10.61
737.6	19.82
737.9	-12.95
738.3	16.54
738.6	-19.5
738.9	17.94
739.3	-17.87
739.6	28.94
739.9	-7.1
740.3	7.18
740.6	-19.97
740.9	-4.76
741.2	-12.25
741.6	7.41
741.9	-5.23
742.2	-9.91
742.6	1.33
742.9	-9.21
743.2	-13.42
743.6	-32.38
743.9	-6.63
744.2	-8.74
744.6	11.39
744.9	12.56
745.2	-41.04
745.5	-0.78
745.9	17.01
746.2	15.37
746.5	14.43
746.9	-11.55
747.2	-20.44
747.5	-10.14
747.8	2.5
748.2	-6.63
748.5	8.35
748.8	17.01
749.2	20.52
749.5	19.35
749.8	5.77
750.1	19.11
750.5	9.75
750.8	-5.23
751.1	-8.04
751.5	-6.16
751.8	-3.59
752.1	-26.99
752.5	19.11
752.8	-16.7
753.1	-4.99
753.4	9.28
753.8	-12.25
754.1	-16.93
754.4	-15.99
754.7	6.01
755.1	-1.48
755.4	-19.97
755.7	-7.57
756.1	6.94
756.4	28.71
756.7	7.65
757	-3.35
757.4	-4.99
757.7	-14.36
758	5.07
758.4	5.77
758.7	41.12
759	-7.57
759.3	-15.99
759.7	17.48
760	2.5
760.3	38.07
760.7	18.41
761	25.43
761.3	-0.55
761.6	-4.53
762	13.73
762.3	12.09
762.6	-2.89
762.9	-1.72
763.3	-14.82
763.6	24.97
763.9	-10.38
764.2	17.01
764.6	-13.42
764.9	-12.25
765.2	-3.12
765.6	-12.72
765.9	23.56
766.2	-22.08
766.5	18.18
766.9	-16.7
767.2	0.86
767.5	5.54
767.8	-36.59
768.2	-7.33
768.5	-22.08
768.8	-4.29
769.1	-11.08
769.5	4.6
769.8	14.9
770.1	9.99
770.5	13.03
770.8	-0.55
771.1	28.01
771.4	17.94
771.8	20.99
772.1	-5.93
772.4	12.33
772.7	5.54
773.1	1.09
773.4	33.63
773.7	-3.12
774	-29.33
774.4	3.9
774.7	-7.33
775	-25.12
775.3	-24.65
775.7	7.41
776	-7.1
776.3	13.97
776.6	25.2
777	-23.72
777.3	1.79
777.6	-2.65
777.9	-2.65
778.3	9.05
778.6	19.82
778.9	-1.72
779.2	-16.7
779.6	-18.57
779.9	3.43
780.2	19.82
780.5	5.54
780.9	-3.35
781.2	-8.5
781.5	-16.46
781.8	2.5
782.2	13.03
782.5	-16.46
782.8	-4.76
783.1	-5.46
783.4	-6.63
783.8	25.2
784.1	-1.01
784.4	41.35
784.7	-16.46
785.1	17.71
785.4	4.84
785.7	-5.46
786	11.62
786.4	-10.38
786.7	6.94
787	0.16
787.3	20.52
787.7	-15.29
788	14.9
788.3	9.05
788.6	-11.55
788.9	3.43
789.3	-0.31
789.6	5.07
789.9	-3.82
790.2	-2.18
790.6	4.6
790.9	-2.42
791.2	7.88
791.5	-12.72
791.9	6.71
792.2	8.58
792.5	28.01
792.8	0.62
793.1	-0.78
793.5	-11.31
793.8	6.71
794.1	-21.61
794.4	-27.7
794.8	-0.08
795.1	-7.1
795.4	3.43
795.7	-41.97
796	-4.06
796.4	3.43
796.7	26.37
797	27.31
797.3	13.03
797.7	8.35
798	-20.91
798.3	-23.95
798.6	-6.87
798.9	-17.87
799.3	2.5
799.6	-6.16
799.9	2.03
800.2	35.5
800.5	-14.12
800.9	-0.31
801.2	1.56
801.5	13.03
801.8	17.48
802.2	12.33
802.5	-7.8
802.8	17.94
803.1	15.37
803.4	28.24
803.8	3.2
804.1	-5.93
804.4	5.77
804.7	12.56
805	3.2
805.4	7.41
805.7	-37.29
806	-1.48
806.3	38.77
806.6	17.48
807	3.9
807.3	9.05
807.6	18.41
807.9	6.01
808.2	-29.57
808.6	2.5
808.9	12.33
809.2	24.26
809.5	-16.7
809.8	-18.57
810.2	19.58
810.5	11.86
810.8	-2.18
811.1	-15.53
811.4	28.71
811.8	21.69
812.1	2.26
812.4	-4.53
812.7	12.56
813	-4.76
813.4	24.97
813.7	-16.46
814	0.16
814.3	-19.97
814.6	11.16
815	17.01
815.3	-9.91
815.6	-26.53
815.9	2.26
816.2	10.69
816.5	-6.16
816.9	15.37
817.2	14.43
817.5	-7.1
817.8	7.41
818.1	-2.42
818.5	-13.19
818.8	18.65
819.1	7.88
819.4	12.09
819.7	2.5
820.1	-10.61
820.4	-5.7
820.7	28.48
821	-8.04
821.3	-28.63
821.6	-22.31
822	-27.93
822.3	-15.76
822.6	-14.82
822.9	26.14
823.2	4.84
823.5	-4.53
823.9	-12.25
824.2	-8.04
824.5	-15.53
824.8	14.43
825.1	24.97
825.5	44.39
825.8	6.01
826.1	-2.42
826.4	3.43
826.7	0.39
827	3.43
827.4	7.41
827.7	2.26
828	-26.53
828.3	18.65
828.6	10.45
828.9	-5.23
829.3	3.9
829.6	-6.87
829.9	-18.57
830.2	-2.89
830.5	-15.99
830.8	-9.44
831.2	-15.53
831.5	9.05
831.8	-4.53
832.1	-24.89
832.4	9.75
832.7	-1.72
833.1	-1.72
833.4	1.56
833.7	10.22
834	-11.08
834.3	9.52
834.6	-1.48
835	-0.31
835.3	-23.72
835.6	-4.06
835.9	16.07
836.2	-0.08
836.5	-9.67
836.8	3.2
837.2	1.56
837.5	12.79
837.8	-12.72
838.1	-4.76
838.4	20.75
838.7	19.11
839.1	16.07
839.4	-3.35
839.7	-6.63
840	-6.87
840.3	-7.33
840.6	-37.99
840.9	-12.95
841.3	-23.95
841.6	-6.4
841.9	15.14
842.2	17.48
842.5	9.28
842.8	0.86
843.1	12.79
843.5	-17.87
843.8	-2.65
844.1	10.92
844.4	-17.4
844.7	7.65
845	-26.53
845.3	-23.25
845.7	4.6
846	-34.95
846.3	-5.46
846.6	-20.44
846.9	-1.48
847.2	10.69
847.5	-1.48
847.9	-17.63
848.2	15.6
848.5	-2.42
848.8	-5.93
849.1	-2.42
849.4	7.88
849.7	-7.1
850	-17.63
850.4	-1.01
850.7	-14.59
851	15.6
851.3	-2.89
851.6	32.69
851.9	-22.31
852.2	-8.04
852.5	8.82
852.9	10.92
853.2	2.5
853.5	-26.99
853.8	43.22
854.1	9.28
854.4	8.11
854.7	16.54
855.1	-19.27
855.4	-7.8
855.7	-6.87
856	35.73
856.3	0.39
856.6	18.88
856.9	21.45
857.2	11.39
857.5	-4.06
857.9	-2.18
858.2	-23.72
858.5	1.79
858.8	-15.29
859.1	-26.99
859.4	16.07
859.7	13.97
860	8.35
860.4	23.33
860.7	20.99
861	-8.04
861.3	-3.35
861.6	24.5
861.9	-6.4
862.2	5.54
862.5	-8.97
862.8	13.03
863.2	27.07
863.5	13.97
863.8	7.18
864.1	4.37
864.4	4.6
864.7	3.67
865	39.95
865.3	0.62
865.6	-10.84
866	14.9
866.3	22.39
866.6	-23.25
866.9	9.28
867.2	10.45
867.5	-1.01
867.8	28.01
868.1	-18.57
868.4	23.56
868.7	11.39
869.1	-1.25
869.4	10.22
869.7	24.26
870	5.77
870.3	9.52
870.6	-4.76
870.9	-25.12
871.2	-2.18
871.5	43.69
871.8	-1.48
872.1	-2.89
872.5	22.86
872.8	10.22
873.1	21.22
873.4	-10.84
873.7	-13.42
874	6.71
874.3	2.26
874.6	11.39
874.9	12.79
875.2	-15.06
875.6	-4.99
875.9	-1.95
876.2	-11.55
876.5	25.67
876.8	-1.95
877.1	-1.01
877.4	-8.5
877.7	0.62
878	-3.35
878.3	33.86
878.6	3.2
878.9	24.97
879.3	-15.06
879.6	-1.95
879.9	1.56
880.2	0.86
880.5	-8.04
880.8	6.94
881.1	5.54
881.4	-38.46
881.7	-25.36
882	11.16
882.3	-12.25
882.6	0.86
882.9	-30.5
883.3	8.35
883.6	-8.04
883.9	3.43
884.2	11.16
884.5	1.33
884.8	16.54
885.1	-8.97
885.4	-1.48
885.7	-18.57
886	11.39
886.3	-20.21
886.6	13.97
886.9	19.35
887.2	-9.91
887.6	20.52
887.9	19.11
888.2	-12.95
888.5	5.54
888.8	11.62
889.1	-3.59
889.4	23.09
889.7	-10.61
890	3.43
890.3	13.03
890.6	10.92
890.9	-13.19
891.2	6.71
891.5	24.03
891.8	-2.89
892.1	-15.29
892.5	8.58
892.8	46.73
893.1	-4.53
893.4	-4.29
893.7	6.71
894	11.39
894.3	-7.57
894.6	-7.57
894.9	-12.01
895.2	-16.7
895.5	-23.02
895.8	-6.4
896.1	37.14
896.4	10.92
896.7	-22.31
897	-28.63
897.3	-25.59
897.6	-26.99
897.9	33.86
898.3	-10.14
898.6	11.86
898.9	-11.31
899.2	25.2
899.5	-12.95
899.8	18.65
900.1	21.69
900.4	2.73
900.7	2.73
901	3.9
901.3	6.01
901.6	-3.35
901.9	0.62
902.2	-6.16
902.5	23.56
902.8	1.56
903.1	1.56
903.4	-10.38
903.7	-10.14
904	31.75
904.3	-7.8
904.6	-23.72
904.9	9.05
905.2	31.29
905.6	-17.4
905.9	-31.21
906.2	-23.25
906.5	22.63
906.8	3.43
907.1	-32.14
907.4	-11.78
907.7	6.71
908	-20.21
908.3	1.09
908.6	-3.82
908.9	-15.06
909.2	7.88
909.5	9.99
909.8	-21.85
910.1	-13.19
910.4	-6.87
910.7	18.41
911	-0.31
911.3	-0.55
911.6	-8.5
911.9	12.09
912.2	-23.95
912.5	-1.72
912.8	2.26
913.1	0.86
913.4	0.39
913.7	-14.12
914	-6.16
914.3	-3.35
914.6	3.9
914.9	-21.38
915.2	-19.5
915.5	0.16
915.8	-10.61
916.1	-6.4
916.4	-10.84
916.7	-15.53
917	2.5
917.3	21.22
917.6	1.56
917.9	-0.08
918.2	-28.87
918.5	4.6
918.8	-0.78
919.1	-42.44
919.5	-8.5
919.8	1.33
920.1	7.41
920.4	-3.35
920.7	7.88
921	-3.35
921.3	2.96
921.6	14.2
921.9	34.56
922.2	27.07
922.5	11.86
922.8	-26.29
923.1	29.41
923.4	-5.23
923.7	-0.78
924	34.56
924.3	-9.44
924.6	-7.8
924.9	15.37
925.2	-3.35
925.5	17.24
925.8	-12.72
926.1	-0.55
926.4	-1.25
926.7	19.58
927	-13.19
927.3	-1.25
927.6	10.69
927.9	6.48
928.2	-7.57
928.4	-37.06
928.7	5.31
929	34.8
929.3	18.41
929.6	16.77
929.9	-15.76
930.2	-17.16
930.5	-6.87
930.8	5.54
931.1	23.33
931.4	-29.33
931.7	2.5
932	4.13
932.3	-25.12
932.6	17.71
932.9	26.14
933.2	15.14
933.5	-20.91
933.8	-14.12
934.1	-9.44
934.4	8.11
934.7	-4.76
935	27.31
935.3	9.28
935.6	-13.19
935.9	11.39
936.2	0.16
936.5	12.33
936.8	15.6
937.1	-20.91
937.4	1.79
937.7	-12.72
938	2.5
938.3	4.13
938.6	-25.82
938.9	13.26
939.2	4.6
939.5	-13.19
939.8	-0.31
940.1	17.71
940.4	-14.36
940.7	-38.46
941	-5.7
941.3	-20.44
941.6	-14.12
941.9	7.18
942.2	2.26
942.4	-6.63
942.7	6.71
943	0.86
943.3	21.22
943.6	11.86
943.9	-3.59
944.2	-6.4
944.5	20.28
944.8	-4.06
945.1	-0.78
945.4	1.56
945.7	-8.74
946	17.71
946.3	2.03
946.6	36.9
946.9	5.54
947.2	-7.57
947.5	8.11
947.8	-4.76
948.1	11.62
948.4	9.75
948.7	-8.5
949	-24.42
949.2	-21.61
949.5	-10.84
949.8	21.92
950.1	26.6
950.4	26.37
950.7	6.48
951	19.35
951.3	-7.1
951.6	-8.04
951.9	-15.06
952.2	-3.12
952.5	-13.42
952.8	7.18
953.1	12.33
953.4	2.26
953.7	12.56
954	15.37
954.3	-17.87
954.6	-4.76
954.8	-30.97
955.1	13.03
955.4	-30.04
955.7	31.05
956	-23.25
956.3	-5.23
956.6	-18.33
956.9	24.73
957.2	-5.7
957.5	3.9
957.8	0.86
958.1	-21.61
958.4	11.62
958.7	-28.63
959	8.11
959.2	6.94
959.5	2.03
959.8	-35.65
960.1	-5.93
960.4	-8.04
960.7	22.39
961	2.73
961.3	-6.87
961.6	6.01
961.9	6.94
962.2	30.11
962.5	4.37
962.8	-15.53
963.1	4.13
963.3	15.37
963.6	42.99
963.9	-0.55
964.2	-20.91
964.5	-3.59
964.8	2.73
965.1	11.62
965.4	11.16
965.7	-19.5
966	16.07
966.3	-0.55
966.6	-2.65
966.9	12.33
967.1	19.35
967.4	-9.21
967.7	1.09
968	16.54
968.3	-20.44
968.6	-5.93
968.9	-2.65
969.2	-13.89
969.5	44.63
969.8	9.75
970.1	-20.21
970.3	-17.63
970.6	13.5
970.9	36.9
971.2	-22.08
971.5	19.35
971.8	-35.19
972.1	-3.35
972.4	34.09
972.7	3.67
973	1.56
973.3	2.26
973.5	-5.46
973.8	-7.33
974.1	19.58
974.4	11.86
974.7	3.43
975	-4.53
975.3	-11.08
975.6	-0.55
975.9	0.16
976.2	18.18
976.4	3.43
976.7	-3.35
977	2.26
977.3	-7.8
977.6	-1.25
977.9	-2.42
978.2	8.11
978.5	-4.29
978.8	12.79
979	7.65
979.3	21.22
979.6	9.05
979.9	9.99
980.2	-18.8
980.5	20.52
980.8	3.43
981.1	-8.04
981.4	18.65
981.6	-201.36
981.9	-8.27
982.2	18.88
982.5	-4.53
982.8	-4.29
983.1	-4.76
983.4	13.03
983.7	5.77
984	-8.5
984.2	-35.19
984.5	-4.76
984.8	-13.42
985.1	-23.02
985.4	-8.27
985.7	20.75
986	41.58
986.3	6.71
986.5	17.94
986.8	-7.33
987.1	25.43
987.4	-0.08
987.7	17.48
988	-24.65
988.3	4.6
988.6	3.9
988.8	-21.85
989.1	-10.84
989.4	-2.65
989.7	37.6
990	34.33
990.3	10.92
990.6	33.16
990.9	-13.19
991.1	-8.27
991.4	13.26
991.7	23.33
992	7.18
992.3	4.13
992.6	1.79
992.9	10.22
993.1	15.6
993.4	13.73
993.7	-8.04
994	9.28
994.3	-10.84
994.6	-4.76
994.9	-6.4
995.1	-11.08
995.4	-29.57
995.7	38.31
996	-10.84
996.3	-17.16
996.6	-30.5
996.9	0.16
997.1	23.56
997.4	8.82
997.7	-43.85
998	-15.29
998.3	-2.42
998.6	-12.48
998.9	17.24
999.1	-18.57
999.4	-23.02
999.7	-5.46
1000	15.6
1000.3	9.52
1000.6	-15.53
1000.8	-17.87
1001.1	-1.95
1001.4	35.97
1001.7	2.73
1002	-15.53
1002.3	-5.46
1002.6	-12.25
1002.8	-18.57
1003.1	15.6
1003.4	-3.35
1003.7	9.52
1004	3.9
1004.3	-11.08
1004.5	-26.06
1004.8	-10.61
1005.1	-5.46
1005.4	-3.59
1005.7	21.22
1006	-26.29
1006.2	15.84
1006.5	2.03
1006.8	-0.55
1007.1	-19.04
1007.4	-6.16
1007.7	0.62
1007.9	-19.97
1008.2	-7.33
1008.5	-2.18
1008.8	-2.18
1009.1	-10.38
1009.4	-3.12
1009.6	-19.5
1009.9	-33.55
1010.2	12.56
1010.5	-0.78
1010.8	6.94
1011.1	45.56
1011.3	-0.31
1011.6	-3.12
1011.9	-13.42
1012.2	4.37
1012.5	-3.59
1012.7	-2.65
1013	5.31
1013.3	-1.95
1013.6	-9.44
1013.9	-18.8
1014.2	-25.59
1014.4	16.07
1014.7	12.33
1015	7.65
1015.3	-14.12
1015.6	1.09
1015.8	22.39
1016.1	21.92
1016.4	0.86
1016.7	20.52
1017	12.09
1017.2	-14.36
1017.5	-35.42
1017.8	-0.78
1018.1	-4.06
1018.4	-8.97
1018.7	5.07
1018.9	-1.25
1019.2	0.86
1019.5	13.5
1019.8	21.22
1020.1	2.96
1020.3	-12.01
1020.6	6.01
1020.9	6.01
1021.2	6.01
