340.2	10.22
340.6	10.22
340.9	10.22
341.3	-4.53
341.7	5.07
342.1	-8.97
342.4	-3.59
342.8	-27.23
343.2	-14.59
343.6	-14.82
343.9	-12.95
344.3	-9.21
344.7	15.6
345.1	-2.18
345.4	-20.21
345.8	10.92
346.2	-16.46
346.6	72.48
346.9	-11.31
347.3	13.73
347.7	7.65
348	-9.91
348.4	-12.25
348.8	0.39
349.2	-22.55
349.5	-35.42
349.9	-21.14
350.3	-18.1
350.7	1.79
351	-15.76
351.4	-38.7
351.8	-27.7
352.2	-15.53
352.5	-20.67
352.9	-2.42
353.3	-1.25
353.6	-17.16
354	7.65
354.4	-33.31
354.8	-1.01
355.1	5.31
355.5	-13.65
355.9	0.62
356.3	16.54
356.6	-25.82
357	21.69
357.4	-12.72
357.8	-1.72
358.1	-26.99
358.5	-1.01
358.9	-21.84
359.2	3.9
359.6	-12.48
360	2.26
360.4	-16.23
360.7	-7.1
361.1	-3.35
361.5	-12.25
361.9	-16.7
362.2	-4.29
362.6	-19.74
363	-3.35
363.3	-20.44
363.7	5.54
364.1	-10.61
364.5	6.24
364.8	-6.63
365.2	10.69
365.6	7.41
366	-1.95
366.3	-0.08
366.7	-16.23
367.1	-10.14
367.4	-18.33
367.8	6.94
368.2	6.24
368.6	-0.31
368.9	-12.25
369.3	-17.16
369.7	2.96
370	-12.25
370.4	-20.44
370.8	5.77
371.2	-15.76
371.5	11.39
371.9	-10.14
372.3	-20.91
372.6	-8.97
373	-2.89
373.4	18.41
373.8	-10.61
374.1	-17.16
374.5	-5.7
374.9	2.03
375.2	-12.48
375.6	-4.99
376	-7.33
376.4	-32.14
376.7	1.56
377.1	-18.33
377.5	-8.27
377.8	-18.57
378.2	-3.35
378.6	-23.72
379	-6.16
379.3	-1.72
379.7	-1.95
380.1	-6.4
380.4	-9.21
380.8	-27.7
381.2	-11.55
381.6	-22.78
381.9	9.05
382.3	39.71
382.7	7.41
383	-4.06
383.4	-9.44
383.8	5.77
384.2	1.79
384.5	-11.55
384.9	5.07
385.3	-7.33
385.6	-5.23
386	-1.25
386.4	-6.63
386.7	6.71
387.1	25.43
387.5	-11.78
387.9	9.99
388.2	4.37
388.6	-33.31
389	-6.16
389.3	17.71
389.7	-7.1
390.1	-34.48
390.5	-0.78
390.8	1.33
391.2	0.86
391.6	-14.59
391.9	-34.72
392.3	-5.23
392.7	-8.74
393	-20.21
393.4	-13.42
393.8	-3.82
394.2	-14.82
394.5	-27.7
394.9	13.97
395.3	-30.97
395.6	7.41
396	-16.7
396.4	-3.59
396.7	-9.91
397.1	-26.76
397.5	-16.23
397.8	-15.76
398.2	-27.7
398.6	5.54
399	-25.59
399.3	-6.87
399.7	-26.06
400.1	-10.38
400.4	-14.59
400.8	1.79
401.2	-8.97
401.5	-12.01
401.9	-10.14
402.3	-15.53
402.7	-23.95
403	-11.55
403.4	-2.89
403.8	-11.31
404.1	-7.57
404.5	0.39
404.9	-14.36
405.2	-41.74
405.6	-27.7
406	-27.46
406.3	-6.87
406.7	8.35
407.1	-0.55
407.4	14.2
407.8	-6.4
408.2	20.52
408.6	-19.04
408.9	7.65
409.3	-14.12
409.7	-21.61
410	-26.76
410.4	-20.91
410.8	-16.23
411.1	-4.99
411.5	-16.23
411.9	119.06
412.2	11.86
412.6	-4.53
413	-4.76
413.3	9.75
413.7	-33.31
414.1	-4.29
414.4	-34.48
414.8	0.39
415.2	-11.78
415.5	-8.74
415.9	-3.59
416.3	16.07
416.7	-22.31
417	-18.1
417.4	-35.42
417.8	13.26
418.1	1.79
418.5	-27.93
418.9	2.73
419.2	28.24
419.6	-23.48
420	-19.27
420.3	-12.25
420.7	-2.42
421.1	-0.08
421.4	-11.78
421.8	-1.95
422.2	-9.91
422.5	-14.59
422.9	-5.7
423.3	-12.48
423.6	1.33
424	110.63
424.4	83.71
424.7	-6.16
425.1	2.73
425.5	-12.48
425.8	37.14
426.2	-5.23
426.6	-41.27
426.9	-11.78
427.3	-19.04
427.7	-7.57
428	-18.33
428.4	-14.12
428.8	-15.53
429.1	-19.5
429.5	-8.27
429.9	-10.61
430.2	-20.91
430.6	-23.95
431	-29.1
431.3	2.96
431.7	15.14
432.1	-17.16
432.4	4.37
432.8	0.62
433.2	0.62
433.5	-15.53
433.9	-5.93
434.3	-4.29
434.6	-14.59
435	-0.55
435.4	-18.8
435.7	-10.14
436.1	31.52
436.5	11.62
436.8	-6.4
437.2	10.22
437.6	-24.42
437.9	-40.57
438.3	-26.06
438.7	-7.1
439	24.5
439.4	0.39
439.8	1.33
440.1	-8.97
440.5	-7.33
440.9	-8.74
441.2	1.33
441.6	-19.97
442	-20.91
442.3	-26.53
442.7	-0.31
443.1	-14.12
443.4	-8.5
443.8	-18.33
444.1	-7.1
444.5	2.5
444.9	4.37
445.2	-21.61
445.6	10.22
446	-7.57
446.3	-38.46
446.7	-3.12
447.1	-5.93
447.4	-2.89
447.8	7.41
448.2	4.37
448.5	6.24
448.9	-3.12
449.3	-0.78
449.6	-9.44
450	-8.5
450.4	-22.08
450.7	-4.76
451.1	-23.02
451.4	1.79
451.8	-1.48
452.2	-32.14
452.5	-45.25
452.9	-2.65
453.3	-14.82
453.6	-7.1
454	-24.89
454.4	-22.08
454.7	-31.21
455.1	-21.14
455.5	-0.08
455.8	-29.33
456.2	-16.23
456.5	-36.82
456.9	7.88
457.3	-8.74
457.6	-10.14
458	-25.36
458.4	-20.21
458.7	-36.82
459.1	-38.23
459.5	-8.74
459.8	0.62
460.2	-12.72
460.5	-30.04
460.9	-7.1
461.3	-2.65
461.6	13.03
462	-5.93
462.4	-4.53
462.7	11.39
463.1	-6.4
463.5	-22.78
463.8	-12.95
464.2	7.41
464.5	-1.01
464.9	-0.78
465.3	-12.01
465.6	13.73
466	-5.7
466.4	-4.06
466.7	-10.14
467.1	-1.25
467.5	-26.53
467.8	-26.06
468.2	-3.35
468.5	-17.87
468.9	6.71
469.3	-7.57
469.6	-1.48
470	-20.91
470.4	-16.23
470.7	1.33
471.1	-20.44
471.4	-16.93
471.8	-19.97
472.2	-2.65
472.5	25.9
472.9	-34.72
473.3	-7.33
473.6	-5.46
474	-5.93
474.3	-2.42
474.7	-20.44
475.1	-20.44
475.4	0.39
475.8	-17.63
476.2	-25.12
476.5	7.88
476.9	3.43
477.2	-19.27
477.6	-25.59
478	-1.95
478.3	14.2
478.7	-0.55
479.1	-34.95
479.4	-20.44
479.8	-7.8
480.1	-12.95
480.5	-16.93
480.9	6.24
481.2	-44.08
481.6	1.56
481.9	12.79
482.3	-25.82
482.7	78.1
483	-9.67
483.4	-6.16
483.8	2.5
484.1	-4.99
484.5	-17.63
484.8	-8.97
485.2	-6.4
485.6	-1.25
485.9	7.41
486.3	-3.12
486.6	-22.31
487	-1.01
487.4	-12.95
487.7	-12.95
488.1	-14.12
488.5	0.16
488.8	31.05
489.2	1.56
489.5	-24.42
489.9	3.2
490.3	-15.06
490.6	4.37
491	2.03
491.3	6.94
491.7	-27.7
492.1	-17.63
492.4	0.62
492.8	5.54
493.1	-23.25
493.5	9.28
493.9	-18.8
494.2	20.52
494.6	-21.38
494.9	-8.27
495.3	-12.72
495.7	-0.08
496	-32.14
496.4	-19.97
496.7	15.6
497.1	-22.55
497.5	-21.85
497.8	13.5
498.2	11.86
498.5	-26.53
498.9	1.79
499.3	1.56
499.6	-51.57
500	-3.82
500.3	-0.55
500.7	-4.06
501.1	3.2
501.4	-36.59
501.8	3.43
502.1	-22.31
502.5	2.03
502.9	-6.4
503.2	1.09
503.6	-4.29
503.9	-53.21
504.3	-29.1
504.7	-18.8
505	-18.33
505.4	1.79
505.7	5.77
506.1	9.05
506.5	-49
506.8	-14.12
507.2	2.5
507.5	0.16
507.9	-5.7
508.2	-10.14
508.6	-11.78
509	0.62
509.3	19.82
509.7	-20.67
510	-15.53
510.4	4.37
510.8	-42.68
511.1	10.92
511.5	-13.42
511.8	12.09
512.2	13.97
512.6	1.79
512.9	6.24
513.3	-4.99
513.6	-14.82
514	-36.82
514.3	11.86
514.7	-1.72
515.1	-14.36
515.4	10.92
515.8	-39.16
516.1	-37.99
516.5	17.24
516.9	3.67
517.2	13.97
517.6	-20.21
517.9	-5.46
518.3	-13.42
518.6	18.18
519	-0.78
519.4	1.33
519.7	-43.85
520.1	-23.95
520.4	-10.61
520.8	-10.84
521.1	-19.97
521.5	13.5
521.9	-11.08
522.2	-20.91
522.6	-23.72
522.9	-18.33
523.3	-0.31
523.6	-17.16
524	-24.65
524.4	-20.44
524.7	-0.55
525.1	-13.42
525.4	-6.87
525.8	-1.48
526.2	18.88
526.5	-14.36
526.9	-2.65
527.2	9.05
527.6	-29.1
527.9	-20.91
528.3	-28.87
528.6	-38.7
529	-7.33
529.4	-13.65
529.7	0.86
530.1	-18.1
530.4	-10.84
530.8	16.07
531.1	-15.99
531.5	-3.35
531.9	-34.72
532.2	4.13
532.6	-14.82
532.9	-34.72
533.3	12.56
533.6	-8.74
534	-3.12
534.4	191.85
534.7	2.26
535.1	-4.99
535.4	-19.74
535.8	-7.8
536.1	-16.23
536.5	-23.25
536.8	42.52
537.2	-4.76
537.6	-27.23
537.9	-8.04
538.3	-15.76
538.6	-4.99
539	-22.31
539.3	11.62
539.7	-23.25
540	-34.48
540.4	-19.5
540.8	2.73
541.1	-96.51
541.5	-7.8
541.8	-12.95
542.2	-3.82
542.5	-2.89
542.9	3.9
543.2	4.6
543.6	-6.4
544	1.56
544.3	-0.78
544.7	7.65
545	-16.23
545.4	4.13
545.7	-8.04
546.1	-11.08
546.4	21.22
546.8	-18.33
547.2	-8.97
547.5	14.43
547.9	-11.78
548.2	-26.06
548.6	-2.18
548.9	-0.31
549.3	14.43
549.6	-37.29
550	18.18
550.3	-23.48
550.7	0.86
551.1	-2.65
551.4	17.48
551.8	-16.7
552.1	5.07
552.5	9.05
552.8	17.24
553.2	-29.1
553.5	-1.95
553.9	-14.36
554.2	-1.01
554.6	-35.19
554.9	-1.01
555.3	9.75
555.7	12.09
556	9.75
556.4	6.94
556.7	11.86
557.1	3.2
557.4	-0.55
557.8	3.2
558.1	-1.01
558.5	-2.42
558.8	-3.82
559.2	-18.33
559.5	-18.33
559.9	14.9
560.3	-17.87
560.6	-1.95
561	16.07
561.3	-31.68
561.7	-5.93
562	-13.89
562.4	-16.23
562.7	10.45
563.1	-8.04
563.4	-4.53
563.8	0.86
564.1	17.94
564.5	-16.23
564.8	6.24
565.2	-9.21
565.5	12.33
565.9	-0.31
566.3	-23.95
566.6	-0.31
567	27.07
567.3	0.39
567.7	14.43
568	32.69
568.4	3.2
568.7	-13.19
569.1	2.96
569.4	8.58
569.8	1.09
570.1	-8.97
570.5	6.94
570.8	-0.31
571.2	6.01
571.5	-10.14
571.9	-12.01
572.2	18.65
572.6	34.8
572.9	26.84
573.3	26.37
573.6	1.56
574	-8.5
574.4	4.37
574.7	20.99
575.1	21.22
575.4	-8.27
575.8	6.48
576.1	16.54
576.5	-18.8
576.8	11.39
577.2	10.22
577.5	19.11
577.9	41.58
578.2	8.82
578.6	23.8
578.9	32.22
579.3	40.88
579.6	17.01
580	2.73
580.3	9.05
580.7	11.86
581	-18.1
581.4	12.09
581.7	3.2
582.1	19.35
582.4	28.48
582.8	9.52
583.1	22.63
583.5	-4.53
583.8	4.37
584.2	3.67
584.5	40.88
584.9	31.29
585.2	25.9
585.6	12.56
585.9	30.35
586.3	13.26
586.6	2.73
587	9.99
587.3	24.97
587.7	37.84
588	31.05
588.4	34.33
588.7	41.58
589.1	33.63
589.4	32.92
589.8	41.12
590.1	24.03
590.5	61.24
590.8	55.63
591.2	32.69
591.5	37.37
591.9	0.86
592.2	57.73
592.6	42.99
592.9	71.07
593.3	42.52
593.6	31.52
594	83.01
594.3	59.37
594.7	58.44
595	54.92
595.4	43.46
595.7	70.37
596.1	96.35
596.4	95.65
596.8	99.86
597.1	70.61
597.5	84.18
597.8	89.56
598.2	107.35
598.5	94.71
598.9	93.54
599.2	85.59
599.6	90.73
599.9	112.27
600.3	123.27
600.6	132.4
601	131.93
601.3	116.95
601.7	118.82
602	129.82
602.4	130.06
602.7	138.72
603.1	159.55
603.4	191.38
603.8	144.1
604.1	183.19
604.5	185.29
604.8	206.36
605.1	179.68
605.5	228.83
605.8	219.23
606.2	189.27
606.5	206.36
606.9	258.08
607.2	210.57
607.6	242.87
607.9	264.64
608.3	279.15
608.6	299.28
609	280.79
609.3	278.45
609.7	291.08
610	314.26
610.4	345.15
610.7	358.49
611.1	342.11
611.4	407.88
611.8	401.32
612.1	409.28
612.5	412.56
612.8	442.05
613.1	433.16
613.5	535.44
613.8	521.16
614.2	496.12
614.5	564.93
614.9	571.95
615.2	591.38
615.6	591.84
615.9	648.72
616.3	675.4
616.6	669.08
617	715.19
617.3	762.7
617.7	809.98
618	833.85
618.3	881.84
618.7	873.64
619	891.43
619.4	932.39
619.7	957.9
620.1	1028.59
620.4	1061.82
620.8	1087.57
621.1	1131.1
621.5	1129.7
621.8	1191.72
622.2	1255.85
622.5	1302.66
622.8	1325.6
623.2	1362.82
623.5	1369.84
623.9	1505.82
624.2	1513.78
624.6	1547.95
624.9	1639
625.3	1710.15
625.6	1710.62
626	1818.52
626.3	1842.63
626.7	1921.74
627	1995.93
627.3	2069.19
627.7	2085.11
628	2148.77
628.4	2188.32
628.7	2282.41
629.1	2287.56
629.4	2393.82
629.8	2434.08
630.1	2480.19
630.5	2527
630.8	2532.15
631.1	2601.19
631.5	2596.75
631.8	2568.43
632.2	2602.83
632.5	2593.47
632.9	2625.77
633.2	2588.09
633.6	2543.62
633.9	2547.6
634.2	2443.68
634.6	2398.74
634.9	2336.01
635.3	2319.39
635.6	2160.24
636	2069.19
636.3	1990.78
636.7	1933.91
637	1816.18
637.3	1739.41
637.7	1613.25
638	1539.99
638.4	1461.82
638.7	1354.62
639.1	1240.87
639.4	1198.04
639.8	1123.15
640.1	1057.14
640.4	1005.18
640.8	947.84
641.1	861.47
641.5	779.32
641.8	746.08
642.2	708.4
642.5	631.16
642.8	628.82
643.2	580.84
643.5	513.44
643.9	491.67
644.2	477.86
644.6	435.73
644.9	414.2
645.3	397.34
645.6	373.24
645.9	363.41
646.3	304.89
646.6	289.21
647	256.44
647.3	265.81
647.7	249.19
648	222.27
648.3	210.8
648.7	200.97
649	205.66
649.4	188.1
649.7	155.33
650.1	141.76
650.4	160.48
650.7	159.08
651.1	113.44
651.4	105.71
651.8	105.01
652.1	108.99
652.4	87.93
652.8	89.33
653.1	98.69
653.5	94.48
653.8	110.16
654.2	97.99
654.5	77.63
654.8	77.16
655.2	66.63
655.5	81.61
655.9	47.9
656.2	78.56
656.6	79.97
656.9	72.71
657.2	55.63
657.6	61.48
657.9	53.99
658.3	44.39
658.6	34.33
658.9	37.14
659.3	37.6
659.6	47.9
660	62.41
660.3	34.8
660.7	40.65
661	6.01
661.3	39.95
661.7	36.67
662	35.03
662.4	5.54
662.7	16.07
663	25.43
663.4	20.99
663.7	18.65
664.1	-7.8
664.4	0.62
664.7	2.26
665.1	29.41
665.4	-14.59
665.8	52.82
666.1	12.09
666.4	5.31
666.8	21.22
667.1	14.2
667.5	-6.4
667.8	9.28
668.1	-2.42
668.5	-0.55
668.8	11.86
669.2	3.67
669.5	8.82
669.8	-0.08
670.2	1.56
670.5	-15.29
670.9	-14.59
671.2	-8.97
671.5	19.58
671.9	-1.72
672.2	-1.72
672.6	35.73
672.9	-12.72
673.2	26.37
673.6	-21.14
673.9	5.54
674.3	-26.76
674.6	14.2
674.9	-7.1
675.3	15.6
675.6	24.03
676	-1.01
676.3	3.67
676.6	-12.25
677	36.9
677.3	-15.06
677.7	1.09
678	-7.57
678.3	-12.01
678.7	-8.74
679	-9.44
679.4	-1.95
679.7	-9.91
680	6.94
680.4	-6.16
680.7	3.67
681	-8.04
681.4	-16.7
681.7	-8.04
682.1	-5.7
682.4	9.99
682.7	-19.97
683.1	-6.16
683.4	19.35
683.8	9.52
684.1	9.05
684.4	3.67
684.8	-20.67
685.1	12.33
685.4	19.58
685.8	-4.99
686.1	-18.57
686.5	20.99
686.8	-5.7
687.1	2.73
687.5	-7.8
687.8	26.6
688.1	8.58
688.5	6.71
688.8	-17.16
689.2	-6.16
689.5	-3.59
689.8	-4.53
690.2	18.18
690.5	-20.91
690.8	0.86
691.2	15.84
691.5	-4.06
691.9	6.94
692.2	-15.99
692.5	5.54
692.9	-42.21
693.2	-35.89
693.5	-18.33
693.9	-4.29
694.2	-2.65
694.6	8.82
694.9	-7.33
695.2	-21.61
695.6	14.9
695.9	-24.42
696.2	-44.31
696.6	-4.76
696.9	15.37
697.2	-7.8
697.6	39.24
697.9	-8.5
698.3	-27.46
698.6	-19.74
698.9	-13.65
699.3	-5.46
699.6	-20.21
699.9	13.26
700.3	-10.14
700.6	4.84
700.9	-20.91
701.3	-16.7
701.6	-31.91
702	-12.48
702.3	2.96
702.6	4.6
703	-15.29
703.3	11.39
703.6	-19.74
704	4.84
704.3	-4.76
704.6	-50.4
705	5.54
705.3	-5.7
705.6	-11.78
706	-5.7
706.3	-17.16
706.6	22.86
707	-7.33
707.3	16.77
707.7	-14.59
708	-13.89
708.3	-25.59
708.7	-12.25
709	-26.29
709.3	0.62
709.7	-17.16
710	-3.82
710.3	-8.27
710.7	-0.08
711	-14.59
711.3	-11.08
711.7	22.63
712	6.24
712.3	-33.55
712.7	-4.06
713	-0.78
713.3	-22.08
713.7	9.99
714	13.26
714.3	-3.82
714.7	10.69
715	-20.44
715.3	-27.46
715.7	-7.33
716	31.05
716.3	-19.74
716.7	-9.44
717	-20.21
717.3	-9.67
717.7	-10.61
718	-27.23
718.4	-8.04
718.7	-12.25
719	-37.29
719.4	2.26
719.7	-24.89
720	-4.99
720.4	-24.42
720.7	-7.33
721	-27.46
721.3	-23.72
721.7	18.41
722	-17.63
722.3	-24.42
722.7	2.96
723	-4.76
723.3	-10.84
723.7	0.62
724	5.54
724.3	10.92
724.7	-17.63
725	-4.06
725.3	-4.53
725.7	10.22
726	34.56
726.3	17.24
726.7	-17.16
727	0.39
727.3	-2.65
727.7	-38.46
728	14.67
728.3	-44.55
728.7	5.54
729	27.07
729.3	16.07
729.7	-10.38
730	-2.42
730.3	-25.82
730.7	1.33
731	-19.04
731.3	-12.72
731.7	3.9
732	16.07
732.3	-19.04
732.6	-43.85
733	-21.84
733.3	-19.74
733.6	-19.27
734	-12.01
734.3	-12.25
734.6	-8.04
735	6.01
735.3	-19.74
735.6	-31.91
736	-18.8
736.3	-1.95
736.6	-17.4
737	2.03
737.3	-32.14
737.6	9.05
737.9	-30.27
738.3	9.75
738.6	-21.85
738.9	-4.53
739.3	-30.04
739.6	-19.74
739.9	-22.08
740.3	-9.91
740.6	-38.7
740.9	-13.65
741.2	-29.33
741.6	-17.63
741.9	2.5
742.2	-25.36
742.6	-7.1
742.9	-10.38
743.2	-4.99
743.6	-20.91
743.9	-12.25
744.2	11.86
744.6	31.99
744.9	-13.42
745.2	-36.59
745.5	-26.53
745.9	-13.42
746.2	14.9
746.5	-23.25
746.9	5.07
747.2	-33.78
747.5	-32.61
747.8	-16.7
748.2	-3.59
748.5	3.9
748.8	10.92
749.2	-30.74
749.5	32.46
749.8	13.73
750.1	8.58
750.5	-6.4
750.8	-6.63
751.1	-18.33
751.5	2.5
751.8	-23.95
752.1	-10.84
752.5	-7.33
752.8	7.65
753.1	-7.33
753.4	-9.91
753.8	-17.87
754.1	-36.12
754.4	-4.76
754.7	-20.44
755.1	-16.23
755.4	-28.16
755.7	-4.76
756.1	-4.29
756.4	24.73
756.7	-22.08
757	-4.76
757.4	-6.4
757.7	-26.76
758	-25.82
758.4	0.86
758.7	16.77
759	-18.8
759.3	-39.63
759.7	21.45
760	42.29
760.3	-21.14
760.7	-11.08
761	-8.74
761.3	-12.25
761.6	-6.4
762	1.09
762.3	-22.55
762.6	8.82
762.9	-3.59
763.3	-32.61
763.6	-3.35
763.9	-22.55
764.2	-14.36
764.6	-40.1
764.9	-20.44
765.2	-22.08
765.6	-1.95
765.9	2.03
766.2	-38.93
766.5	2.73
766.9	-14.12
767.2	10.92
767.5	25.2
767.8	-30.74
768.2	-38.93
768.5	-11.31
768.8	-7.1
769.1	2.03
769.5	2.96
769.8	2.5
770.1	-3.35
770.5	9.99
770.8	-25.12
771.1	10.22
771.4	-18.33
771.8	22.39
772.1	2.96
772.4	-15.76
772.7	-11.78
773.1	-30.04
773.4	28.94
773.7	-4.99
774	-27.23
774.4	-1.25
774.7	-7.57
775	0.62
775.3	-23.25
775.7	9.52
776	-12.25
776.3	-17.16
776.6	-13.65
777	-8.04
777.3	-31.21
777.6	16.77
777.9	-34.48
778.3	-3.35
778.6	12.79
778.9	-8.97
779.2	-19.5
779.6	-13.42
779.9	6.71
780.2	27.31
780.5	-12.25
780.9	5.31
781.2	-23.72
781.5	-16.7
781.8	-15.99
782.2	-14.36
782.5	-20.67
782.8	6.48
783.1	-5.7
783.4	-3.35
783.8	4.13
784.1	-6.87
784.4	8.82
784.7	-35.19
785.1	-34.95
785.4	-12.48
785.7	-22.31
786	-20.91
786.4	-18.33
786.7	-27.93
787	-5.46
787.3	0.16
787.7	-27.7
788	-7.57
788.3	-0.08
788.6	-14.36
788.9	-21.14
789.3	-3.12
789.6	-25.59
789.9	-17.87
790.2	-6.4
790.6	-15.76
790.9	0.86
791.2	-29.33
791.5	-34.02
791.9	4.6
792.2	-9.67
792.5	7.41
792.8	0.16
793.1	-10.61
793.5	-23.25
793.8	-7.33
794.1	-13.42
794.4	-18.1
794.8	-23.72
795.1	-2.65
795.4	-24.89
795.7	-48.29
796	4.6
796.4	-0.55
796.7	8.11
797	11.39
797.3	-17.16
797.7	20.05
798	-22.55
798.3	-22.78
798.6	-6.87
798.9	-12.48
799.3	-2.18
799.6	-10.84
799.9	0.39
800.2	-2.18
800.5	-20.44
800.9	-11.31
801.2	22.16
801.5	3.67
801.8	-6.4
802.2	-8.27
802.5	-16.46
802.8	-5.46
803.1	9.52
803.4	3.9
803.8	-2.89
804.1	-14.36
804.4	-8.04
804.7	1.09
805	4.84
805.4	-39.16
805.7	-41.27
806	-15.29
806.3	23.56
806.6	7.65
807	-3.35
807.3	-1.25
807.6	-7.8
807.9	-19.5
808.2	-11.31
808.6	-23.02
808.9	9.05
809.2	9.28
809.5	-43.14
809.8	-12.95
810.2	-11.55
810.5	-9.67
810.8	-22.08
811.1	-8.5
811.4	10.69
811.8	-2.65
812.1	-14.36
812.4	-5.93
812.7	-11.78
813	-25.59
813.4	12.56
813.7	-10.84
814	-19.5
814.3	-27.93
814.6	2.96
815	-9.91
815.3	-16.46
815.6	-34.48
815.9	-0.55
816.2	-0.08
816.5	-1.95
816.9	11.39
817.2	1.33
817.5	-16.23
817.8	-16.7
818.1	21.22
818.5	-10.61
818.8	13.03
819.1	-12.01
819.4	-8.27
819.7	6.94
820.1	-12.48
820.4	-10.84
820.7	26.14
821	-2.42
821.3	-21.14
821.6	-23.72
822	-20.67
822.3	-35.89
822.6	-19.5
822.9	10.45
823.2	-27.46
823.5	-11.55
823.9	-2.42
824.2	-7.1
824.5	-34.25
824.8	-7.1
825.1	-2.89
825.5	-9.91
825.8	-19.74
826.1	-7.33
826.4	22.39
826.7	22.86
827	-0.78
827.4	8.82
827.7	-15.53
828	-22.78
828.3	-8.27
828.6	-15.29
828.9	-30.74
829.3	-21.85
829.6	-21.14
829.9	-25.12
830.2	-31.44
830.5	-13.65
830.8	-19.5
831.2	-12.72
831.5	-30.04
831.8	-28.4
832.1	-23.25
832.4	-11.78
832.7	-24.19
833.1	-8.74
833.4	-4.53
833.7	-9.67
834	-16.7
834.3	-15.06
834.6	-9.44
835	8.11
835.3	-6.16
835.6	-4.29
835.9	-10.84
836.2	4.37
836.5	-17.63
836.8	-3.12
837.2	-12.72
837.5	-31.44
837.8	-20.21
838.1	-8.74
838.4	24.97
838.7	0.62
839.1	17.01
839.4	-12.95
839.7	-12.72
840	-8.74
840.3	-20.91
840.6	-18.1
840.9	-2.18
841.3	-35.19
841.6	-30.97
841.9	-4.29
842.2	15.37
842.5	-5.7
842.8	-25.82
843.1	-11.78
843.5	-56.25
843.8	0.39
844.1	-13.89
844.4	-21.14
844.7	8.11
845	-5.46
845.3	-18.1
845.7	3.67
846	-48.06
846.3	-9.67
846.6	-12.48
846.9	-12.25
847.2	-2.18
847.5	-16.93
847.9	-40.57
848.2	22.16
848.5	-24.19
848.8	-28.4
849.1	-26.99
849.4	12.09
849.7	-1.01
850	-37.76
850.4	-5.46
850.7	-40.8
851	11.39
851.3	-26.76
851.6	3.67
851.9	-37.76
852.2	-31.91
852.5	6.94
852.9	-7.57
853.2	-2.89
853.5	-14.59
853.8	-1.95
854.1	15.37
854.4	-6.16
854.7	-16.7
855.1	-16.23
855.4	7.41
855.7	-17.16
856	0.86
856.3	-8.27
856.6	0.39
856.9	1.79
857.2	3.2
857.5	-18.8
857.9	2.26
858.2	-4.06
858.5	-20.91
858.8	-26.53
859.1	-37.99
859.4	-15.76
859.7	9.52
860	-10.14
860.4	1.79
860.7	3.9
861	-2.65
861.3	-31.91
861.6	-5.93
861.9	-1.95
862.2	-4.06
862.5	-24.19
862.8	2.03
863.2	3.2
863.5	3.9
863.8	-13.42
864.1	-10.61
864.4	26.14
864.7	-4.76
865	-0.08
865.3	-15.06
865.6	-30.97
866	-8.04
866.3	17.94
866.6	-19.27
866.9	-17.16
867.2	-24.65
867.5	-1.48
867.8	-8.27
868.1	-19.04
868.4	-7.33
868.7	7.65
869.1	4.6
869.4	-19.74
869.7	12.56
870	1.33
870.3	-5.46
870.6	-11.31
870.9	-25.12
871.2	-19.27
871.5	22.86
871.8	-2.18
872.1	-20.91
872.5	9.28
872.8	1.79
873.1	-12.48
873.4	-20.67
873.7	-17.87
874	-7.8
874.3	-0.55
874.6	-0.08
874.9	-2.65
875.2	-14.36
875.6	-9.44
875.9	-25.36
876.2	-12.95
876.5	-12.48
876.8	14.2
877.1	-30.97
877.4	-6.4
877.7	-23.72
878	-5.7
878.3	31.75
878.6	-8.27
878.9	4.6
879.3	-29.1
879.6	0.16
879.9	4.6
880.2	-19.04
880.5	-29.57
880.8	-4.29
881.1	-8.74
881.4	-15.99
881.7	-8.5
882	1.79
882.3	-32.14
882.6	-4.53
882.9	-24.19
883.3	-10.38
883.6	-5.23
883.9	5.54
884.2	-17.63
884.5	-1.01
884.8	-2.89
885.1	-2.18
885.4	-11.31
885.7	-26.29
886	-38.7
886.3	-38.46
886.6	-19.5
886.9	-6.87
887.2	15.6
887.6	-3.35
887.9	-18.33
888.2	-29.33
888.5	-37.06
888.8	3.9
889.1	0.39
889.4	1.09
889.7	-2.18
890	-10.61
890.3	8.11
890.6	-9.44
890.9	-39.63
891.2	5.31
891.5	3.43
891.8	7.88
892.1	5.77
892.5	-12.72
892.8	7.88
893.1	-14.82
893.4	-19.74
893.7	1.79
894	-2.89
894.3	-2.18
894.6	-0.08
894.9	-10.61
895.2	-13.42
895.5	-38.46
895.8	1.79
896.1	24.26
896.4	7.41
896.7	-43.38
897	-30.27
897.3	-26.99
897.6	-23.48
897.9	5.07
898.3	-14.12
898.6	7.41
898.9	-29.8
899.2	8.35
899.5	-8.04
899.8	-8.04
900.1	-7.33
900.4	2.26
900.7	-14.12
901	6.01
901.3	0.39
901.6	-33.55
901.9	-7.8
902.2	-25.59
902.5	0.39
902.8	-20.21
903.1	-25.12
903.4	-5.46
903.7	-12.48
904	1.56
904.3	-17.87
904.6	-15.06
904.9	-3.35
905.2	7.65
905.6	-32.38
905.9	-38.93
906.2	-9.67
906.5	25.67
906.8	-7.33
907.1	-9.21
907.4	2.03
907.7	-7.33
908	-40.8
908.3	-29.33
908.6	2.5
908.9	-43.85
909.2	-16.7
909.5	17.24
909.8	1.33
910.1	-19.74
910.4	-44.31
910.7	-8.5
911	-7.57
911.3	-14.12
911.6	-4.06
911.9	21.69
912.2	-24.19
912.5	-39.87
912.8	-18.57
913.1	-23.95
913.4	-7.1
913.7	-11.55
914	4.6
914.3	18.18
914.6	-18.57
914.9	-33.55
915.2	-12.72
915.5	-9.91
915.8	-19.74
916.1	-26.76
916.4	-25.82
916.7	-44.31
917	-7.8
917.3	-14.12
917.6	13.03
917.9	-10.38
918.2	-18.33
918.5	11.62
918.8	-32.61
919.1	-25.12
919.5	3.9
919.8	-4.76
920.1	-32.85
920.4	-29.33
920.7	15.84
921	0.86
921.3	-8.04
921.6	-30.97
921.9	8.58
922.2	1.56
922.5	9.52
922.8	4.37
923.1	-1.72
923.4	-30.74
923.7	-12.95
924	14.9
924.3	-30.74
924.6	-3.82
924.9	10.69
925.2	9.05
925.5	-3.35
925.8	-32.61
926.1	-1.48
926.4	-5.23
926.7	-1.72
927	-12.01
927.3	5.31
927.6	-20.44
927.9	-16.23
928.2	-10.14
928.4	-24.89
928.7	-16.46
929	28.71
929.3	-11.31
929.6	2.96
929.9	-7.33
930.2	-11.78
930.5	-9.67
930.8	-3.35
931.1	-12.72
931.4	-59.53
931.7	-24.65
932	-44.31
932.3	-12.01
932.6	-4.29
932.9	12.33
933.2	-6.87
933.5	-16.46
933.8	-9.67
934.1	-13.89
934.4	-5.93
934.7	-16.7
935	-7.33
935.3	-6.16
935.6	-30.5
935.9	-14.36
936.2	6.01
936.5	-13.89
936.8	-20.44
937.1	12.09
937.4	-7.1
937.7	-27.23
938	-0.55
938.3	-1.48
938.6	-32.85
938.9	-23.02
939.2	13.26
939.5	-26.06
939.8	-8.27
940.1	-22.55
940.4	-26.29
940.7	-42.91
941	-12.48
941.3	-27.23
941.6	-9.44
941.9	5.07
942.2	-10.14
942.4	-18.57
942.7	-4.99
943	13.5
943.3	6.24
943.6	7.65
943.9	-10.38
944.2	-8.97
944.5	17.01
944.8	0.16
945.1	1.33
945.4	-21.61
945.7	-5.7
946	-3.12
946.3	1.33
946.6	5.31
946.9	9.52
947.2	-8.27
947.5	4.13
947.8	-8.74
948.1	-3.35
948.4	-26.99
948.7	-19.04
949	-42.91
949.2	-17.16
949.5	-23.95
949.8	16.54
950.1	-19.04
950.4	19.35
950.7	-22.08
951	-16.7
951.3	-0.55
951.6	-27.46
951.9	-20.21
952.2	4.6
952.5	3.43
952.8	-31.91
953.1	-8.97
953.4	-4.06
953.7	2.5
954	-11.78
954.3	-31.21
954.6	0.39
954.8	-17.16
955.1	-9.91
955.4	-53.44
955.7	20.05
956	-29.57
956.3	15.6
956.6	-33.55
956.9	27.07
957.2	-6.63
957.5	-12.95
957.8	6.01
958.1	-8.97
958.4	1.33
958.7	-45.02
959	-14.59
959.2	-17.4
959.5	3.43
959.8	-38.46
960.1	-4.76
960.4	-3.12
960.7	13.5
961	6.94
961.3	-32.85
961.6	12.33
961.9	-15.99
962.2	20.75
962.5	-9.44
962.8	-12.72
963.1	18.18
963.3	-10.61
963.6	21.69
963.9	0.39
964.2	1.79
964.5	10.45
964.8	-5.23
965.1	-8.27
965.4	-1.25
965.7	-11.08
966	-11.55
966.3	-21.84
966.6	6.24
966.9	13.97
967.1	15.84
967.4	9.52
967.7	-13.19
968	7.41
968.3	-16.46
968.6	7.18
968.9	11.39
969.2	-35.65
969.5	-2.65
969.8	2.26
970.1	3.2
970.3	-25.36
970.6	-21.85
970.9	4.84
971.2	-18.57
971.5	-10.14
971.8	-6.4
972.1	-6.63
972.4	-5.23
972.7	0.62
973	-11.31
973.3	-41.04
973.5	7.65
973.8	-14.12
974.1	13.97
974.4	-6.16
974.7	-15.99
975	-6.87
975.3	-0.78
975.6	-15.53
975.9	0.86
976.2	6.71
976.4	-14.82
976.7	3.43
977	-4.06
977.3	-18.8
977.6	-17.87
977.9	-8.97
978.2	-12.95
978.5	-8.97
978.8	17.01
979	-10.14
979.3	-8.5
979.6	6.94
979.9	-7.8
980.2	-21.38
980.5	-11.08
980.8	2.03
981.1	-28.87
981.4	-4.29
981.6	-205.81
981.9	-7.33
982.2	-2.18
982.5	2.96
982.8	-8.74
983.1	-4.53
983.4	-4.99
983.7	-21.61
984	-5.23
984.2	-13.89
984.5	-37.76
984.8	-25.82
985.1	-15.53
985.4	-17.63
985.7	6.24
986	19.11
986.3	-19.97
986.5	5.07
986.8	-16.93
987.1	-0.78
987.4	11.16
987.7	-33.55
988	-43.61
988.3	14.67
988.6	-0.08
988.8	-25.82
989.1	-2.18
989.4	-19.27
989.7	11.86
990	1.79
990.3	6.01
990.6	-10.38
990.9	-21.38
991.1	-10.38
991.4	-4.76
991.7	9.52
992	10.92
992.3	-28.63
992.6	2.73
992.9	-12.01
993.1	-13.19
993.4	3.2
993.7	-6.16
994	-36.36
994.3	-29.33
994.6	-1.01
994.9	2.96
995.1	-0.31
995.4	-9.44
995.7	25.43
996	-27.23
996.3	-1.95
996.6	-47.59
996.9	-34.48
997.1	-9.44
997.4	-4.76
997.7	-19.97
998	-30.27
998.3	-4.76
998.6	-4.29
998.9	20.52
999.1	-38.7
999.4	-24.89
999.7	-20.44
1000	-3.82
1000.3	3.43
1000.6	-19.5
1000.8	-8.5
1001.1	-4.99
1001.4	-2.65
1001.7	-8.04
1002	-10.61
1002.3	-13.19
1002.6	-17.87
1002.8	-18.8
1003.1	-11.31
1003.4	-13.65
1003.7	-7.33
1004	-0.55
1004.3	-15.06
1004.5	-34.02
1004.8	-17.4
1005.1	-1.95
1005.4	-9.21
1005.7	-15.99
1006	-36.36
1006.2	-4.53
1006.5	9.99
1006.8	-2.89
1007.1	-17.63
1007.4	2.73
1007.7	-10.14
1007.9	-16.46
1008.2	-23.02
1008.5	-15.99
1008.8	-11.08
1009.1	-2.42
1009.4	-18.1
1009.6	-18.57
1009.9	-62.34
1010.2	6.94
1010.5	-16.46
1010.8	-12.72
1011.1	-2.65
1011.3	-12.95
1011.6	-21.85
1011.9	-0.31
1012.2	-1.25
1012.5	-16.23
1012.7	8.82
1013	-40.8
1013.3	-34.95
1013.6	-17.4
1013.9	-14.36
1014.2	-15.53
1014.4	3.67
1014.7	-9.67
1015	4.6
1015.3	3.67
1015.6	-9.21
1015.8	-4.53
1016.1	-8.97
1016.4	-6.87
1016.7	5.77
1017	17.01
1017.2	-15.53
1017.5	-17.16
1017.8	-22.31
1018.1	-27.23
1018.4	-8.5
1018.7	-18.1
1018.9	-17.4
1019.2	-3.12
1019.5	-15.99
1019.8	-9.21
1020.1	-30.5
1020.3	-11.31
1020.6	-17.87
1020.9	-17.87
1021.2	-17.87
