340.2	6.31
340.6	6.31
340.9	6.31
341.3	-18.5
341.7	4.67
342.1	14.5
342.4	-15.69
342.8	-4.93
343.2	-12.65
343.6	16.84
343.9	-32.31
344.3	-7.97
344.7	12.86
345.1	-7.97
345.4	-15.93
345.8	-14.06
346.2	-7.74
346.6	69.97
346.9	4.43
347.3	-6.33
347.7	12.39
348	-25.76
348.4	-2.59
348.8	-14.76
349.2	-12.65
349.5	-26.46
349.9	-26.7
350.3	-18.04
350.7	0.92
351	-0.95
351.4	-22.48
351.8	-35.82
352.2	-5.86
352.5	-29.5
352.9	13.56
353.3	-3.76
353.6	-18.5
354	4.2
354.4	-11.95
354.8	-11.25
355.1	-6.1
355.5	1.39
355.9	0.22
356.3	-7.74
356.6	-20.14
357	15.43
357.4	-1.42
357.8	11.92
358.1	-13.35
358.5	-3.06
358.9	8.88
359.2	8.88
359.6	-0.95
360	-7.97
360.4	-11.25
360.7	-13.12
361.1	5.84
361.5	4.9
361.9	6.07
362.2	-3.99
362.6	-18.74
363	16.14
363.3	-9.84
363.7	10.52
364.1	0.92
364.5	9.35
364.8	-23.42
365.2	-2.82
365.6	-16.63
366	-12.18
366.3	6.07
366.7	-27.63
367.1	-45.42
367.4	5.6
367.8	-2.82
368.2	-12.65
368.6	-14.29
368.9	-19.44
369.3	-24.12
369.7	-2.12
370	-20.61
370.4	-1.18
370.8	9.82
371.2	12.86
371.5	1.39
371.9	-38.16
372.3	-0.95
372.6	8.65
373	17.07
373.4	20.12
373.8	-36.06
374.1	14.5
374.5	-12.42
374.9	7.48
375.2	1.86
375.6	3.97
376	11.92
376.4	-22.72
376.7	-6.57
377.1	-35.36
377.5	-22.48
377.8	-7.5
378.2	9.12
378.6	-14.06
379	7.71
379.3	-15.93
379.7	-16.63
380.1	0.22
380.4	13.33
380.8	-32.78
381.2	8.65
381.6	-4.23
381.9	15.9
382.3	25.26
382.7	19.65
383	-0.01
383.4	7.24
383.8	-12.89
384.2	6.31
384.5	-29.97
384.9	0.46
385.3	-13.35
385.6	-24.59
386	-9.61
386.4	-15.93
386.7	-3.29
387.1	28.31
387.5	-11.01
387.9	13.33
388.2	-1.42
388.6	-21.31
389	-16.16
389.3	32.52
389.7	-14.99
390.1	-30.44
390.5	4.2
390.8	-3.29
391.2	24.09
391.6	-19.91
391.9	-26.7
392.3	-4.93
392.7	-3.99
393	-18.5
393.4	-0.95
393.8	-3.06
394.2	-9.84
394.5	-25.29
394.9	6.31
395.3	-28.57
395.6	3.03
396	-6.57
396.4	13.33
396.7	-16.86
397.1	-22.25
397.5	7.48
397.8	-5.4
398.2	-11.72
398.6	7.24
399	-7.03
399.3	12.86
399.7	-16.63
400.1	-17.57
400.4	-22.72
400.8	-1.18
401.2	19.41
401.5	-0.48
401.9	-6.57
402.3	-2.35
402.7	-18.5
403	-16.86
403.4	-12.89
403.8	-13.59
404.1	-7.74
404.5	19.18
404.9	-0.72
405.2	-26.46
405.6	-14.52
406	-22.95
406.3	-9.38
406.7	6.54
407.1	14.5
407.4	11.22
407.8	-30.44
408.2	6.31
408.6	-28.8
408.9	7.48
409.3	-1.65
409.7	-22.48
410	-33.95
410.4	-19.67
410.8	-23.18
411.1	14.97
411.5	3.26
411.9	136.91
412.2	26.9
412.6	-18.27
413	-5.86
413.3	6.07
413.7	-37.7
414.1	-8.91
414.4	-42.84
414.8	-5.63
415.2	7.94
415.5	-7.97
415.9	-14.99
416.3	-11.25
416.7	-26.46
417	-3.06
417.4	-47.06
417.8	17.78
418.1	-6.8
418.5	-28.8
418.9	-6.57
419.2	7.01
419.6	-11.01
420	-21.55
420.3	-15.46
420.7	-4.23
421.1	8.41
421.4	-38.87
421.8	-9.38
422.2	-19.91
422.5	-11.48
422.9	5.37
423.3	2.56
423.6	21.75
424	101.57
424.4	92.44
424.7	12.16
425.1	-7.27
425.5	-8.91
425.8	16.84
426.2	-3.76
426.6	-35.36
426.9	-14.52
427.3	-0.72
427.7	-4.46
428	-16.4
428.4	-7.97
428.8	2.8
429.1	1.63
429.5	-26.93
429.9	-3.99
430.2	-12.42
430.6	21.05
431	-31.14
431.3	12.86
431.7	-5.63
432.1	-22.01
432.4	10.05
432.8	9.58
433.2	17.07
433.5	-4.93
433.9	-14.06
434.3	-7.5
434.6	-14.29
435	10.99
435.4	-5.4
435.7	12.63
436.1	-1.89
436.5	10.52
436.8	-19.91
437.2	-10.55
437.6	-14.29
437.9	-18.27
438.3	-22.01
438.7	-19.91
439	16.84
439.4	-7.5
439.8	20.35
440.1	-14.06
440.5	7.24
440.9	-4.69
441.2	-15.69
441.6	9.35
442	6.77
442.3	-22.01
442.7	17.54
443.1	-15.46
443.4	7.48
443.8	-18.74
444.1	-8.44
444.5	6.77
444.9	-19.67
445.2	-11.48
445.6	-9.38
446	-25.52
446.3	-32.31
446.7	-30.21
447.1	-5.16
447.4	3.5
447.8	-5.86
448.2	2.33
448.5	-5.63
448.9	-17.1
449.3	22.69
449.6	-11.01
450	5.6
450.4	-0.25
450.7	5.6
451.1	-33.01
451.4	19.18
451.8	-9.84
452.2	-6.33
452.5	-14.06
452.9	-0.25
453.3	-6.57
453.6	-10.31
454	-20.38
454.4	-25.99
454.7	-29.97
455.1	-37.23
455.5	0.46
455.8	-9.84
456.2	-4.23
456.5	-33.72
456.9	10.29
457.3	-6.1
457.6	-21.08
458	-11.95
458.4	-11.25
458.7	-23.89
459.1	-15.69
459.5	-10.78
459.8	3.26
460.2	-0.95
460.5	0.46
460.9	-28.1
461.3	4.43
461.6	1.86
462	-24.82
462.4	2.09
462.7	13.8
463.1	-4.23
463.5	-25.99
463.8	6.07
464.2	10.29
464.5	18.95
464.9	1.63
465.3	-0.72
465.6	16.84
466	-21.55
466.4	-7.03
466.7	-10.78
467.1	9.58
467.5	-8.91
467.8	-48.7
468.2	13.09
468.5	-21.08
468.9	-2.82
469.3	-28.8
469.6	-0.25
470	-30.67
470.4	-11.01
470.7	12.86
471.1	-14.06
471.4	-19.91
471.8	-6.57
472.2	3.97
472.5	36.03
472.9	-36.53
473.3	16.37
473.6	2.33
474	27.14
474.3	5.84
474.7	-15.69
475.1	-7.5
475.4	-15.93
475.8	-3.52
476.2	-7.03
476.5	10.75
476.9	6.54
477.2	-30.67
477.6	-17.33
478	15.67
478.3	-13.82
478.7	13.09
479.1	-21.08
479.4	-15.93
479.8	14.26
480.1	4.2
480.5	-35.59
480.9	2.56
481.2	-29.27
481.6	13.56
481.9	-5.63
482.3	-7.74
482.7	95.01
483	2.8
483.4	1.16
483.8	5.14
484.1	-6.33
484.5	-28.1
484.8	-12.89
485.2	0.69
485.6	7.71
485.9	12.39
486.3	-7.03
486.6	-7.5
487	-16.4
487.4	21.05
487.7	-25.29
488.1	-19.67
488.5	-8.91
488.8	-15.46
489.2	-2.35
489.5	-21.31
489.9	3.03
490.3	-11.48
490.6	-15.69
491	15.67
491.3	4.2
491.7	-27.4
492.1	-23.89
492.4	5.37
492.8	-1.42
493.1	-9.14
493.5	10.75
493.9	-7.5
494.2	17.54
494.6	-4.69
494.9	-23.89
495.3	-22.72
495.7	-26.23
496	-12.89
496.4	7.24
496.7	-8.91
497.1	-7.03
497.5	-9.14
497.8	0.22
498.2	20.12
498.5	-25.29
498.9	-5.4
499.3	-11.25
499.6	-21.55
500	7.94
500.3	34.39
500.7	-4.93
501.1	-5.16
501.4	-10.78
501.8	3.97
502.1	-13.35
502.5	-0.72
502.9	4.43
503.2	-7.97
503.6	6.77
503.9	-35.36
504.3	-3.76
504.7	-5.63
505	-22.25
505.4	2.56
505.7	-0.95
506.1	10.29
506.5	-1.18
506.8	3.97
507.2	2.09
507.5	-9.14
507.9	1.39
508.2	-21.55
508.6	-6.1
509	-0.01
509.3	4.2
509.7	-15.46
510	-15.69
510.4	-7.27
510.8	-23.42
511.1	18.71
511.5	-9.14
511.8	-4.46
512.2	7.48
512.6	17.54
512.9	-3.52
513.3	-0.48
513.6	0.92
514	-19.21
514.3	20.35
514.7	31.82
515.1	-19.44
515.4	-9.14
515.8	-21.31
516.1	-37.7
516.5	3.26
516.9	1.16
517.2	19.18
517.6	-13.82
517.9	-7.5
518.3	13.56
518.6	6.07
519	-9.84
519.4	-32.78
519.7	-32.31
520.1	-8.91
520.4	-44.25
520.8	15.2
521.1	-25.06
521.5	10.52
521.9	16.6
522.2	-13.59
522.6	6.54
522.9	-16.86
523.3	6.31
523.6	11.92
524	-26.23
524.4	1.16
524.7	16.84
525.1	22.69
525.4	-6.8
525.8	-19.91
526.2	5.84
526.5	6.77
526.9	-12.65
527.2	15.43
527.6	-12.89
527.9	-26.7
528.3	3.5
528.6	-12.42
529	-36.99
529.4	-11.25
529.7	-21.55
530.1	-1.18
530.4	-0.95
530.8	7.24
531.1	-0.25
531.5	14.5
531.9	-22.25
532.2	0.46
532.6	-12.18
532.9	-31.84
533.3	7.71
533.6	-3.52
534	-13.35
534.4	182.55
534.7	3.73
535.1	-29.27
535.4	-33.95
535.8	-8.91
536.1	-0.25
536.5	-14.06
536.8	18.01
537.2	-3.76
537.6	-11.48
537.9	-1.89
538.3	-4.46
538.6	5.37
539	-5.4
539.3	-23.42
539.7	-53.61
540	-24.82
540.4	-19.44
540.8	-9.61
541.1	-98.78
541.5	-13.12
541.8	8.88
542.2	-59.46
542.5	-10.78
542.9	19.65
543.2	23.63
543.6	-16.4
544	-3.06
544.3	-13.82
544.7	7.24
545	-6.33
545.4	-0.72
545.7	17.78
546.1	-12.42
546.4	2.56
546.8	15.2
547.2	7.94
547.5	-10.78
547.9	-17.8
548.2	-22.25
548.6	29.95
548.9	18.48
549.3	8.41
549.6	-22.01
550	12.63
550.3	-6.33
550.7	-28.8
551.1	10.29
551.4	16.6
551.8	2.8
552.1	4.2
552.5	4.67
552.8	0.69
553.2	-30.21
553.5	-18.74
553.9	-6.33
554.2	-0.25
554.6	-33.95
554.9	27.14
555.3	28.31
555.7	8.65
556	-0.25
556.4	-3.06
556.7	-2.59
557.1	1.39
557.4	24.8
557.8	-1.89
558.1	10.05
558.5	-1.18
558.8	4.9
559.2	-19.91
559.5	-5.16
559.9	23.86
560.3	-6.57
560.6	5.6
561	6.07
561.3	-7.74
561.7	1.86
562	0.46
562.4	7.48
562.7	-11.48
563.1	9.82
563.4	-14.99
563.8	5.37
564.1	18.24
564.5	-29.04
564.8	5.37
565.2	10.99
565.5	10.99
565.9	6.31
566.3	-8.67
566.6	13.56
567	9.35
567.3	5.84
567.7	8.18
568	10.75
568.4	10.52
568.7	-8.2
569.1	6.77
569.4	-2.82
569.8	13.33
570.1	34.39
570.5	18.01
570.8	13.56
571.2	27.61
571.5	2.33
571.9	-11.48
572.2	2.33
572.6	10.29
572.9	32.52
573.3	32.05
573.6	14.26
574	2.09
574.4	10.05
574.7	6.54
575.1	29.01
575.4	8.18
575.8	3.97
576.1	18.71
576.5	-15.93
576.8	16.37
577.2	27.61
577.5	-0.72
577.9	80.27
578.2	35.8
578.6	18.01
578.9	22.69
579.3	23.39
579.6	20.58
580	26.2
580.3	-7.03
580.7	20.12
581	-7.74
581.4	15.9
581.7	16.14
582.1	22.22
582.4	27.37
582.8	20.12
583.1	12.86
583.5	-14.52
583.8	15.2
584.2	23.39
584.5	49.61
584.9	47.27
585.2	26.67
585.6	42.12
585.9	2.33
586.3	35.33
586.6	4.43
587	9.35
587.3	25.5
587.7	51.95
588	42.35
588.4	29.24
588.7	23.86
589.1	52.18
589.4	42.82
589.8	36.5
590.1	35.1
590.5	36.97
590.8	36.97
591.2	61.54
591.5	46.56
591.9	6.31
592.2	69.27
592.6	36.03
592.9	60.61
593.3	25.97
593.6	54.29
594	72.54
594.3	65.29
594.7	87.99
595	65.29
595.4	54.99
595.7	72.78
596.1	62.48
596.4	84.25
596.8	78.63
597.1	77.69
597.5	85.88
597.8	99.46
598.2	116.78
598.5	96.65
598.9	70.2
599.2	80.97
599.6	116.31
599.9	126.14
600.3	110.69
600.6	121.23
601	138.55
601.3	120.06
601.7	105.08
602	138.08
602.4	133.4
602.7	143.23
603.1	167.57
603.4	186.76
603.8	155.16
604.1	164.53
604.5	160.08
604.8	188.87
605.1	191.21
605.5	210.4
605.8	216.02
606.2	199.87
606.5	210.4
606.9	275.47
607.2	222.57
607.6	263.53
607.9	289.98
608.3	261.66
608.6	274.77
609	268.91
609.3	297.24
609.7	302.62
610	350.83
610.4	360.43
610.7	352
611.1	375.17
611.4	392.96
611.8	390.39
612.1	412.62
612.5	432.52
612.8	430.65
613.1	451.24
613.5	493.84
613.8	505.54
614.2	504.14
614.5	570.14
614.9	581.61
615.2	600.33
615.6	613.44
615.9	656.51
616.3	674.53
616.6	644.1
617	725.79
617.3	763.94
617.7	766.28
618	830.64
618.3	875.58
618.7	878.62
619	881.2
619.4	931.75
619.7	954.93
620.1	1030.29
620.4	1063.53
620.8	1098.87
621.1	1122.27
621.5	1095.83
621.8	1216.36
622.2	1244.92
622.5	1310.22
622.8	1340.65
623.2	1357.73
623.5	1424.91
623.9	1490.67
624.2	1512.44
624.6	1614.72
624.9	1650.53
625.3	1685.87
625.6	1732.92
626	1808.52
626.3	1790.03
626.7	1876.86
627	1976.8
627.3	2058.72
627.7	2061.3
628	2173.17
628.4	2196.35
628.7	2294.65
629.1	2304.71
629.4	2393.42
629.8	2446.55
630.1	2496.17
630.5	2531.51
630.8	2543.45
631.1	2600.09
631.5	2612.49
631.8	2599.85
632.2	2621.86
632.5	2589.79
632.9	2572.94
633.2	2577.62
633.6	2546.02
633.9	2504.59
634.2	2473.93
634.6	2367.91
634.9	2350.12
635.3	2294.18
635.6	2156.56
636	2066.91
636.3	1962.29
636.7	1869.37
637	1789.09
637.3	1733.39
637.7	1609.57
638	1554.34
638.4	1450.18
638.7	1366.86
639.1	1283.3
639.4	1209.58
639.8	1097
640.1	1059.08
640.4	1014.38
640.8	906.94
641.1	859.43
641.5	785
641.8	732.11
642.2	697.93
642.5	643.17
642.8	616.72
643.2	595.19
643.5	517.95
643.9	478.39
644.2	473.95
644.6	419.65
644.9	398.58
645.3	396.47
645.6	371.43
645.9	358.32
646.3	328.36
646.6	308.94
647	285.77
647.3	259.32
647.7	249.25
648	233.57
648.3	222.34
648.7	187.46
649	217.19
649.4	208.53
649.7	177.63
650.1	171.31
650.4	168.27
650.7	148.14
651.1	132.46
651.4	114.44
651.8	117.95
652.1	121.93
652.4	113.74
652.8	112.8
653.1	106.25
653.5	82.37
653.8	101.1
654.2	104.37
654.5	117.72
654.8	53.59
655.2	69.27
655.5	77.22
655.9	60.84
656.2	52.88
656.6	56.39
656.9	57.8
657.2	59.9
657.6	51.01
657.9	47.73
658.3	51.48
658.6	53.12
658.9	57.1
659.3	51.95
659.6	17.78
660	56.86
660.3	26.44
660.7	39.31
661	37.2
661.3	21.75
661.7	39.54
662	51.24
662.4	4.43
662.7	2.33
663	-6.57
663.4	20.58
663.7	-55.48
664.1	5.14
664.4	4.43
664.7	-2.59
665.1	34.16
665.4	19.65
665.8	31.35
666.1	19.41
666.4	4.67
666.8	7.24
667.1	0.46
667.5	-21.55
667.8	-5.86
668.1	15.2
668.5	9.35
668.8	-3.99
669.2	-2.12
669.5	20.82
669.8	10.99
670.2	13.8
670.5	2.8
670.9	10.99
671.2	15.9
671.5	4.2
671.9	-33.48
672.2	18.71
672.6	28.78
672.9	15.43
673.2	1.63
673.6	-16.86
673.9	7.48
674.3	-13.82
674.6	35.33
674.9	-11.25
675.3	18.01
675.6	-7.27
676	3.97
676.3	5.6
676.6	9.35
677	23.16
677.3	-7.27
677.7	0.69
678	-11.25
678.3	-12.89
678.7	-2.35
679	21.29
679.4	-18.04
679.7	1.86
680	1.63
680.4	-8.44
680.7	-3.52
681	-7.27
681.4	-4.69
681.7	-11.48
682.1	14.73
682.4	-5.63
682.7	-29.97
683.1	-16.16
683.4	22.46
683.8	40.48
684.1	13.8
684.4	-0.48
684.8	-0.95
685.1	14.73
685.4	-3.06
685.8	4.43
686.1	9.82
686.5	18.01
686.8	-0.25
687.1	20.12
687.5	-2.82
687.8	10.99
688.1	12.16
688.5	0.92
688.8	-4.46
689.2	-29.5
689.5	-15.69
689.8	-23.18
690.2	5.84
690.5	-12.65
690.8	-1.89
691.2	2.8
691.5	-0.95
691.9	9.82
692.2	-10.31
692.5	-1.42
692.9	2.56
693.2	-18.04
693.5	5.84
693.9	-22.25
694.2	-8.67
694.6	-3.29
694.9	22.69
695.2	-32.78
695.6	-7.97
695.9	-54.31
696.2	-5.4
696.6	-5.86
696.9	7.01
697.2	10.75
697.6	27.61
697.9	-19.67
698.3	-34.42
698.6	-5.86
698.9	-16.63
699.3	-12.65
699.6	-25.06
699.9	-2.12
700.3	-2.59
700.6	-17.33
700.9	-14.52
701.3	4.43
701.6	-16.86
702	9.58
702.3	18.01
702.6	29.95
703	-5.86
703.3	-7.27
703.6	7.94
704	-20.38
704.3	-2.59
704.6	-38.63
705	3.26
705.3	-7.97
705.6	2.09
706	-1.65
706.3	-29.27
706.6	-10.55
707	-1.42
707.3	6.54
707.7	-2.12
708	-3.52
708.3	-31.38
708.7	-9.38
709	-17.1
709.3	3.73
709.7	2.33
710	-5.4
710.3	4.9
710.7	-15.69
711	1.16
711.3	-22.48
711.7	17.07
712	-8.44
712.3	-41.21
712.7	13.33
713	28.54
713.3	-30.91
713.7	-12.65
714	8.65
714.3	-4.46
714.7	27.61
715	-10.31
715.3	-28.1
715.7	-6.33
716	40.71
716.3	-9.84
716.7	-24.59
717	-16.86
717.3	16.6
717.7	-2.82
718	-14.29
718.4	-2.35
718.7	-17.8
719	-16.4
719.4	-1.89
719.7	3.97
720	-15.69
720.4	-15.46
720.7	11.92
721	-18.97
721.3	-7.27
721.7	18.01
722	-24.59
722.3	-17.33
722.7	-6.8
723	-14.06
723.3	-14.29
723.7	-6.8
724	-12.18
724.3	2.33
724.7	2.56
725	2.56
725.3	6.54
725.7	14.03
726	12.16
726.3	-5.16
726.7	-9.38
727	14.97
727.3	-10.08
727.7	-24.35
728	-1.89
728.3	-41.21
728.7	9.12
729	8.18
729.3	7.94
729.7	-18.5
730	2.33
730.3	-25.99
730.7	0.69
731	-20.14
731.3	-25.29
731.7	-14.06
732	3.5
732.3	-18.27
732.6	-11.72
733	-2.59
733.3	-7.74
733.6	-7.27
734	-5.86
734.3	-36.53
734.6	-1.18
735	12.63
735.3	-5.86
735.6	-20.38
736	0.92
736.3	-7.27
736.6	-3.29
737	-3.06
737.3	6.07
737.6	-1.18
737.9	-19.44
738.3	15.43
738.6	-42.84
738.9	13.09
739.3	-2.12
739.6	13.33
739.9	-8.91
740.3	-4.23
740.6	-24.35
740.9	-14.52
741.2	4.2
741.6	10.29
741.9	6.77
742.2	-13.59
742.6	-5.16
742.9	2.8
743.2	-22.95
743.6	-21.78
743.9	8.18
744.2	22.22
744.6	-0.01
744.9	-7.74
745.2	-15.69
745.5	-23.42
745.9	7.94
746.2	-8.44
746.5	-2.35
746.9	17.07
747.2	-19.44
747.5	-5.86
747.8	-10.08
748.2	6.54
748.5	-3.52
748.8	-8.2
749.2	4.67
749.5	5.84
749.8	-8.44
750.1	15.9
750.5	-2.12
750.8	-11.01
751.1	-9.61
751.5	-4.46
751.8	-33.01
752.1	-21.08
752.5	-3.76
752.8	-15.93
753.1	-5.86
753.4	20.58
753.8	-29.97
754.1	-15.93
754.4	-8.2
754.7	-7.03
755.1	-15.93
755.4	-5.86
755.7	-7.27
756.1	-2.82
756.4	8.65
756.7	-36.06
757	-8.44
757.4	-20.84
757.7	-10.55
758	-13.82
758.4	7.94
758.7	10.75
759	-9.84
759.3	-6.57
759.7	12.16
760	2.56
760.3	8.88
760.7	-3.52
761	9.82
761.3	-20.84
761.6	9.82
762	7.24
762.3	-30.21
762.6	7.01
762.9	3.5
763.3	-30.21
763.6	8.65
763.9	-17.33
764.2	-27.16
764.6	-11.48
764.9	-8.44
765.2	-0.01
765.6	-0.01
765.9	5.14
766.2	-22.95
766.5	33.22
766.9	-30.21
767.2	-2.59
767.5	3.03
767.8	-17.33
768.2	-9.61
768.5	-28.8
768.8	-7.74
769.1	-8.2
769.5	13.8
769.8	15.43
770.1	-20.84
770.5	4.9
770.8	-26.23
771.1	7.71
771.4	8.18
771.8	5.6
772.1	-0.01
772.4	-0.48
772.7	-34.65
773.1	-14.52
773.4	18.48
773.7	11.92
774	-34.42
774.4	-7.74
774.7	2.56
775	-12.42
775.3	-16.63
775.7	-13.35
776	-15.93
776.3	11.46
776.6	8.65
777	-24.82
777.3	-9.84
777.6	-2.82
777.9	-1.89
778.3	8.41
778.6	12.86
778.9	-26.23
779.2	-12.65
779.6	-10.08
779.9	-4.93
780.2	11.69
780.5	-9.61
780.9	-3.29
781.2	-22.72
781.5	-9.61
781.8	-19.67
782.2	-3.29
782.5	-29.97
782.8	-2.82
783.1	-22.25
783.4	-21.55
783.8	6.07
784.1	15.9
784.4	32.75
784.7	-13.59
785.1	6.77
785.4	-6.33
785.7	-31.14
786	-5.16
786.4	-21.78
786.7	-20.84
787	-6.57
787.3	-3.29
787.7	-19.67
788	5.37
788.3	10.52
788.6	-14.76
788.9	-4.23
789.3	-7.5
789.6	1.39
789.9	-17.57
790.2	-0.95
790.6	-2.35
790.9	2.09
791.2	-11.25
791.5	-12.89
791.9	6.77
792.2	6.07
792.5	-2.82
792.8	-0.25
793.1	-0.95
793.5	-20.84
793.8	-25.06
794.1	12.16
794.4	-1.65
794.8	-5.4
795.1	21.29
795.4	-10.55
795.7	-21.78
796	9.58
796.4	6.31
796.7	3.5
797	14.03
797.3	-1.89
797.7	10.05
798	-1.42
798.3	-15.46
798.6	-5.16
798.9	-14.29
799.3	-2.12
799.6	-12.65
799.9	10.29
800.2	5.37
800.5	-17.8
800.9	-1.18
801.2	3.73
801.5	-14.76
801.8	-2.82
802.2	-10.08
802.5	8.88
802.8	24.8
803.1	8.41
803.4	1.86
803.8	8.88
804.1	0.69
804.4	-0.72
804.7	10.75
805	-11.48
805.4	-19.44
805.7	-30.67
806	-12.42
806.3	31.12
806.6	-9.61
807	-0.72
807.3	-11.72
807.6	7.01
807.9	-19.91
808.2	-5.16
808.6	-4.93
808.9	25.03
809.2	-7.74
809.5	-30.91
809.8	-17.8
810.2	-0.72
810.5	-2.59
810.8	21.29
811.1	-14.76
811.4	23.63
811.8	10.29
812.1	0.69
812.4	-35.12
812.7	16.37
813	-3.52
813.4	28.54
813.7	-25.99
814	-5.63
814.3	-3.29
814.6	-2.35
815	0.22
815.3	-45.65
815.6	-17.33
815.9	-21.31
816.2	-1.18
816.5	2.56
816.9	-21.78
817.2	-12.18
817.5	-15.93
817.8	-2.59
818.1	-13.82
818.5	-5.86
818.8	18.01
819.1	-22.01
819.4	-3.06
819.7	-7.97
820.1	-1.42
820.4	-18.97
820.7	8.18
821	-0.01
821.3	-34.89
821.6	-13.12
822	-27.87
822.3	-18.5
822.6	-33.01
822.9	-7.5
823.2	-28.1
823.5	-11.25
823.9	12.63
824.2	-7.97
824.5	-30.67
824.8	8.65
825.1	24.09
825.5	34.39
825.8	3.5
826.1	7.48
826.4	-3.52
826.7	4.67
827	-21.08
827.4	13.8
827.7	-25.76
828	-36.06
828.3	12.63
828.6	-9.61
828.9	-21.78
829.3	-8.44
829.6	-3.06
829.9	-17.57
830.2	-22.95
830.5	-35.59
830.8	-14.06
831.2	-20.14
831.5	-21.78
831.8	-9.14
832.1	11.22
832.4	-12.89
832.7	-18.74
833.1	-6.57
833.4	-3.76
833.7	-7.5
834	-5.4
834.3	7.24
834.6	-3.29
835	12.16
835.3	-11.01
835.6	-7.74
835.9	1.86
836.2	-14.99
836.5	-16.86
836.8	5.37
837.2	16.6
837.5	-16.4
837.8	-23.42
838.1	-14.06
838.4	2.8
838.7	-21.78
839.1	12.16
839.4	-10.55
839.7	-7.97
840	11.92
840.3	-4.23
840.6	-23.42
840.9	-6.8
841.3	-38.87
841.6	2.56
841.9	-3.52
842.2	1.39
842.5	-9.84
842.8	-18.27
843.1	1.39
843.5	-20.61
843.8	-6.33
844.1	-13.59
844.4	-13.12
844.7	11.92
845	0.69
845.3	-26.23
845.7	-4.23
846	-32.08
846.3	-19.67
846.6	-35.36
846.9	-17.8
847.2	-9.61
847.5	3.73
847.9	-14.76
848.2	37.2
848.5	-12.18
848.8	-17.1
849.1	-0.01
849.4	18.48
849.7	1.63
850	-9.61
850.4	-8.2
850.7	-22.01
851	8.41
851.3	2.8
851.6	6.77
851.9	-26.7
852.2	-35.12
852.5	10.99
852.9	-7.5
853.2	14.26
853.5	-25.76
853.8	24.33
854.1	19.65
854.4	-0.25
854.7	-3.52
855.1	-4.46
855.4	-14.52
855.7	-5.16
856	18.48
856.3	15.2
856.6	1.39
856.9	-18.04
857.2	-0.72
857.5	-3.99
857.9	-0.25
858.2	-22.95
858.5	3.03
858.8	-26.93
859.1	-39.8
859.4	1.63
859.7	8.18
860	-7.97
860.4	15.43
860.7	10.52
861	5.37
861.3	-11.25
861.6	2.33
861.9	-10.55
862.2	17.78
862.5	-19.44
862.8	-6.8
863.2	-1.18
863.5	17.31
863.8	-20.38
864.1	-2.82
864.4	-3.29
864.7	-0.25
865	27.37
865.3	-9.14
865.6	4.2
866	-15.69
866.3	21.05
866.6	-26.93
866.9	-2.35
867.2	-20.84
867.5	-13.12
867.8	2.09
868.1	-1.18
868.4	6.31
868.7	2.09
869.1	3.5
869.4	19.41
869.7	19.18
870	-4.46
870.3	-2.12
870.6	-30.21
870.9	-26.7
871.2	-26.46
871.5	3.26
871.8	-1.42
872.1	-5.4
872.5	10.75
872.8	6.54
873.1	6.31
873.4	-19.44
873.7	9.35
874	19.88
874.3	7.71
874.6	-3.99
874.9	24.56
875.2	10.29
875.6	-2.35
875.9	-26.93
876.2	-14.29
876.5	16.37
876.8	7.71
877.1	-6.33
877.4	-4.69
877.7	-16.16
878	-6.33
878.3	13.09
878.6	-4.23
878.9	-4.93
879.3	-32.55
879.6	-11.01
879.9	-1.65
880.2	3.73
880.5	-27.87
880.8	3.03
881.1	-9.38
881.4	-7.5
881.7	-7.27
882	4.43
882.3	-0.01
882.6	3.73
882.9	-39.33
883.3	-5.16
883.6	1.16
883.9	3.73
884.2	-17.8
884.5	-2.35
884.8	9.58
885.1	4.43
885.4	-29.5
885.7	-28.57
886	-13.82
886.3	-33.01
886.6	-0.95
886.9	22.92
887.2	-11.48
887.6	9.82
887.9	9.35
888.2	-10.55
888.5	-22.72
888.8	-5.4
889.1	16.84
889.4	25.97
889.7	-2.35
890	-13.12
890.3	-14.29
890.6	-15.93
890.9	-9.84
891.2	8.18
891.5	14.73
891.8	-6.1
892.1	3.97
892.5	-5.4
892.8	27.37
893.1	1.39
893.4	9.12
893.7	5.14
894	-7.5
894.3	-0.01
894.6	-7.27
894.9	-7.27
895.2	-5.16
895.5	-21.08
895.8	0.69
896.1	19.18
896.4	-1.18
896.7	-36.53
897	-27.16
897.3	-36.29
897.6	-4.93
897.9	38.84
898.3	-37.46
898.6	-1.18
898.9	6.54
899.2	21.52
899.5	14.03
899.8	3.73
900.1	-23.42
900.4	5.14
900.7	-12.18
901	-7.03
901.3	3.26
901.6	-7.97
901.9	10.75
902.2	-1.42
902.5	11.46
902.8	7.71
903.1	4.2
903.4	13.56
903.7	-16.16
904	-2.82
904.3	-2.12
904.6	-22.25
904.9	-21.31
905.2	9.12
905.6	-23.42
905.9	-30.44
906.2	-23.42
906.5	31.12
906.8	-13.59
907.1	-25.06
907.4	-25.52
907.7	-6.1
908	-27.63
908.3	-20.38
908.6	-15.46
908.9	-12.89
909.2	8.18
909.5	1.39
909.8	-14.52
910.1	-5.16
910.4	-40.74
910.7	10.05
911	8.41
911.3	10.05
911.6	-6.57
911.9	23.16
912.2	-4.46
912.5	-15.93
912.8	6.31
913.1	4.43
913.4	1.63
913.7	-2.35
914	1.63
914.3	-18.74
914.6	-25.06
914.9	-18.74
915.2	-2.82
915.5	-0.72
915.8	-4.69
916.1	-25.52
916.4	-11.25
916.7	-4.46
917	-18.04
917.3	-3.06
917.6	16.84
917.9	18.71
918.2	-20.38
918.5	11.22
918.8	-16.86
919.1	-21.31
919.5	-6.8
919.8	14.73
920.1	3.5
920.4	-8.44
920.7	-3.76
921	-21.31
921.3	-5.86
921.6	-13.35
921.9	1.39
922.2	23.16
922.5	10.99
922.8	0.22
923.1	9.35
923.4	-9.38
923.7	-9.38
924	3.97
924.3	-10.08
924.6	-5.4
924.9	-14.52
925.2	-9.61
925.5	-10.31
925.8	-25.29
926.1	-4.93
926.4	-13.35
926.7	-4.93
927	-15.69
927.3	-11.95
927.6	-17.1
927.9	-4.46
928.2	13.33
928.4	-32.78
928.7	-19.67
929	41.18
929.3	23.39
929.6	-4.93
929.9	0.22
930.2	-17.1
930.5	-22.48
930.8	-3.76
931.1	14.5
931.4	-26.46
931.7	-13.35
932	-30.67
932.3	-20.14
932.6	8.88
932.9	21.75
933.2	-2.35
933.5	-14.06
933.8	-7.5
934.1	-17.57
934.4	29.95
934.7	-4.69
935	16.84
935.3	-14.29
935.6	-33.95
935.9	19.41
936.2	10.52
936.5	-19.67
936.8	-8.44
937.1	6.77
937.4	-1.89
937.7	-6.1
938	-4.46
938.3	-5.16
938.6	-16.16
938.9	-9.84
939.2	12.16
939.5	-26.23
939.8	13.8
940.1	-7.74
940.4	-35.59
940.7	-25.99
941	-28.1
941.3	17.07
941.6	-14.29
941.9	-20.61
942.2	-7.27
942.4	-30.67
942.7	-10.78
943	3.97
943.3	19.18
943.6	10.99
943.9	-6.8
944.2	-11.95
944.5	3.26
944.8	-6.33
945.1	2.09
945.4	2.33
945.7	-4.69
946	-8.44
946.3	0.46
946.6	4.9
946.9	8.65
947.2	11.69
947.5	4.43
947.8	-0.95
948.1	7.94
948.4	-8.44
948.7	-7.03
949	-17.8
949.2	11.92
949.5	6.54
949.8	15.2
950.1	4.9
950.4	9.12
950.7	-21.31
951	-1.65
951.3	2.8
951.6	-12.42
951.9	-36.53
952.2	2.33
952.5	-8.91
952.8	-19.91
953.1	-21.55
953.4	-9.38
953.7	-5.4
954	14.26
954.3	-8.44
954.6	-4.69
954.8	-14.06
955.1	-9.14
955.4	-15.23
955.7	25.73
956	-6.57
956.3	-4.93
956.6	-30.67
956.9	17.54
957.2	-16.16
957.5	-17.57
957.8	-24.35
958.1	-20.84
958.4	-8.2
958.7	-24.59
959	4.9
959.2	-3.29
959.5	-1.89
959.8	-24.35
960.1	-11.72
960.4	-7.03
960.7	4.2
961	3.97
961.3	-20.84
961.6	8.88
961.9	-1.42
962.2	25.73
962.5	-6.57
962.8	6.07
963.1	-2.35
963.3	-1.18
963.6	3.5
963.9	-34.18
964.2	2.33
964.5	-4.93
964.8	-1.65
965.1	5.14
965.4	27.84
965.7	-9.84
966	2.56
966.3	23.39
966.6	1.39
966.9	-12.65
967.1	13.33
967.4	-7.03
967.7	-27.63
968	19.65
968.3	-6.8
968.6	17.31
968.9	26.2
969.2	-42.61
969.5	-7.03
969.8	2.09
970.1	0.69
970.3	-30.67
970.6	-16.16
970.9	23.16
971.2	-12.65
971.5	36.27
971.8	-3.06
972.1	5.6
972.4	18.48
972.7	-11.01
973	-7.74
973.3	4.43
973.5	-21.55
973.8	1.86
974.1	-11.48
974.4	2.56
974.7	-0.95
975	12.86
975.3	12.63
975.6	-6.8
975.9	-8.91
976.2	17.54
976.4	-10.78
976.7	-12.42
977	-17.33
977.3	-2.59
977.6	-3.29
977.9	10.75
978.2	4.43
978.5	7.71
978.8	14.73
979	-3.06
979.3	-7.5
979.6	8.65
979.9	9.12
980.2	-24.59
980.5	-11.48
980.8	-0.48
981.1	8.41
981.4	7.24
981.6	-194.28
981.9	-4.46
982.2	15.2
982.5	-10.31
982.8	-3.99
983.1	-21.55
983.4	-12.18
983.7	-7.03
984	10.52
984.2	-19.91
984.5	-6.57
984.8	-6.8
985.1	6.31
985.4	3.97
985.7	6.54
986	-8.2
986.3	-34.18
986.5	16.14
986.8	5.6
987.1	-17.33
987.4	-12.42
987.7	-22.48
988	-45.42
988.3	-2.59
988.6	-7.27
988.8	-17.57
989.1	2.09
989.4	-0.72
989.7	27.37
990	-1.18
990.3	-4.69
990.6	-0.25
990.9	-12.18
991.1	-31.61
991.4	2.09
991.7	-2.82
992	-3.29
992.3	-21.31
992.6	-0.01
992.9	2.56
993.1	-11.72
993.4	-14.29
993.7	-22.48
994	5.84
994.3	-10.08
994.6	3.73
994.9	-7.27
995.1	6.77
995.4	-21.55
995.7	26.44
996	-28.57
996.3	-8.2
996.6	-1.65
996.9	-3.76
997.1	15.43
997.4	4.43
997.7	-30.21
998	-14.06
998.3	-2.12
998.6	-34.18
998.9	24.8
999.1	-18.04
999.4	-38.87
999.7	0.22
1000	-4.46
1000.3	5.14
1000.6	-18.04
1000.8	-11.25
1001.1	23.86
1001.4	24.09
1001.7	-9.38
1002	-1.65
1002.3	5.14
1002.6	-10.55
1002.8	-25.52
1003.1	-10.78
1003.4	-18.5
1003.7	-30.67
1004	2.56
1004.3	-33.01
1004.5	-29.04
1004.8	-26.7
1005.1	-4.46
1005.4	5.37
1005.7	-6.33
1006	-3.29
1006.2	5.84
1006.5	-2.35
1006.8	0.92
1007.1	-2.59
1007.4	4.9
1007.7	-13.82
1007.9	-26.7
1008.2	-15.93
1008.5	-7.27
1008.8	-5.16
1009.1	-8.91
1009.4	-27.16
1009.6	-29.27
1009.9	-30.21
1010.2	7.24
1010.5	7.01
1010.8	15.43
1011.1	15.2
1011.3	-29.27
1011.6	-25.76
1011.9	-29.5
1012.2	3.26
1012.5	7.71
1012.7	7.71
1013	-13.35
1013.3	-18.5
1013.6	2.09
1013.9	-1.42
1014.2	-16.63
1014.4	12.63
1014.7	2.8
1015	-8.2
1015.3	-30.67
1015.6	-20.84
1015.8	-6.1
1016.1	-18.97
1016.4	-29.27
1016.7	10.29
1017	22.92
1017.2	-7.5
1017.5	-10.78
1017.8	-6.1
1018.1	-7.03
1018.4	3.26
1018.7	-27.16
1018.9	-11.48
1019.2	11.46
1019.5	-2.12
1019.8	-6.33
1020.1	9.12
1020.3	3.73
1020.6	-6.1
1020.9	-6.1
1021.2	-6.1
