340.2	-5.27
340.6	-5.27
340.9	-5.27
341.3	1.76
341.7	12.76
342.1	-10.18
342.4	-29.14
342.8	-18.61
343.2	9.25
343.6	-20.01
343.9	-14.39
344.3	-0.35
344.7	-3.63
345.1	-4.33
345.4	3.39
345.8	7.14
346.2	4.1
346.6	78.06
346.9	-1.29
347.3	-34.05
347.7	28.91
348	-27.97
348.4	4.1
348.8	-12.99
349.2	-23.29
349.5	-6.67
349.9	-11.12
350.3	-25.39
350.7	-2.22
351	-4.33
351.4	-4.56
351.8	-36.86
352.2	-10.42
352.5	-15.33
352.9	-2.46
353.3	1.29
353.6	-17.91
354	11.12
354.4	12.29
354.8	-19.54
355.1	6.9
355.5	2.46
355.9	4.56
356.3	-13.22
356.6	-24.46
357	1.52
357.4	6.67
357.8	-7.37
358.1	-15.8
358.5	2.69
358.9	-41.54
359.2	-1.05
359.6	-26.1
360	-22.59
360.4	-19.54
360.7	-20.25
361.1	-9.95
361.5	-5.27
361.9	-1.29
362.2	-20.25
362.6	-1.05
363	-15.1
363.3	-12.05
363.7	-10.18
364.1	-18.37
364.5	-14.63
364.8	-20.71
365.2	18.14
365.6	-24.93
366	-17.67
366.3	13.69
366.7	2.46
367.1	-18.14
367.4	-4.8
367.8	-12.05
368.2	-2.22
368.6	-1.05
368.9	-34.76
369.3	-8.78
369.7	-27.74
370	5.73
370.4	-33.12
370.8	13.69
371.2	17.44
371.5	-10.65
371.9	-27.03
372.3	-6.9
372.6	17.2
373	-11.82
373.4	33.35
373.8	-26.1
374.1	-14.63
374.5	-22.59
374.9	-9.95
375.2	-10.88
375.6	-8.31
376	4.1
376.4	-8.07
376.7	-21.88
377.1	-41.78
377.5	-12.05
377.8	-28.2
378.2	-11.35
378.6	-30.08
379	12.05
379.3	-13.69
379.7	-15.56
380.1	-21.42
380.4	-19.08
380.8	-34.52
381.2	0.35
381.6	-17.44
381.9	-14.63
382.3	22.35
382.7	-9.48
383	1.99
383.4	-0.82
383.8	-7.84
384.2	-8.31
384.5	-22.35
384.9	-15.8
385.3	0.35
385.6	-31.48
386	-13.69
386.4	-4.56
386.7	14.16
387.1	6.9
387.5	-16.5
387.9	12.99
388.2	-3.86
388.6	-24.22
389	-3.86
389.3	-11.82
389.7	-17.91
390.1	-36.63
390.5	1.76
390.8	-9.01
391.2	-6.44
391.6	-26.8
391.9	-4.56
392.3	-14.63
392.7	-3.86
393	-32.18
393.4	-6.9
393.8	-10.88
394.2	-5.73
394.5	-26.1
394.9	-6.2
395.3	-42.48
395.6	-5.27
396	-25.63
396.4	8.78
396.7	0.35
397.1	-15.1
397.5	-17.44
397.8	-13.46
398.2	-18.84
398.6	-4.56
399	-7.14
399.3	-5.03
399.7	-25.39
400.1	-6.9
400.4	-17.67
400.8	-11.35
401.2	-13.93
401.5	-4.56
401.9	8.78
402.3	-0.59
402.7	12.05
403	-9.25
403.4	0.59
403.8	5.27
404.1	-8.07
404.5	2.46
404.9	-13.93
405.2	-21.88
405.6	-17.91
406	-17.67
406.3	-4.8
406.7	-1.05
407.1	-19.54
407.4	-13.22
407.8	-1.52
408.2	10.42
408.6	4.8
408.9	-1.76
409.3	-11.35
409.7	-28.44
410	-25.39
410.4	-37.1
410.8	-15.8
411.1	13.22
411.5	12.52
411.9	132.83
412.2	39.67
412.6	-36.63
413	-32.18
413.3	-13.46
413.7	-13.93
414.1	-14.63
414.4	-57.93
414.8	-3.39
415.2	-5.5
415.5	-15.1
415.9	8.07
416.3	-6.44
416.7	-35.46
417	6.67
417.4	-26.1
417.8	30.78
418.1	-11.59
418.5	1.05
418.9	16.27
419.2	45.99
419.6	16.27
420	-0.12
420.3	5.27
420.7	21.18
421.1	-0.59
421.4	8.07
421.8	-1.29
422.2	4.8
422.5	5.73
422.9	29.14
423.3	7.14
423.6	42.48
424	29.84
424.4	20.25
424.7	9.25
425.1	25.86
425.5	22.82
425.8	27.27
426.2	12.29
426.6	-6.2
426.9	16.03
427.3	49.03
427.7	20.71
428	-1.52
428.4	31.71
428.8	7.37
429.1	45.76
429.5	28.44
429.9	36.4
430.2	6.44
430.6	41.31
431	20.95
431.3	57.23
431.7	56.06
432.1	31.01
432.4	37.57
432.8	31.01
433.2	58.16
433.5	75.95
433.9	51.61
434.3	45.76
434.6	49.03
435	42.01
435.4	45.29
435.7	57.23
436.1	88.12
436.5	72.91
436.8	51.37
437.2	53.95
437.6	60.5
437.9	11.12
438.3	14.63
438.7	48.8
439	50.67
439.4	50.2
439.8	31.71
440.1	28.2
440.5	48.1
440.9	22.35
441.2	57.46
441.6	15.1
442	27.5
442.3	10.65
442.7	40.61
443.1	49.97
443.4	30.78
443.8	29.61
444.1	17.2
444.5	31.01
444.9	29.14
445.2	6.44
445.6	-6.9
446	18.61
446.3	5.5
446.7	-9.71
447.1	18.61
447.4	15.8
447.8	5.97
448.2	12.29
448.5	2.93
448.9	-27.97
449.3	24.69
449.6	17.91
450	-13.69
450.4	-12.76
450.7	-6.67
451.1	-2.69
451.4	1.99
451.8	0.35
452.2	-16.73
452.5	-30.08
452.9	12.29
453.3	-30.31
453.6	-12.05
454	-3.86
454.4	-6.67
454.7	-25.16
455.1	-46.93
455.5	4.33
455.8	-17.91
456.2	-19.08
456.5	-23.05
456.9	-0.35
457.3	-9.25
457.6	-2.46
458	13.46
458.4	-10.88
458.7	-8.07
459.1	-42.48
459.5	-8.54
459.8	10.42
460.2	-8.07
460.5	-6.2
460.9	-0.35
461.3	8.54
461.6	-4.1
462	-12.76
462.4	-15.56
462.7	21.18
463.1	10.42
463.5	-3.86
463.8	-10.42
464.2	10.42
464.5	-8.54
464.9	-7.14
465.3	-1.76
465.6	3.39
466	-25.39
466.4	-18.37
466.7	-10.42
467.1	-4.33
467.5	-14.39
467.8	-36.86
468.2	-16.27
468.5	-23.76
468.9	9.71
469.3	0.12
469.6	-7.37
470	-27.27
470.4	-12.05
470.7	-13.93
471.1	-20.01
471.4	-6.2
471.8	-20.71
472.2	-0.82
472.5	19.31
472.9	-31.01
473.3	-22.35
473.6	-27.03
474	2.46
474.3	4.8
474.7	-33.35
475.1	-14.63
475.4	-14.39
475.8	-8.07
476.2	-22.35
476.5	-3.39
476.9	4.56
477.2	-20.48
477.6	-27.27
478	-9.71
478.3	-5.5
478.7	-4.56
479.1	-26.1
479.4	-28.67
479.8	4.8
480.1	-0.12
480.5	-8.78
480.9	-14.86
481.2	-59.57
481.6	-2.93
481.9	10.42
482.3	-18.84
482.7	-24.69
483	-23.76
483.4	8.78
483.8	-0.35
484.1	-16.73
484.5	-21.42
484.8	12.99
485.2	-6.2
485.6	-0.12
485.9	6.44
486.3	4.56
486.6	-12.05
487	-5.97
487.4	-8.31
487.7	-10.65
488.1	-2.93
488.5	4.8
488.8	8.31
489.2	6.2
489.5	-9.71
489.9	3.39
490.3	0.59
490.6	-0.59
491	8.07
491.3	-11.12
491.7	-33.82
492.1	-20.25
492.4	4.1
492.8	-1.99
493.1	-7.61
493.5	14.63
493.9	-11.12
494.2	16.27
494.6	6.67
494.9	-13.69
495.3	18.37
495.7	-25.86
496	-3.16
496.4	12.76
496.7	-11.12
497.1	-1.99
497.5	-12.52
497.8	7.37
498.2	30.78
498.5	-20.95
498.9	16.27
499.3	7.84
499.6	-3.86
500	11.35
500.3	29.37
500.7	14.16
501.1	11.35
501.4	7.84
501.8	15.8
502.1	-7.84
502.5	30.31
502.9	11.82
503.2	20.48
503.6	41.31
503.9	-11.35
504.3	-12.76
504.7	24.93
505	6.44
505.4	22.59
505.7	13.46
506.1	52.78
506.5	-12.05
506.8	37.1
507.2	30.78
507.5	34.29
507.9	16.97
508.2	20.95
508.6	24.46
509	49.27
509.3	57.46
509.7	33.59
510	31.25
510.4	46.23
510.8	12.99
511.1	56.06
511.5	46.46
511.8	33.59
512.2	60.03
512.6	49.27
512.9	61.44
513.3	31.95
513.6	53.25
514	30.54
514.3	58.16
514.7	58.63
515.1	44.12
515.4	61.91
515.8	44.82
516.1	34.52
516.5	64.95
516.9	76.65
517.2	86.01
517.6	65.65
517.9	88.82
518.3	82.04
518.6	65.18
519	54.89
519.4	76.65
519.7	33.35
520.1	37.33
520.4	56.52
520.8	100.76
521.1	60.97
521.5	106.14
521.9	96.78
522.2	71.74
522.6	64.48
522.9	74.08
523.3	101.93
523.6	78.52
524	54.89
524.4	86.72
524.7	91.4
525.1	88.12
525.4	88.12
525.8	85.08
526.2	80.4
526.5	100.76
526.9	62.84
527.2	104.97
527.6	108.72
527.9	82.27
528.3	73.84
528.6	82.04
529	80.63
529.4	80.87
529.7	109.19
530.1	93.04
530.4	88.12
530.8	110.59
531.1	101.93
531.5	121.36
531.9	70.8
532.2	118.78
532.6	108.72
532.9	102.4
533.3	133.76
533.6	125.57
534	109.19
534.4	298.3
534.7	131.89
535.1	85.78
535.4	104.97
535.8	113.87
536.1	109.42
536.5	131.89
536.8	143.36
537.2	108.72
537.6	113.16
537.9	51.61
538.3	133.06
538.6	128.61
539	126.04
539.3	123.93
539.7	113.63
540	104.04
540.4	123.7
540.8	119.48
541.1	265.53
541.5	127.21
541.8	127.44
542.2	113.16
542.5	118.55
542.9	120.65
543.2	130.02
543.6	115.74
544	136.1
544.3	109.42
544.7	122.53
545	124.17
545.4	127.91
545.7	125.8
546.1	129.31
546.4	145.93
546.8	142.66
547.2	158.81
547.5	126.97
547.9	104.97
548.2	122.06
548.6	123.93
548.9	120.42
549.3	150.61
549.6	116.44
550	157.17
550.3	134.93
550.7	126.04
551.1	132.83
551.4	129.78
551.8	139.38
552.1	149.91
552.5	143.83
552.8	129.78
553.2	106.85
553.5	148.04
553.9	133.53
554.2	147.57
554.6	113.87
554.9	140.32
555.3	162.32
555.7	157.64
556	148.74
556.4	122.76
556.7	145
557.1	119.48
557.4	125.34
557.8	154.36
558.1	107.78
558.5	123.93
558.8	128.38
559.2	129.78
559.5	106.38
559.9	130.72
560.3	164.42
560.6	148.51
561	146.87
561.3	118.08
561.7	117.14
562	112.46
562.4	115.27
562.7	119.72
563.1	114.1
563.4	117.85
563.8	139.61
564.1	136.34
564.5	106.85
564.8	114.34
565.2	112.46
565.5	136.57
565.9	138.21
566.3	111.76
566.6	115.97
567	127.21
567.3	135.87
567.7	125.8
568	154.83
568.4	126.51
568.7	119.72
569.1	85.78
569.4	128.14
569.8	126.27
570.1	142.19
570.5	96.78
570.8	141.49
571.2	121.36
571.5	98.19
571.9	82.5
572.2	114.34
572.6	108.48
572.9	128.85
573.3	116.91
573.6	113.63
574	113.63
574.4	122.76
574.7	134.23
575.1	116.21
575.4	110.36
575.8	94.91
576.1	107.08
576.5	104.74
576.8	140.55
577.2	135.87
577.5	106.61
577.9	179.64
578.2	123.46
578.6	119.72
578.9	122.76
579.3	141.49
579.6	114.1
580	96.31
580.3	109.19
580.7	86.01
581	116.91
581.4	115.97
581.7	107.31
582.1	117.61
582.4	134.23
582.8	91.87
583.1	86.95
583.5	119.02
583.8	107.55
584.2	101.93
584.5	128.38
584.9	106.85
585.2	125.34
585.6	123.23
585.9	125.34
586.3	123.46
586.6	85.31
587	94.44
587.3	120.89
587.7	121.12
588	118.08
588.4	126.51
588.7	96.31
589.1	137.27
589.4	93.5
589.8	117.38
590.1	101.46
590.5	123.46
590.8	110.82
591.2	111.06
591.5	88.12
591.9	74.31
592.2	130.25
592.6	105.91
592.9	107.31
593.3	85.55
593.6	84.38
594	100.06
594.3	107.31
594.7	94.91
595	88.59
595.4	97.95
595.7	103.8
596.1	78.29
596.4	120.19
596.8	101.7
597.1	97.48
597.5	113.4
597.8	120.19
598.2	125.8
598.5	75.25
598.9	72.91
599.2	76.89
599.6	85.55
599.9	107.08
600.3	100.76
600.6	85.31
601	100.53
601.3	90.23
601.7	67.52
602	82.5
602.4	83.67
602.7	76.18
603.1	109.42
603.4	106.85
603.8	65.65
604.1	93.04
604.5	87.42
604.8	69.4
605.1	82.97
605.5	103.8
605.8	99.59
606.2	59.33
606.5	87.89
606.9	106.14
607.2	60.5
607.6	87.89
607.9	78.99
608.3	100.53
608.6	76.65
609	47.86
609.3	56.06
609.7	49.5
610	84.61
610.4	72.44
610.7	81.8
611.1	68.69
611.4	89.29
611.8	65.65
612.1	54.18
612.5	55.59
612.8	55.59
613.1	48.33
613.5	102.63
613.8	50.67
614.2	43.89
614.5	110.59
614.9	70.8
615.2	73.14
615.6	63.55
615.9	74.08
616.3	59.33
616.6	55.82
617	82.97
617.3	78.06
617.7	78.06
618	93.04
618.3	88.59
618.7	77.12
619	67.29
619.4	48.8
619.7	48.8
620.1	62.14
620.4	75.95
620.8	64.48
621.1	64.95
621.5	48.57
621.8	80.16
622.2	87.65
622.5	100.06
622.8	78.52
623.2	55.35
623.5	48.1
623.9	97.72
624.2	54.89
624.6	79.7
624.9	50.44
625.3	63.55
625.6	12.99
626	73.84
626.3	57.23
626.7	30.54
627	51.84
627.3	79.46
627.7	62.61
628	55.35
628.4	32.65
628.7	64.48
629.1	37.1
629.4	68.69
629.8	57.69
630.1	55.82
630.5	66.59
630.8	52.31
631.1	82.74
631.5	44.82
631.8	37.33
632.2	63.08
632.5	48.8
632.9	22.82
633.2	30.54
633.6	43.65
633.9	54.42
634.2	31.25
634.6	17.2
634.9	33.12
635.3	51.61
635.6	52.31
636	40.84
636.3	5.97
636.7	42.01
637	50.44
637.3	52.78
637.7	37.33
638	30.31
638.4	45.76
638.7	56.29
639.1	44.12
639.4	71.27
639.8	64.95
640.1	39.91
640.4	43.18
640.8	58.63
641.1	63.31
641.5	26.33
641.8	25.39
642.2	35.93
642.5	32.42
642.8	39.44
643.2	60.03
643.5	23.29
643.9	20.71
644.2	30.54
644.6	11.35
644.9	34.76
645.3	52.08
645.6	33.59
645.9	31.48
646.3	39.91
646.6	38.97
647	15.56
647.3	23.29
647.7	18.84
648	35.46
648.3	29.14
648.7	5.73
649	13.93
649.4	-1.52
649.7	9.48
650.1	28.2
650.4	50.91
650.7	52.08
651.1	15.56
651.4	2.46
651.8	16.5
652.1	12.05
652.4	10.88
652.8	4.8
653.1	46.69
653.5	10.88
653.8	38.27
654.2	39.67
654.5	33.35
654.8	5.5
655.2	4.8
655.5	31.71
655.9	33.35
656.2	9.25
656.6	27.97
656.9	31.95
657.2	49.97
657.6	24.22
657.9	35.46
658.3	17.67
658.6	33.82
658.9	40.84
659.3	21.18
659.6	38.5
660	40.37
660.3	29.14
660.7	5.03
661	14.86
661.3	20.95
661.7	26.1
662	46.69
662.4	7.61
662.7	22.82
663	26.8
663.4	16.73
663.7	28.91
664.1	11.59
664.4	26.33
664.7	-5.03
665.1	27.03
665.4	8.54
665.8	42.01
666.1	18.14
666.4	9.95
666.8	23.52
667.1	2.22
667.5	28.44
667.8	19.08
668.1	13.22
668.5	8.31
668.8	23.52
669.2	4.33
669.5	20.95
669.8	-14.63
670.2	-6.67
670.5	12.29
670.9	6.2
671.2	17.91
671.5	-1.29
671.9	-20.48
672.2	-1.05
672.6	45.76
672.9	16.27
673.2	16.73
673.6	4.56
673.9	5.03
674.3	-13.69
674.6	31.95
674.9	31.71
675.3	42.71
675.6	34.52
676	111.53
676.3	6.67
676.6	-4.56
677	28.44
677.3	-2.69
677.7	-0.59
678	3.86
678.3	22.35
678.7	-13.22
679	0.35
679.4	3.63
679.7	-6.44
680	16.5
680.4	15.8
680.7	20.95
681	-1.05
681.4	-9.95
681.7	0.12
682.1	17.44
682.4	15.33
682.7	2.69
683.1	-8.07
683.4	31.25
683.8	14.39
684.1	23.29
684.4	13.46
684.8	5.03
685.1	12.29
685.4	5.27
685.8	36.63
686.1	65.18
686.5	45.52
686.8	23.05
687.1	10.88
687.5	8.54
687.8	12.29
688.1	24.69
688.5	5.73
688.8	-4.33
689.2	21.42
689.5	11.12
689.8	-22.82
690.2	22.35
690.5	-5.27
690.8	31.48
691.2	20.71
691.5	9.48
691.9	-18.14
692.2	-24.69
692.5	5.73
692.9	-9.01
693.2	-26.8
693.5	-19.78
693.9	-1.29
694.2	22.12
694.6	10.42
694.9	-2.46
695.2	-15.1
695.6	0.12
695.9	-32.42
696.2	-10.65
696.6	16.73
696.9	35.69
697.2	5.97
697.6	41.78
697.9	-3.63
698.3	-17.2
698.6	-7.84
698.9	3.63
699.3	-8.78
699.6	-22.12
699.9	18.14
700.3	9.71
700.6	-18.61
700.9	-17.67
701.3	-18.84
701.6	-12.29
702	7.14
702.3	24.22
702.6	-11.59
703	-9.71
703.3	-2.69
703.6	-0.12
704	-6.67
704.3	-2.22
704.6	-30.54
705	7.84
705.3	-3.63
705.6	27.74
706	-19.08
706.3	-23.05
706.6	-3.16
707	-30.08
707.3	9.48
707.7	-8.31
708	18.84
708.3	-24.22
708.7	-9.25
709	1.52
709.3	7.14
709.7	-10.18
710	-2.93
710.3	-18.14
710.7	-0.59
711	10.18
711.3	-36.63
711.7	-0.35
712	-8.78
712.3	-33.59
712.7	8.78
713	21.88
713.3	-9.71
713.7	17.67
714	8.07
714.3	-11.59
714.7	3.16
715	0.59
715.3	-9.48
715.7	3.39
716	19.54
716.3	-13.93
716.7	-14.63
717	-8.31
717.3	4.56
717.7	6.44
718	-2.22
718.4	12.29
718.7	-2.93
719	-13.93
719.4	-5.03
719.7	-10.42
720	3.39
720.4	-16.03
720.7	-13.69
721	-15.1
721.3	-16.03
721.7	-13.22
722	-18.61
722.3	-10.42
722.7	-14.39
723	-25.86
723.3	-20.48
723.7	-22.35
724	4.8
724.3	4.8
724.7	-2.46
725	-13.46
725.3	14.16
725.7	-22.12
726	-4.8
726.3	-14.16
726.7	14.39
727	13.93
727.3	-12.29
727.7	-20.48
728	6.9
728.3	-23.29
728.7	0.12
729	16.03
729.3	9.25
729.7	-7.37
730	-12.05
730.3	-14.39
730.7	5.27
731	-29.14
731.3	-7.61
731.7	-21.18
732	-18.84
732.3	-13.22
732.6	-1.29
733	3.16
733.3	-34.52
733.6	-22.35
734	-21.42
734.3	-19.78
734.6	-10.42
735	-0.35
735.3	-9.95
735.6	-5.73
736	-15.1
736.3	-13.69
736.6	-13.46
737	1.52
737.3	-8.78
737.6	32.65
737.9	-7.61
738.3	6.67
738.6	-37.1
738.9	6.67
739.3	-12.76
739.6	-23.05
739.9	-21.18
740.3	-7.61
740.6	-0.35
740.9	7.84
741.2	-9.71
741.6	-6.44
741.9	-36.86
742.2	-30.54
742.6	1.29
742.9	5.27
743.2	-20.25
743.6	-33.59
743.9	-24.22
744.2	-18.84
744.6	13.93
744.9	-3.63
745.2	-54.18
745.5	-13.46
745.9	-5.27
746.2	-3.63
746.5	-4.33
746.9	9.48
747.2	-31.48
747.5	-30.31
747.8	-1.99
748.2	-11.59
748.5	8.07
748.8	-25.86
749.2	-5.97
749.5	8.54
749.8	-21.42
750.1	-8.54
750.5	-24.46
750.8	-11.59
751.1	-5.97
751.5	5.73
751.8	-19.54
752.1	-10.42
752.5	-22.12
752.8	-7.14
753.1	-32.65
753.4	3.39
753.8	-15.33
754.1	-12.76
754.4	-12.29
754.7	-11.59
755.1	-22.82
755.4	-30.08
755.7	-29.61
756.1	-12.29
756.4	-2.46
756.7	-40.61
757	-8.31
757.4	-42.01
757.7	-19.31
758	-12.29
758.4	-3.86
758.7	8.78
759	-11.59
759.3	-33.35
759.7	4.33
760	12.29
760.3	-6.2
760.7	-4.56
761	16.03
761.3	12.99
761.6	-3.63
762	-15.1
762.3	-7.14
762.6	-0.12
762.9	9.25
763.3	-50.91
763.6	-1.29
763.9	-20.71
764.2	-28.2
764.6	-23.52
764.9	-12.05
765.2	-15.56
765.6	1.05
765.9	-13.46
766.2	-26.57
766.5	6.67
766.9	-20.48
767.2	-14.63
767.5	-12.29
767.8	-33.59
768.2	-1.99
768.5	-15.1
768.8	-2.46
769.1	-12.52
769.5	-30.54
769.8	30.08
770.1	-11.59
770.5	-1.76
770.8	-27.27
771.1	-11.59
771.4	-12.76
771.8	-5.97
772.1	1.05
772.4	-14.63
772.7	-21.65
773.1	-33.82
773.4	-1.52
773.7	-5.73
774	-39.67
774.4	-23.05
774.7	-28.67
775	1.05
775.3	-23.29
775.7	8.78
776	-19.08
776.3	-11.12
776.6	-5.73
777	-26.1
777.3	-26.1
777.6	-8.54
777.9	-19.78
778.3	0.35
778.6	18.84
778.9	-13.46
779.2	-7.84
779.6	-23.99
779.9	-1.99
780.2	1.52
780.5	-29.84
780.9	-13.69
781.2	-12.76
781.5	-24.22
781.8	-10.42
782.2	-17.91
782.5	-36.4
782.8	4.8
783.1	-8.31
783.4	-51.37
783.8	-6.9
784.1	-13.22
784.4	9.71
784.7	-44.12
785.1	-11.35
785.4	7.84
785.7	-14.63
786	-8.07
786.4	-29.14
786.7	-31.48
787	-6.9
787.3	-1.99
787.7	-34.99
788	3.39
788.3	-10.42
788.6	-5.27
788.9	-5.73
789.3	-11.12
789.6	-8.78
789.9	-15.1
790.2	-6.9
790.6	-0.35
790.9	6.9
791.2	-17.67
791.5	-6.67
791.9	-7.61
792.2	16.03
792.5	-6.44
792.8	-15.33
793.1	-20.48
793.5	-23.05
793.8	-28.44
794.1	2.46
794.4	-23.52
794.8	-13.22
795.1	-4.8
795.4	-19.78
795.7	-44.12
796	8.78
796.4	-21.65
796.7	23.52
797	2.93
797.3	-21.42
797.7	-1.99
798	-13.22
798.3	-18.61
798.6	-24.69
798.9	-2.69
799.3	-15.8
799.6	-5.73
799.9	1.76
800.2	14.16
800.5	-11.82
800.9	-17.67
801.2	4.33
801.5	-3.86
801.8	-1.76
802.2	-5.27
802.5	-26.1
802.8	0.12
803.1	5.73
803.4	19.31
803.8	-9.71
804.1	-23.76
804.4	-0.35
804.7	14.63
805	-10.65
805.4	-20.48
805.7	-9.48
806	-5.73
806.3	-0.35
806.6	-11.82
807	12.05
807.3	-7.61
807.6	6.9
807.9	-23.52
808.2	-4.33
808.6	-15.56
808.9	-5.97
809.2	8.78
809.5	-29.14
809.8	-26.57
810.2	-12.52
810.5	-25.86
810.8	-14.39
811.1	-12.29
811.4	26.8
811.8	10.42
812.1	-17.67
812.4	-23.05
812.7	3.63
813	-35.46
813.4	-34.05
813.7	-4.1
814	-17.2
814.3	-49.27
814.6	2.46
815	-12.29
815.3	-17.67
815.6	-41.78
815.9	-19.08
816.2	1.05
816.5	23.29
816.9	6.9
817.2	4.8
817.5	-17.67
817.8	-7.61
818.1	-2.22
818.5	-41.08
818.8	-14.63
819.1	-4.1
819.4	-16.03
819.7	-1.76
820.1	-31.01
820.4	-29.84
820.7	-7.84
821	-10.42
821.3	-27.97
821.6	-20.01
822	-43.89
822.3	-22.59
822.6	-22.59
822.9	-18.61
823.2	-26.57
823.5	-21.42
823.9	-11.12
824.2	-21.18
824.5	-9.71
824.8	-20.01
825.1	31.01
825.5	-5.27
825.8	-21.65
826.1	-21.18
826.4	12.05
826.7	12.99
827	14.39
827.4	-1.52
827.7	1.76
828	-22.59
828.3	-10.42
828.6	-35.23
828.9	-39.91
829.3	-25.63
829.6	5.03
829.9	-16.5
830.2	-25.16
830.5	-19.08
830.8	-3.63
831.2	-34.99
831.5	-4.1
831.8	-25.16
832.1	-13.46
832.4	1.52
832.7	-7.61
833.1	-10.65
833.4	3.63
833.7	3.16
834	-2.46
834.3	-2.69
834.6	-17.2
835	4.1
835.3	-12.52
835.6	-9.01
835.9	2.69
836.2	-11.82
836.5	-35.93
836.8	-28.67
837.2	-34.52
837.5	-10.42
837.8	-24.22
838.1	-11.35
838.4	12.76
838.7	-23.29
839.1	1.76
839.4	-7.37
839.7	3.39
840	-8.54
840.3	-10.65
840.6	-39.67
840.9	-15.8
841.3	-48.57
841.6	-22.12
841.9	-3.39
842.2	-24.69
842.5	-16.97
842.8	-14.86
843.1	-9.71
843.5	-49.97
843.8	-13.46
844.1	-7.61
844.4	-16.97
844.7	19.54
845	-14.16
845.3	-16.5
845.7	-30.31
846	-25.86
846.3	-38.27
846.6	-20.95
846.9	-24.46
847.2	15.33
847.5	-20.01
847.9	-28.67
848.2	14.16
848.5	-19.31
848.8	27.03
849.1	-10.42
849.4	5.97
849.7	11.59
850	-13.46
850.4	-28.44
850.7	-42.25
851	-3.39
851.3	-18.14
851.6	3.86
851.9	-29.14
852.2	-34.29
852.5	-32.65
852.9	3.86
853.2	-15.8
853.5	-49.03
853.8	26.57
854.1	10.88
854.4	5.27
854.7	-5.03
855.1	-1.76
855.4	-18.84
855.7	-14.16
856	-6.2
856.3	-19.31
856.6	-7.14
856.9	-2.46
857.2	-4.56
857.5	-11.82
857.9	-15.1
858.2	-5.97
858.5	-25.86
858.8	-31.71
859.1	-40.14
859.4	-13.46
859.7	-0.59
860	-23.52
860.4	12.05
860.7	17.2
861	-2.69
861.3	-13.69
861.6	-1.29
861.9	-23.52
862.2	-21.18
862.5	-24.69
862.8	-13.93
863.2	4.56
863.5	0.59
863.8	-9.71
864.1	-6.9
864.4	7.61
864.7	20.48
865	9.48
865.3	-7.37
865.6	-4.33
866	1.99
866.3	16.73
866.6	-25.16
866.9	-4.1
867.2	2.93
867.5	-17.2
867.8	-14.39
868.1	-16.03
868.4	-10.42
868.7	-41.54
869.1	-14.63
869.4	-8.54
869.7	9.25
870	-10.42
870.3	-1.05
870.6	-40.61
870.9	-11.35
871.2	-13.46
871.5	5.97
871.8	13.22
872.1	-37.8
872.5	-12.05
872.8	-46.23
873.1	-12.99
873.4	-35.23
873.7	-6.2
874	22.59
874.3	-11.35
874.6	22.82
874.9	-16.03
875.2	3.16
875.6	-21.42
875.9	-32.65
876.2	-16.27
876.5	-3.63
876.8	-11.82
877.1	-27.97
877.4	-13.22
877.7	-26.57
878	1.99
878.3	12.52
878.6	-9.48
878.9	10.18
879.3	-15.8
879.6	-16.73
879.9	18.61
880.2	-14.63
880.5	-34.29
880.8	-3.63
881.1	-15.56
881.4	-31.01
881.7	-2.46
882	8.31
882.3	-30.08
882.6	14.63
882.9	-29.61
883.3	-34.05
883.6	-12.99
883.9	-0.12
884.2	-13.69
884.5	-4.56
884.8	0.59
885.1	-26.1
885.4	-20.48
885.7	-20.01
886	-17.44
886.3	-41.54
886.6	-16.5
886.9	3.86
887.2	0.82
887.6	-4.8
887.9	0.12
888.2	-43.42
888.5	-26.8
888.8	-28.91
889.1	-16.5
889.4	12.29
889.7	-24.93
890	2.22
890.3	9.48
890.6	-13.69
890.9	17.2
891.2	8.07
891.5	1.76
891.8	-6.2
892.1	-5.27
892.5	-15.56
892.8	27.03
893.1	-12.29
893.4	-21.42
893.7	-5.97
894	-13.93
894.3	3.16
894.6	-11.82
894.9	-12.52
895.2	-20.25
895.5	-32.42
895.8	-22.59
896.1	8.31
896.4	-9.48
896.7	-5.03
897	-37.1
897.3	-15.8
897.6	-19.08
897.9	24.22
898.3	-8.78
898.6	3.16
898.9	-11.59
899.2	7.61
899.5	-23.76
899.8	7.14
900.1	2.22
900.4	-1.76
900.7	-10.42
901	-22.12
901.3	-7.84
901.6	-34.05
901.9	-15.8
902.2	-23.76
902.5	-10.88
902.8	1.76
903.1	-25.86
903.4	-6.67
903.7	-21.65
904	10.88
904.3	-1.99
904.6	-32.65
904.9	-32.88
905.2	15.33
905.6	-53.72
905.9	-24.22
906.2	-11.82
906.5	18.37
906.8	-32.18
907.1	-35.93
907.4	-22.59
907.7	-13.46
908	-42.71
908.3	-27.5
908.6	-6.67
908.9	-25.39
909.2	-31.01
909.5	3.16
909.8	-30.31
910.1	-14.16
910.4	-34.29
910.7	-19.54
911	-16.73
911.3	-15.8
911.6	-18.84
911.9	-6.44
912.2	-31.48
912.5	-12.05
912.8	-15.8
913.1	-2.93
913.4	2.93
913.7	-13.69
914	-24.46
914.3	4.8
914.6	-16.97
914.9	-6.44
915.2	-11.82
915.5	2.69
915.8	-24.46
916.1	-26.33
916.4	-16.5
916.7	-28.2
917	-30.78
917.3	8.78
917.6	-5.73
917.9	8.07
918.2	-19.78
918.5	0.12
918.8	-24.46
919.1	-36.16
919.5	-4.33
919.8	-2.69
920.1	-15.33
920.4	-3.86
920.7	-15.33
921	-19.31
921.3	-20.25
921.6	-28.2
921.9	-7.37
922.2	25.39
922.5	1.05
922.8	-13.22
923.1	-6.2
923.4	-16.27
923.7	3.16
924	-1.99
924.3	-28.91
924.6	-11.35
924.9	-8.07
925.2	4.33
925.5	-24.69
925.8	24.69
926.1	-16.03
926.4	-30.31
926.7	-5.97
927	-35.69
927.3	-1.05
927.6	-0.82
927.9	-10.88
928.2	0.35
928.4	-41.78
928.7	-17.91
929	10.65
929.3	-11.59
929.6	-2.22
929.9	-4.1
930.2	-13.69
930.5	-17.67
930.8	5.97
931.1	-10.65
931.4	-36.4
931.7	-38.5
932	-47.63
932.3	-11.12
932.6	-5.73
932.9	27.74
933.2	-17.44
933.5	10.88
933.8	-23.29
934.1	-40.37
934.4	-3.86
934.7	4.56
935	11.59
935.3	-5.97
935.6	-31.71
935.9	4.33
936.2	19.54
936.5	-2.69
936.8	-6.2
937.1	-30.54
937.4	-26.8
937.7	-10.65
938	-4.56
938.3	-21.18
938.6	-24.22
938.9	-19.31
939.2	-17.2
939.5	-16.73
939.8	16.03
940.1	-6.67
940.4	-36.63
940.7	-20.01
941	-6.44
941.3	-7.61
941.6	-12.99
941.9	-22.35
942.2	-1.05
942.4	-13.46
942.7	-2.22
943	9.48
943.3	0.35
943.6	-14.63
943.9	-12.76
944.2	-7.61
944.5	7.37
944.8	-35.23
945.1	4.1
945.4	-12.52
945.7	8.54
946	-26.57
946.3	15.1
946.6	4.56
946.9	-16.5
947.2	2.22
947.5	-5.27
947.8	-25.16
948.1	-2.22
948.4	-21.65
948.7	-18.84
949	-20.25
949.2	-16.97
949.5	2.69
949.8	35.23
950.1	2.22
950.4	7.61
950.7	-38.74
951	-21.65
951.3	-4.8
951.6	-20.01
951.9	-33.35
952.2	3.39
952.5	-10.65
952.8	-11.59
953.1	0.35
953.4	12.05
953.7	2.22
954	-3.63
954.3	-25.39
954.6	-1.29
954.8	-32.18
955.1	16.73
955.4	-33.12
955.7	16.73
956	-19.08
956.3	-14.39
956.6	-36.4
956.9	-1.76
957.2	-3.16
957.5	-20.71
957.8	4.1
958.1	-28.91
958.4	-5.5
958.7	-34.99
959	-0.35
959.2	12.99
959.5	9.95
959.8	-42.71
960.1	-23.05
960.4	-10.65
960.7	3.39
961	5.73
961.3	-24.22
961.6	-5.73
961.9	-3.16
962.2	35.69
962.5	-19.31
962.8	-35.23
963.1	-5.03
963.3	6.2
963.6	21.42
963.9	-3.63
964.2	-16.5
964.5	-21.65
964.8	-199.53
965.1	-7.84
965.4	5.03
965.7	-36.16
966	-17.2
966.3	-12.76
966.6	-10.42
966.9	7.84
967.1	1.99
967.4	-2.46
967.7	-12.76
968	10.18
968.3	0.35
968.6	-5.03
968.9	-3.63
969.2	-38.74
969.5	16.73
969.8	3.16
970.1	-5.97
970.3	-28.91
970.6	-17.67
970.9	19.31
971.2	-41.08
971.5	0.82
971.8	-39.91
972.1	-11.12
972.4	12.76
972.7	-4.33
973	-3.16
973.3	-4.1
973.5	-19.31
973.8	-9.95
974.1	-9.01
974.4	-9.71
974.7	-14.16
975	-39.44
975.3	-32.88
975.6	-11.35
975.9	-2.22
976.2	-26.33
976.4	-6.2
976.7	-24.22
977	-5.97
977.3	-35.69
977.6	-24.93
977.9	9.25
978.2	6.67
978.5	-22.35
978.8	-5.73
979	-14.63
979.3	-2.93
979.6	9.48
979.9	-2.46
980.2	4.33
980.5	7.61
980.8	-14.39
981.1	-14.16
981.4	4.33
981.6	-221.77
981.9	12.29
982.2	-3.39
982.5	-12.76
982.8	-1.52
983.1	-20.95
983.4	-0.12
983.7	0.12
984	-12.99
984.2	-25.39
984.5	-22.12
984.8	-4.8
985.1	16.03
985.4	-7.14
985.7	-9.71
986	-13.22
986.3	-27.27
986.5	-4.33
986.8	-26.33
987.1	-26.1
987.4	-12.76
987.7	-32.42
988	-34.76
988.3	4.1
988.6	-12.29
988.8	-35.69
989.1	-23.29
989.4	0.12
989.7	1.76
990	1.29
990.3	-7.37
990.6	3.86
990.9	-21.65
991.1	-7.84
991.4	-1.05
991.7	-1.52
992	-16.27
992.3	-26.57
992.6	0.12
992.9	-4.1
993.1	-8.31
993.4	-15.8
993.7	-21.18
994	-23.52
994.3	-26.33
994.6	-5.73
994.9	-23.76
995.1	-5.5
995.4	-24.93
995.7	27.5
996	-24.69
996.3	-12.05
996.6	-21.88
996.9	-5.27
997.1	-17.2
997.4	-5.97
997.7	-7.84
998	-17.2
998.3	-7.37
998.6	-8.31
998.9	7.37
999.1	-30.78
999.4	-35.46
999.7	-10.18
1000	-9.95
1000.3	-16.5
1000.6	-26.8
1000.8	-20.48
1001.1	-7.61
1001.4	0.35
1001.7	-36.4
1002	-28.91
1002.3	-27.27
1002.6	1.29
1002.8	-26.33
1003.1	1.52
1003.4	-11.82
1003.7	-17.2
1004	9.95
1004.3	-27.74
1004.5	-35.93
1004.8	-19.78
1005.1	-11.82
1005.4	-25.16
1005.7	-4.56
1006	-20.25
1006.2	-4.56
1006.5	-6.9
1006.8	-3.63
1007.1	-40.37
1007.4	-10.65
1007.7	-17.2
1007.9	-28.67
1008.2	-5.03
1008.5	-14.63
1008.8	-0.35
1009.1	-22.12
1009.4	-5.03
1009.6	-36.4
1009.9	-33.59
1010.2	9.01
1010.5	-0.12
1010.8	1.05
1011.1	-5.97
1011.3	-29.14
1011.6	-44.35
1011.9	-25.86
1012.2	-11.82
1012.5	-18.61
1012.7	-6.67
1013	-29.37
1013.3	-28.44
1013.6	-4.56
1013.9	1.05
1014.2	-29.84
1014.4	0.82
1014.7	-38.03
1015	-23.52
1015.3	-22.35
1015.6	-26.57
1015.8	-15.33
1016.1	-3.63
1016.4	-23.29
1016.7	-2.93
1017	10.42
1017.2	4.56
1017.5	-39.91
1017.8	-22.59
1018.1	-19.54
1018.4	-20.48
1018.7	-28.2
1018.9	-11.12
1019.2	-1.76
1019.5	-2.69
1019.8	-18.84
1020.1	-18.84
1020.3	-25.63
1020.6	-20.01
1020.9	-20.01
1021.2	-20.01
