340.2	-2.22
340.6	-2.22
340.9	-2.22
341.3	-2.46
341.7	13.93
342.1	-9.01
342.4	-31.95
342.8	-5.97
343.2	-12.29
343.6	-9.48
343.9	-15.56
344.3	-5.03
344.7	9.71
345.1	14.39
345.4	13.22
345.8	9.71
346.2	-25.39
346.6	62.84
346.9	1.76
347.3	11.12
347.7	22.12
348	-19.31
348.4	9.25
348.8	-10.18
349.2	21.42
349.5	0.35
349.9	-24.46
350.3	-6.67
350.7	-8.31
351	-11.59
351.4	1.05
351.8	-6.67
352.2	6.67
352.5	1.52
352.9	8.78
353.3	3.39
353.6	26.1
354	29.37
354.4	-3.39
354.8	-2.22
355.1	15.33
355.5	-6.67
355.9	31.25
356.3	13.69
356.6	-6.9
357	19.08
357.4	22.82
357.8	-0.12
358.1	-5.73
358.5	4.56
358.9	-12.52
359.2	13.22
359.6	-11.12
360	7.37
360.4	-3.16
360.7	-4.1
361.1	-1.29
361.5	-15.1
361.9	-2.46
362.2	5.5
362.6	6.67
363	-17.2
363.3	-13.22
363.7	3.16
364.1	4.1
364.5	-0.35
364.8	6.44
365.2	8.31
365.6	-5.5
366	9.71
366.3	7.84
366.7	-20.71
367.1	-31.25
367.4	5.03
367.8	21.42
368.2	6.67
368.6	5.03
368.9	15.33
369.3	-33.59
369.7	-7.61
370	8.78
370.4	1.99
370.8	5.03
371.2	-16.27
371.5	9.01
371.9	-11.82
372.3	1.52
372.6	24.69
373	12.29
373.4	27.97
373.8	-3.39
374.1	-12.99
374.5	12.52
374.9	-8.31
375.2	1.05
375.6	16.03
376	-3.86
376.4	-20.48
376.7	-28.67
377.1	-13.93
377.5	-4.33
377.8	-5.97
378.2	-6.44
378.6	-11.12
379	-0.82
379.3	-24.69
379.7	3.16
380.1	-8.78
380.4	-1.76
380.8	-17.91
381.2	-6.67
381.6	-18.37
381.9	-0.12
382.3	13.69
382.7	17.91
383	-4.1
383.4	-10.18
383.8	2.46
384.2	16.97
384.5	18.61
384.9	5.03
385.3	-8.07
385.6	-14.63
386	-6.44
386.4	-9.25
386.7	17.2
387.1	19.08
387.5	-2.69
387.9	8.31
388.2	14.86
388.6	-3.16
389	-11.35
389.3	21.18
389.7	5.03
390.1	-24.46
390.5	-14.39
390.8	13.46
391.2	15.56
391.6	-26.1
391.9	-36.63
392.3	5.5
392.7	10.42
393	-28.67
393.4	2.69
393.8	-10.18
394.2	-3.63
394.5	-10.18
394.9	2.22
395.3	-1.05
395.6	4.8
396	-9.71
396.4	11.12
396.7	1.76
397.1	-24.93
397.5	1.29
397.8	-0.59
398.2	2.93
398.6	20.95
399	-21.42
399.3	20.95
399.7	-27.97
400.1	-12.99
400.4	-12.29
400.8	4.33
401.2	-2.93
401.5	-21.18
401.9	-7.37
402.3	-14.16
402.7	-12.29
403	-0.59
403.4	-11.59
403.8	17.44
404.1	-0.82
404.5	37.33
404.9	-8.31
405.2	-30.31
405.6	-8.31
406	-7.61
406.3	8.07
406.7	0.59
407.1	-0.59
407.4	0.35
407.8	-14.63
408.2	2.22
408.6	2.93
408.9	-10.88
409.3	3.86
409.7	-12.52
410	-25.39
410.4	-21.88
410.8	10.18
411.1	23.05
411.5	1.05
411.9	130.48
412.2	29.37
412.6	-10.65
413	-17.67
413.3	-8.78
413.7	1.99
414.1	7.61
414.4	-47.4
414.8	11.82
415.2	-13.46
415.5	-4.33
415.9	13.22
416.3	10.42
416.7	-12.52
417	7.37
417.4	-44.12
417.8	25.63
418.1	2.69
418.5	3.39
418.9	20.01
419.2	21.18
419.6	-21.18
420	-21.88
420.3	-11.82
420.7	-2.22
421.1	6.2
421.4	-1.76
421.8	-7.14
422.2	3.16
422.5	-15.1
422.9	-4.56
423.3	-2.46
423.6	20.25
424	7.84
424.4	-0.12
424.7	-0.12
425.1	-17.67
425.5	15.8
425.8	10.88
426.2	-9.71
426.6	-22.59
426.9	8.07
427.3	7.37
427.7	2.22
428	-11.82
428.4	-18.61
428.8	-4.33
429.1	-3.16
429.5	-2.46
429.9	12.52
430.2	-12.99
430.6	-6.44
431	0.59
431.3	22.82
431.7	0.35
432.1	-7.84
432.4	12.99
432.8	-1.76
433.2	-8.78
433.5	-2.22
433.9	-1.99
434.3	-6.2
434.6	-5.03
435	1.99
435.4	-13.69
435.7	10.42
436.1	28.67
436.5	-10.65
436.8	-5.03
437.2	-8.54
437.6	-7.84
437.9	-26.1
438.3	-4.33
438.7	-2.93
439	34.29
439.4	2.46
439.8	3.86
440.1	1.99
440.5	9.25
440.9	9.25
441.2	8.78
441.6	1.76
442	-8.78
442.3	-32.18
442.7	13.69
443.1	8.54
443.4	17.91
443.8	-31.48
444.1	13.46
444.5	5.73
444.9	-2.46
445.2	-1.99
445.6	11.59
446	-1.52
446.3	-2.22
446.7	-14.86
447.1	19.78
447.4	14.39
447.8	-3.39
448.2	3.39
448.5	-0.35
448.9	-8.07
449.3	3.86
449.6	16.27
450	11.82
450.4	-13.93
450.7	-7.37
451.1	-15.1
451.4	2.93
451.8	9.48
452.2	-30.31
452.5	-23.76
452.9	0.82
453.3	16.73
453.6	-8.31
454	-12.05
454.4	12.05
454.7	6.44
455.1	-13.46
455.5	3.86
455.8	-25.86
456.2	7.61
456.5	-42.25
456.9	0.82
457.3	-4.8
457.6	8.31
458	-4.1
458.4	-8.78
458.7	-5.97
459.1	-6.2
459.5	1.05
459.8	20.71
460.2	5.03
460.5	7.37
460.9	-17.91
461.3	20.48
461.6	-11.82
462	-32.88
462.4	-4.1
462.7	17.44
463.1	1.52
463.5	-11.82
463.8	5.5
464.2	6.9
464.5	13.22
464.9	22.59
465.3	9.95
465.6	7.84
466	-42.25
466.4	-4.8
466.7	-12.05
467.1	-6.44
467.5	-15.8
467.8	-22.82
468.2	-16.5
468.5	-24.69
468.9	11.12
469.3	8.78
469.6	-4.56
470	-24.46
470.4	-28.91
470.7	-5.97
471.1	3.39
471.4	-5.5
471.8	17.2
472.2	31.71
472.5	26.1
472.9	-31.71
473.3	3.16
473.6	1.99
474	-8.07
474.3	17.67
474.7	-8.54
475.1	4.56
475.4	31.25
475.8	-1.52
476.2	-30.08
476.5	4.8
476.9	9.48
477.2	-21.88
477.6	-29.14
478	-9.71
478.3	-12.29
478.7	-3.86
479.1	-31.01
479.4	-10.88
479.8	16.5
480.1	-5.73
480.5	3.16
480.9	4.1
481.2	-14.63
481.6	-13.22
481.9	4.33
482.3	5.5
482.7	98.19
483	-1.76
483.4	0.59
483.8	-21.18
484.1	-2.46
484.5	-5.73
484.8	9.01
485.2	4.33
485.6	21.65
485.9	20.71
486.3	3.63
486.6	-12.05
487	0.59
487.4	-9.95
487.7	3.86
488.1	1.05
488.5	13.93
488.8	7.37
489.2	3.63
489.5	-17.91
489.9	19.54
490.3	-8.31
490.6	-7.61
491	8.07
491.3	12.99
491.7	-23.05
492.1	-23.29
492.4	1.52
492.8	11.82
493.1	-25.86
493.5	12.99
493.9	3.86
494.2	18.84
494.6	9.71
494.9	-28.67
495.3	-14.39
495.7	13.46
496	-21.18
496.4	-3.16
496.7	10.42
497.1	2.46
497.5	-3.16
497.8	-12.29
498.2	25.16
498.5	-19.54
498.9	2.93
499.3	-23.52
499.6	2.22
500	-16.03
500.3	33.82
500.7	5.73
501.1	4.33
501.4	-9.48
501.8	2.69
502.1	-6.2
502.5	-16.27
502.9	10.88
503.2	-13.46
503.6	-0.82
503.9	-28.67
504.3	-3.86
504.7	-13.46
505	3.16
505.4	4.56
505.7	2.46
506.1	14.86
506.5	-9.48
506.8	4.1
507.2	3.39
507.5	-3.63
507.9	1.29
508.2	11.59
508.6	-9.71
509	-2.46
509.3	30.78
509.7	-17.2
510	-28.44
510.4	-12.05
510.8	-20.25
511.1	25.39
511.5	18.14
511.8	-2.93
512.2	3.86
512.6	9.01
512.9	-18.84
513.3	-1.99
513.6	8.07
514	-2.46
514.3	7.61
514.7	-3.16
515.1	-21.88
515.4	1.99
515.8	-5.73
516.1	-42.25
516.5	21.42
516.9	19.31
517.2	8.54
517.6	-12.05
517.9	-16.73
518.3	8.78
518.6	11.12
519	-19.54
519.4	-9.25
519.7	-24.69
520.1	1.76
520.4	-11.12
520.8	8.54
521.1	-20.01
521.5	28.91
521.9	8.78
522.2	9.48
522.6	2.93
522.9	13.46
523.3	0.12
523.6	-15.8
524	-10.42
524.4	9.25
524.7	6.67
525.1	-0.82
525.4	1.29
525.8	37.57
526.2	12.52
526.5	19.54
526.9	-7.84
527.2	1.76
527.6	14.39
527.9	7.61
528.3	-23.52
528.6	-26.33
529	-13.46
529.4	-2.46
529.7	17.2
530.1	-21.18
530.4	2.93
530.8	3.86
531.1	19.54
531.5	0.82
531.9	-29.37
532.2	-0.12
532.6	3.16
532.9	-5.73
533.3	15.8
533.6	-4.33
534	18.84
534.4	209.13
534.7	34.52
535.1	-1.76
535.4	-0.59
535.8	-16.97
536.1	4.56
536.5	-20.01
536.8	39.67
537.2	2.46
537.6	-23.52
537.9	-42.25
538.3	-16.5
538.6	5.73
539	-12.29
539.3	-9.01
539.7	-24.93
540	-35.93
540.4	6.9
540.8	28.2
541.1	155.53
541.5	-11.12
541.8	-15.1
542.2	-22.82
542.5	-6.44
542.9	3.39
543.2	22.82
543.6	-17.44
544	-16.73
544.3	-35.23
544.7	9.25
545	7.37
545.4	23.05
545.7	5.5
546.1	-27.03
546.4	4.8
546.8	1.52
547.2	-22.59
547.5	-9.01
547.9	-19.08
548.2	-10.65
548.6	-4.1
548.9	-6.44
549.3	5.97
549.6	-16.73
550	14.63
550.3	-8.31
550.7	-14.39
551.1	-5.73
551.4	8.54
551.8	-31.01
552.1	7.84
552.5	-8.07
552.8	6.67
553.2	-44.12
553.5	-1.52
553.9	1.52
554.2	-2.69
554.6	-15.1
554.9	12.05
555.3	0.35
555.7	6.67
556	3.39
556.4	-21.18
556.7	8.78
557.1	-13.22
557.4	-3.63
557.8	7.84
558.1	2.46
558.5	-12.76
558.8	-3.39
559.2	-3.63
559.5	3.16
559.9	10.88
560.3	5.03
560.6	33.59
561	29.14
561.3	-4.1
561.7	11.12
562	-15.33
562.4	2.46
562.7	24.46
563.1	-17.91
563.4	-8.07
563.8	27.03
564.1	10.65
564.5	-30.54
564.8	-5.27
565.2	5.03
565.5	1.76
565.9	12.76
566.3	-3.39
566.6	4.8
567	12.05
567.3	1.05
567.7	-3.39
568	14.63
568.4	-14.16
568.7	-12.99
569.1	-35.23
569.4	-3.86
569.8	0.35
570.1	14.39
570.5	6.2
570.8	24.46
571.2	16.97
571.5	3.86
571.9	-46.23
572.2	-7.14
572.6	11.12
572.9	11.82
573.3	-2.93
573.6	6.67
574	20.01
574.4	4.33
574.7	3.86
575.1	7.14
575.4	-0.59
575.8	-7.37
576.1	-3.39
576.5	-11.59
576.8	-1.52
577.2	23.52
577.5	-5.27
577.9	0.12
578.2	1.29
578.6	-6.44
578.9	-3.86
579.3	9.01
579.6	11.35
580	-23.52
580.3	-8.78
580.7	-22.35
581	-16.27
581.4	-6.9
581.7	-4.33
582.1	3.16
582.4	8.78
582.8	5.03
583.1	4.1
583.5	-8.07
583.8	-14.63
584.2	-5.73
584.5	2.93
584.9	0.35
585.2	-11.82
585.6	16.97
585.9	-2.69
586.3	-1.76
586.6	-41.31
587	-12.99
587.3	7.14
587.7	1.05
588	32.42
588.4	16.97
588.7	-2.93
589.1	8.31
589.4	5.03
589.8	0.35
590.1	-4.56
590.5	10.18
590.8	2.46
591.2	-8.07
591.5	-9.71
591.9	-36.63
592.2	4.56
592.6	-9.01
592.9	10.88
593.3	-28.67
593.6	-0.82
594	16.97
594.3	1.52
594.7	32.65
595	-5.03
595.4	-31.48
595.7	-3.63
596.1	-32.65
596.4	17.2
596.8	18.14
597.1	-20.01
597.5	-3.63
597.8	6.44
598.2	13.93
598.5	-4.8
598.9	-33.12
599.2	-18.14
599.6	-46.23
599.9	1.52
600.3	13.69
600.6	-29.61
601	10.65
601.3	-15.8
601.7	-12.99
602	-11.12
602.4	-4.1
602.7	-0.12
603.1	19.31
603.4	-5.27
603.8	-43.42
604.1	-23.29
604.5	-19.54
604.8	5.03
605.1	12.76
605.5	9.71
605.8	-14.63
606.2	3.39
606.5	-2.93
606.9	16.27
607.2	-40.84
607.6	-15.33
607.9	20.01
608.3	6.2
608.6	-2.93
609	-16.27
609.3	-1.29
609.7	-32.65
610	13.22
610.4	-2.69
610.7	-3.63
611.1	-16.03
611.4	23.99
611.8	-1.76
612.1	-6.44
612.5	-47.86
612.8	-12.76
613.1	-27.03
613.5	11.35
613.8	-25.16
614.2	-2.22
614.5	32.42
614.9	-7.14
615.2	12.29
615.6	-8.78
615.9	6.44
616.3	14.16
616.6	-19.31
617	-4.56
617.3	-22.35
617.7	0.35
618	4.33
618.3	22.82
618.7	22.59
619	-9.71
619.4	-6.9
619.7	-7.14
620.1	0.82
620.4	-9.25
620.8	-6.9
621.1	4.33
621.5	-26.8
621.8	-13.93
622.2	13.22
622.5	11.59
622.8	3.16
623.2	-12.52
623.5	-0.12
623.9	0.59
624.2	-7.14
624.6	-4.1
624.9	-15.1
625.3	-1.52
625.6	-26.57
626	-15.1
626.3	-18.84
626.7	-39.44
627	-5.97
627.3	-0.12
627.7	-5.5
628	0.59
628.4	-32.88
628.7	10.65
629.1	-34.76
629.4	-10.18
629.8	3.16
630.1	0.12
630.5	5.97
630.8	-9.01
631.1	21.88
631.5	-19.08
631.8	-11.35
632.2	12.29
632.5	-24.69
632.9	-14.39
633.2	-25.39
633.6	-14.86
633.9	3.63
634.2	-1.29
634.6	-18.84
634.9	-10.65
635.3	18.84
635.6	-14.16
636	-27.5
636.3	-17.44
636.7	-12.52
637	-22.59
637.3	-1.52
637.7	-24.22
638	-12.99
638.4	26.1
638.7	11.82
639.1	-12.05
639.4	2.46
639.8	22.35
640.1	12.05
640.4	17.67
640.8	-1.76
641.1	0.82
641.5	-21.65
641.8	9.01
642.2	5.5
642.5	-11.35
642.8	3.16
643.2	-8.07
643.5	-22.59
643.9	-38.5
644.2	7.84
644.6	-15.8
644.9	-2.22
645.3	-13.22
645.6	31.25
645.9	24.46
646.3	-1.05
646.6	-8.07
647	-16.03
647.3	6.44
647.7	-11.82
648	-15.8
648.3	-15.1
648.7	-21.88
649	7.84
649.4	-9.25
649.7	-16.97
650.1	-16.97
650.4	-11.12
650.7	4.8
651.1	-18.61
651.4	-32.88
651.8	-15.8
652.1	1.29
652.4	-6.9
652.8	-14.63
653.1	-14.16
653.5	-14.86
653.8	9.01
654.2	3.16
654.5	12.76
654.8	-8.07
655.2	-16.97
655.5	0.12
655.9	14.63
656.2	7.37
656.6	-1.99
656.9	25.16
657.2	3.63
657.6	-17.2
657.9	0.35
658.3	12.05
658.6	4.33
658.9	-5.73
659.3	6.9
659.6	-6.9
660	34.76
660.3	17.91
660.7	-8.78
661	13.69
661.3	13.46
661.7	20.48
662	9.25
662.4	-7.84
662.7	-29.84
663	-10.88
663.4	-11.35
663.7	13.93
664.1	-21.42
664.4	-24.93
664.7	-15.8
665.1	17.44
665.4	-35.46
665.8	16.5
666.1	34.99
666.4	-5.5
666.8	-1.76
667.1	-1.99
667.5	-17.67
667.8	-1.76
668.1	10.65
668.5	2.22
668.8	-10.42
669.2	-1.29
669.5	-10.88
669.8	-8.78
670.2	12.76
670.5	-11.35
670.9	-17.2
671.2	-1.76
671.5	9.71
671.9	-33.35
672.2	3.86
672.6	24.69
672.9	19.54
673.2	1.29
673.6	0.59
673.9	9.95
674.3	-16.5
674.6	4.8
674.9	0.59
675.3	23.29
675.6	7.14
676	75.25
676.3	4.33
676.6	-0.59
677	29.37
677.3	-14.86
677.7	-20.95
678	-7.14
678.3	6.44
678.7	-6.9
679	0.59
679.4	-19.54
679.7	8.54
680	-16.73
680.4	9.48
680.7	14.16
681	14.63
681.4	5.27
681.7	-25.86
682.1	12.99
682.4	19.54
682.7	-20.48
683.1	-22.82
683.4	12.05
683.8	23.05
684.1	4.33
684.4	2.46
684.8	5.03
685.1	-7.37
685.4	14.39
685.8	22.59
686.1	67.99
686.5	20.71
686.8	-16.73
687.1	20.48
687.5	-5.03
687.8	24.93
688.1	11.59
688.5	17.91
688.8	-6.9
689.2	-18.61
689.5	-6.9
689.8	-237.68
690.2	5.5
690.5	-20.48
690.8	18.37
691.2	1.05
691.5	-7.61
691.9	8.78
692.2	-18.61
692.5	13.69
692.9	-2.69
693.2	-10.65
693.5	-14.39
693.9	-16.27
694.2	7.37
694.6	1.05
694.9	10.42
695.2	-20.25
695.6	-21.88
695.9	-36.16
696.2	-12.99
696.6	0.82
696.9	14.63
697.2	7.14
697.6	40.14
697.9	-8.78
698.3	9.48
698.6	11.82
698.9	-0.35
699.3	-4.33
699.6	-22.59
699.9	8.54
700.3	20.01
700.6	-11.35
700.9	-12.99
701.3	-24.46
701.6	-11.82
702	2.22
702.3	39.91
702.6	-3.16
703	-16.27
703.3	-10.42
703.6	9.25
704	6.44
704.3	5.27
704.6	-41.78
705	1.29
705.3	-10.88
705.6	15.8
706	-18.61
706.3	-4.8
706.6	-13.22
707	-11.12
707.3	13.22
707.7	-13.69
708	1.76
708.3	-26.57
708.7	-9.71
709	-16.97
709.3	-2.93
709.7	11.82
710	7.84
710.3	4.1
710.7	-3.39
711	17.2
711.3	-19.08
711.7	10.65
712	-1.76
712.3	-21.42
712.7	2.46
713	6.2
713.3	6.44
713.7	-12.29
714	23.76
714.3	-7.37
714.7	0.12
715	-6.44
715.3	-15.56
715.7	-18.37
716	21.18
716.3	-7.37
716.7	10.65
717	5.27
717.3	-1.76
717.7	-9.71
718	-1.05
718.4	-3.86
718.7	-1.99
719	-12.29
719.4	-1.29
719.7	-7.14
720	12.05
720.4	-11.35
720.7	-12.99
721	-8.31
721.3	-13.22
721.7	23.76
722	-13.22
722.3	-3.63
722.7	-0.59
723	-12.76
723.3	-10.42
723.7	9.48
724	28.2
724.3	27.03
724.7	-12.05
725	6.44
725.3	17.2
725.7	-6.2
726	5.97
726.3	-1.52
726.7	8.78
727	17.44
727.3	-1.76
727.7	-11.59
728	9.01
728.3	-27.74
728.7	23.05
729	18.14
729.3	18.61
729.7	13.22
730	17.67
730.3	-15.33
730.7	-5.5
731	-13.69
731.3	-6.44
731.7	-12.99
732	1.99
732.3	0.82
732.6	-12.76
733	9.95
733.3	-3.63
733.6	8.54
734	-3.16
734.3	-25.63
734.6	-18.14
735	-4.56
735.3	-12.99
735.6	-14.16
736	-17.67
736.3	-6.2
736.6	4.56
737	8.54
737.3	5.97
737.6	14.16
737.9	-4.56
738.3	1.99
738.6	-8.54
738.9	9.25
739.3	-18.84
739.6	9.48
739.9	-12.29
740.3	9.71
740.6	-0.12
740.9	7.37
741.2	-5.27
741.6	11.82
741.9	3.63
742.2	-16.27
742.6	-1.99
742.9	2.69
743.2	-6.44
743.6	-21.18
743.9	-4.8
744.2	-3.63
744.6	2.69
744.9	-9.48
745.2	-46.46
745.5	-22.82
745.9	2.93
746.2	2.69
746.5	6.67
746.9	6.9
747.2	-44.82
747.5	-7.14
747.8	9.48
748.2	18.84
748.5	8.31
748.8	9.01
749.2	3.63
749.5	25.39
749.8	13.69
750.1	15.33
750.5	-0.35
750.8	-16.73
751.1	-12.52
751.5	16.27
751.8	-27.74
752.1	-10.18
752.5	-16.03
752.8	3.39
753.1	-7.84
753.4	-5.97
753.8	-13.22
754.1	-8.07
754.4	-18.14
754.7	6.44
755.1	2.93
755.4	-22.59
755.7	11.35
756.1	20.01
756.4	23.52
756.7	-14.86
757	-13.69
757.4	-13.93
757.7	7.37
758	-15.1
758.4	-19.78
758.7	5.73
759	-7.61
759.3	-6.9
759.7	-11.35
760	27.27
760.3	18.37
760.7	-5.27
761	5.5
761.3	16.5
761.6	12.52
762	-8.07
762.3	-13.22
762.6	13.93
762.9	-0.35
763.3	-18.61
763.6	-3.39
763.9	-19.31
764.2	-21.65
764.6	-27.27
764.9	-12.05
765.2	-24.69
765.6	4.8
765.9	-1.52
766.2	-6.2
766.5	-5.73
766.9	-23.05
767.2	33.59
767.5	14.16
767.8	-13.93
768.2	-17.2
768.5	-14.39
768.8	-1.99
769.1	-4.1
769.5	-3.16
769.8	-8.54
770.1	-14.86
770.5	-18.14
770.8	2.93
771.1	5.27
771.4	5.03
771.8	12.99
772.1	14.16
772.4	12.05
772.7	-16.27
773.1	-5.03
773.4	19.31
773.7	0.12
774	-27.03
774.4	-8.31
774.7	22.12
775	-5.5
775.3	-20.95
775.7	-10.65
776	-9.71
776.3	26.33
776.6	9.25
777	-1.05
777.3	-10.88
777.6	1.52
777.9	-10.88
778.3	35.23
778.6	2.22
778.9	-0.82
779.2	0.12
779.6	-10.42
779.9	-9.48
780.2	11.35
780.5	-16.27
780.9	-6.67
781.2	-21.42
781.5	-20.95
781.8	-32.65
782.2	1.99
782.5	-22.59
782.8	-1.05
783.1	7.84
783.4	1.05
783.8	5.5
784.1	1.99
784.4	36.86
784.7	-31.95
785.1	6.9
785.4	-4.8
785.7	-27.27
786	-3.86
786.4	-15.8
786.7	-19.08
787	5.27
787.3	-10.65
787.7	-23.76
788	7.14
788.3	-1.52
788.6	-2.93
788.9	4.1
789.3	-1.52
789.6	-1.76
789.9	21.42
790.2	1.29
790.6	-9.71
790.9	9.48
791.2	-13.22
791.5	-14.63
791.9	17.2
792.2	27.03
792.5	-8.31
792.8	23.52
793.1	9.71
793.5	-13.93
793.8	-3.39
794.1	1.05
794.4	-17.67
794.8	-6.44
795.1	18.84
795.4	-2.69
795.7	-26.8
796	10.65
796.4	-0.59
796.7	-2.22
797	28.91
797.3	-0.35
797.7	-0.35
798	-7.84
798.3	-28.91
798.6	-16.03
798.9	1.99
799.3	0.35
799.6	0.35
799.9	1.29
800.2	19.78
800.5	-7.61
800.9	4.56
801.2	17.91
801.5	-2.46
801.8	5.03
802.2	7.61
802.5	-22.59
802.8	15.56
803.1	3.63
803.4	-9.25
803.8	-4.33
804.1	1.05
804.4	-3.63
804.7	6.2
805	9.95
805.4	-3.86
805.7	-1.05
806	-7.61
806.3	12.05
806.6	-12.99
807	-5.5
807.3	10.65
807.6	37.33
807.9	-1.29
808.2	7.14
808.6	10.42
808.9	5.03
809.2	-0.82
809.5	-15.1
809.8	-19.78
810.2	9.71
810.5	-6.67
810.8	3.63
811.1	-8.54
811.4	20.48
811.8	9.48
812.1	-16.73
812.4	-10.18
812.7	9.71
813	-6.67
813.4	15.56
813.7	9.95
814	-24.46
814.3	-26.8
814.6	-16.03
815	11.35
815.3	2.93
815.6	-11.12
815.9	1.52
816.2	0.35
816.5	20.01
816.9	7.37
817.2	4.8
817.5	7.37
817.8	0.35
818.1	11.35
818.5	4.1
818.8	2.69
819.1	8.54
819.4	13.22
819.7	5.73
820.1	-4.1
820.4	5.03
820.7	-3.86
821	3.39
821.3	-12.52
821.6	-11.59
822	-36.63
822.3	4.1
822.6	-1.99
822.9	2.69
823.2	-11.12
823.5	-0.35
823.9	-6.67
824.2	17.67
824.5	-21.18
824.8	-7.14
825.1	34.76
825.5	19.54
825.8	1.52
826.1	17.44
826.4	22.35
826.7	0.82
827	8.78
827.4	13.46
827.7	-7.37
828	-29.84
828.3	17.91
828.6	-9.95
828.9	-26.8
829.3	2.46
829.6	15.8
829.9	-22.82
830.2	-21.18
830.5	-13.22
830.8	-9.25
831.2	-2.22
831.5	-21.88
831.8	-12.05
832.1	-13.93
832.4	-21.18
832.7	-15.1
833.1	9.95
833.4	9.95
833.7	-14.16
834	3.39
834.3	12.05
834.6	-4.8
835	26.8
835.3	-13.22
835.6	-6.2
835.9	18.84
836.2	0.12
836.5	-15.33
836.8	-15.1
837.2	-6.9
837.5	-0.59
837.8	-4.1
838.1	-0.12
838.4	12.76
838.7	13.22
839.1	23.29
839.4	6.2
839.7	10.18
840	12.99
840.3	-14.16
840.6	-289.64
840.9	-31.48
841.3	-11.59
841.6	10.88
841.9	31.48
842.2	12.52
842.5	-25.63
842.8	-17.2
843.1	9.48
843.5	-53.48
843.8	-2.22
844.1	-5.5
844.4	-19.31
844.7	22.59
845	-21.65
845.3	-21.88
845.7	3.39
846	-33.35
846.3	-5.97
846.6	1.52
846.9	-8.54
847.2	22.59
847.5	-8.54
847.9	-2.22
848.2	27.5
848.5	-14.16
848.8	6.67
849.1	0.12
849.4	2.69
849.7	19.54
850	-29.14
850.4	-2.93
850.7	-7.37
851	9.48
851.3	-2.46
851.6	2.93
851.9	3.63
852.2	-21.88
852.5	24.22
852.9	-19.78
853.2	-4.1
853.5	5.5
853.8	22.59
854.1	21.18
854.4	1.52
854.7	13.46
855.1	6.2
855.4	11.12
855.7	-9.01
856	18.14
856.3	-10.42
856.6	-1.05
856.9	0.35
857.2	15.1
857.5	-8.07
857.9	-2.22
858.2	-6.44
858.5	1.29
858.8	-27.27
859.1	-31.25
859.4	14.86
859.7	17.44
860	7.37
860.4	17.44
860.7	7.37
861	2.69
861.3	-0.35
861.6	-2.93
861.9	-6.9
862.2	-1.99
862.5	-6.2
862.8	1.99
863.2	-0.12
863.5	9.48
863.8	8.07
864.1	-10.88
864.4	7.14
864.7	3.16
865	5.97
865.3	25.86
865.6	-17.2
866	-4.1
866.3	40.61
866.6	-13.69
866.9	22.59
867.2	-3.16
867.5	-13.69
867.8	15.1
868.1	-9.01
868.4	10.88
868.7	1.05
869.1	3.16
869.4	5.03
869.7	15.1
870	-1.76
870.3	14.16
870.6	-0.12
870.9	-11.12
871.2	-23.29
871.5	27.97
871.8	12.52
872.1	-2.93
872.5	21.65
872.8	1.52
873.1	18.14
873.4	3.16
873.7	-12.29
874	1.99
874.3	-20.71
874.6	1.76
874.9	10.65
875.2	-29.14
875.6	0.35
875.9	-22.59
876.2	-17.2
876.5	13.22
876.8	16.27
877.1	6.9
877.4	16.03
877.7	-12.76
878	-8.78
878.3	33.82
878.6	4.8
878.9	9.01
879.3	-13.69
879.6	-18.37
879.9	14.63
880.2	-0.12
880.5	-14.86
880.8	-0.59
881.1	12.52
881.4	-4.1
881.7	7.37
882	-9.71
882.3	-1.52
882.6	9.48
882.9	-32.18
883.3	-16.27
883.6	6.2
883.9	0.59
884.2	5.73
884.5	12.05
884.8	16.97
885.1	1.29
885.4	-12.29
885.7	-11.35
886	-2.46
886.3	-31.25
886.6	-17.2
886.9	-3.39
887.2	1.05
887.6	9.95
887.9	4.8
888.2	-4.56
888.5	-19.31
888.8	5.27
889.1	-14.63
889.4	29.14
889.7	4.1
890	6.9
890.3	1.52
890.6	-3.63
890.9	9.71
891.2	1.99
891.5	9.48
891.8	1.99
892.1	2.69
892.5	9.48
892.8	8.54
893.1	-31.95
893.4	-25.16
893.7	-2.69
894	7.14
894.3	3.63
894.6	-18.84
894.9	-1.99
895.2	-2.93
895.5	-20.48
895.8	-6.67
896.1	52.08
896.4	21.42
896.7	-14.63
897	-33.12
897.3	-7.14
897.6	-11.35
897.9	27.27
898.3	-9.25
898.6	-3.16
898.9	13.46
899.2	23.29
899.5	-4.1
899.8	1.99
900.1	7.84
900.4	6.2
900.7	7.61
901	-4.8
901.3	5.73
901.6	-28.91
901.9	-5.27
902.2	7.61
902.5	-1.99
902.8	-9.25
903.1	5.5
903.4	-0.35
903.7	-9.48
904	16.5
904.3	19.31
904.6	-16.5
904.9	-10.88
905.2	7.61
905.6	-19.78
905.9	-15.8
906.2	-22.59
906.5	33.12
906.8	-7.37
907.1	-2.69
907.4	-1.76
907.7	-4.56
908	-38.97
908.3	-24.46
908.6	-6.2
908.9	-5.03
909.2	-6.9
909.5	19.78
909.8	-34.52
910.1	5.5
910.4	-33.82
910.7	3.63
911	10.42
911.3	13.22
911.6	-22.59
911.9	-10.18
912.2	-13.93
912.5	-19.78
912.8	-9.25
913.1	2.69
913.4	0.12
913.7	-9.71
914	-1.52
914.3	8.07
914.6	-19.54
914.9	-9.25
915.2	-0.82
915.5	19.54
915.8	7.84
916.1	-7.14
916.4	12.76
916.7	20.01
917	0.59
917.3	5.73
917.6	12.05
917.9	14.86
918.2	-30.78
918.5	0.59
918.8	-7.84
919.1	-28.91
919.5	-6.67
919.8	2.22
920.1	-17.91
920.4	-24.93
920.7	-12.76
921	-1.52
921.3	-11.82
921.6	3.39
921.9	19.54
922.2	13.46
922.5	14.39
922.8	-11.59
923.1	22.12
923.4	-21.42
923.7	-8.78
924	21.65
924.3	-13.93
924.6	-0.59
924.9	-7.84
925.2	-5.73
925.5	-10.88
925.8	26.33
926.1	-4.8
926.4	-11.59
926.7	-16.03
927	-10.88
927.3	-5.5
927.6	-0.82
927.9	-10.18
928.2	-13.69
928.4	-9.95
928.7	0.35
929	29.14
929.3	14.16
929.6	20.48
929.9	11.82
930.2	1.76
930.5	-26.57
930.8	2.46
931.1	6.2
931.4	-1.29
931.7	-10.18
932	-27.74
932.3	-5.03
932.6	1.05
932.9	30.08
933.2	7.84
933.5	-1.76
933.8	-6.2
934.1	8.54
934.4	-14.39
934.7	-5.27
935	-0.59
935.3	-4.33
935.6	-17.44
935.9	1.52
936.2	15.8
936.5	-16.5
936.8	0.59
937.1	2.46
937.4	-7.61
937.7	2.46
938	3.39
938.3	-0.82
938.6	-2.69
938.9	-6.44
939.2	5.97
939.5	-38.27
939.8	-1.05
940.1	13.69
940.4	-37.1
940.7	-20.95
941	-11.12
941.3	12.99
941.6	10.65
941.9	32.42
942.2	20.01
942.4	-7.14
942.7	0.82
943	-10.88
943.3	19.54
943.6	21.18
943.9	-12.52
944.2	9.25
944.5	22.59
944.8	-7.84
945.1	-9.48
945.4	-1.76
945.7	-6.67
946	-24.46
946.3	11.35
946.6	16.03
946.9	9.01
947.2	23.29
947.5	7.61
947.8	2.46
948.1	-6.67
948.4	-16.73
948.7	-8.07
949	-11.59
949.2	-10.18
949.5	-24.46
949.8	14.16
950.1	14.63
950.4	11.59
950.7	0.12
951	9.95
951.3	-20.01
951.6	-23.05
951.9	-12.76
952.2	-2.46
952.5	3.63
952.8	-2.69
953.1	4.8
953.4	12.29
953.7	8.78
954	19.31
954.3	-34.76
954.6	-1.52
954.8	-20.71
955.1	15.56
955.4	-4.8
955.7	20.71
956	-24.22
956.3	-7.37
956.6	-30.54
956.9	23.99
957.2	-12.52
957.5	5.73
957.8	13.69
958.1	-5.97
958.4	-8.07
958.7	-7.84
959	-7.84
959.2	-1.05
959.5	-4.8
959.8	-27.97
960.1	-8.07
960.4	-0.12
960.7	9.48
961	21.42
961.3	-23.99
961.6	-2.46
961.9	8.54
962.2	34.52
962.5	5.5
962.8	8.78
963.1	3.86
963.3	0.82
963.6	8.07
963.9	-11.35
964.2	-0.35
964.5	2.46
964.8	-201.87
965.1	-14.16
965.4	20.48
965.7	-32.88
966	14.63
966.3	12.76
966.6	0.12
966.9	15.33
967.1	-31.01
967.4	20.95
967.7	-1.29
968	33.59
968.3	1.52
968.6	16.27
968.9	-4.8
969.2	0.59
969.5	12.29
969.8	7.61
970.1	16.03
970.3	-9.01
970.6	-4.33
970.9	23.99
971.2	-15.1
971.5	0.35
971.8	-15.1
972.1	12.52
972.4	3.63
972.7	2.93
973	14.16
973.3	-1.52
973.5	-9.71
973.8	-11.82
974.1	22.12
974.4	9.48
974.7	-1.05
975	-2.93
975.3	-3.39
975.6	3.63
975.9	-12.29
976.2	-10.65
976.4	14.86
976.7	1.05
977	-3.39
977.3	-16.97
977.6	15.33
977.9	10.88
978.2	19.08
978.5	10.18
978.8	15.33
979	-26.1
979.3	-1.29
979.6	0.82
979.9	10.42
980.2	-1.99
980.5	12.05
980.8	-4.8
981.1	-12.52
981.4	23.05
981.6	-183.38
981.9	9.25
982.2	5.97
982.5	-15.56
982.8	-4.33
983.1	-7.61
983.4	-3.86
983.7	-4.1
984	22.82
984.2	-22.12
984.5	-5.5
984.8	-0.35
985.1	-8.78
985.4	3.86
985.7	33.59
986	-12.52
986.3	-5.5
986.5	14.39
986.8	0.82
987.1	-5.5
987.4	12.99
987.7	-29.61
988	-27.74
988.3	-6.9
988.6	6.67
988.8	-18.14
989.1	-24.93
989.4	-3.16
989.7	20.71
990	19.31
990.3	-1.76
990.6	31.95
990.9	-2.22
991.1	-4.8
991.4	-11.35
991.7	36.63
992	8.07
992.3	-4.56
992.6	14.39
992.9	7.84
993.1	-15.56
993.4	9.71
993.7	10.65
994	-5.27
994.3	-20.25
994.6	-0.59
994.9	-27.27
995.1	7.14
995.4	-22.12
995.7	22.59
996	0.35
996.3	-12.05
996.6	-0.59
996.9	0.12
997.1	5.03
997.4	18.84
997.7	-26.33
998	-2.22
998.3	-3.16
998.6	-15.1
998.9	26.1
999.1	-30.08
999.4	-23.52
999.7	-21.88
1000	-5.03
1000.3	-15.8
1000.6	-24.69
1000.8	-10.88
1001.1	15.1
1001.4	8.78
1001.7	-6.67
1002	11.59
1002.3	-4.8
1002.6	5.27
1002.8	-5.5
1003.1	-3.86
1003.4	9.95
1003.7	-15.56
1004	-1.99
1004.3	-14.16
1004.5	-9.01
1004.8	-16.27
1005.1	-8.54
1005.4	-21.18
1005.7	17.91
1006	-35.93
1006.2	-9.48
1006.5	11.35
1006.8	-13.46
1007.1	-23.99
1007.4	34.05
1007.7	12.52
1007.9	-8.54
1008.2	-6.44
1008.5	11.35
1008.8	12.05
1009.1	6.67
1009.4	-8.54
1009.6	-41.31
1009.9	-31.25
1010.2	14.39
1010.5	5.73
1010.8	0.82
1011.1	18.61
1011.3	5.73
1011.6	-27.27
1011.9	13.69
1012.2	8.54
1012.5	10.42
1012.7	15.1
1013	-1.52
1013.3	-20.95
1013.6	-10.18
1013.9	-14.16
1014.2	-18.14
1014.4	12.52
1014.7	4.8
1015	-8.31
1015.3	-21.18
1015.6	-1.76
1015.8	2.46
1016.1	22.82
1016.4	11.12
1016.7	2.22
1017	2.69
1017.2	4.8
1017.5	-9.95
1017.8	0.82
1018.1	11.82
1018.4	-15.56
1018.7	9.71
1018.9	2.22
1019.2	8.07
1019.5	5.97
1019.8	19.31
1020.1	16.97
1020.3	-22.82
1020.6	11.12
1020.9	11.12
1021.2	11.12
