340.2	-21.1
340.6	-21.1
340.9	-21.1
341.3	0.43
341.7	2.77
342.1	7.92
342.4	-6.83
342.8	12.6
343.2	-7.06
343.6	-13.61
343.9	-4.02
344.3	16.81
344.7	-10.34
345.1	-4.72
345.4	-0.27
345.8	21.49
346.2	-27.89
346.6	76.03
346.9	17.52
347.3	3
347.7	18.22
348	-17.83
348.4	12.37
348.8	1.83
349.2	-4.95
349.5	-1.68
349.9	-27.19
350.3	-16.19
350.7	0.2
351	4.64
351.4	-7.06
351.8	-29.06
352.2	2.54
352.5	-19.23
352.9	4.88
353.3	5.34
353.6	-8.46
354	25.71
354.4	-1.91
354.8	-5.89
355.1	23.13
355.5	-1.68
355.9	9.09
356.3	23.13
356.6	-17.36
357	-4.49
357.4	0.43
357.8	20.56
358.1	-15.95
358.5	2.07
358.9	-4.25
359.2	-0.04
359.6	14.47
360	4.41
360.4	-20.4
360.7	10.96
361.1	15.17
361.5	-2.15
361.9	-4.49
362.2	-15.49
362.6	-4.49
363	1.6
363.3	2.54
363.7	12.13
364.1	-5.66
364.5	-19.23
364.8	-0.27
365.2	27.35
365.6	11.2
366	3.94
366.3	16.58
366.7	-7.06
367.1	-41.7
367.4	3.47
367.8	-2.15
368.2	11.2
368.6	-2.61
368.9	-12.68
369.3	-10.34
369.7	-10.1
370	17.75
370.4	-0.74
370.8	2.07
371.2	5.81
371.5	-4.02
371.9	7.68
372.3	14
372.6	-5.19
373	-0.98
373.4	50.75
373.8	2.54
374.1	-1.21
374.5	-4.72
374.9	-0.74
375.2	-15.02
375.6	6.51
376	11.43
376.4	-31.64
376.7	-12.21
377.1	-13.38
377.5	-4.72
377.8	-8.7
378.2	-24.61
378.6	-23.91
379	24.54
379.3	2.77
379.7	-0.74
380.1	0.9
380.4	11.9
380.8	-23.21
381.2	-0.98
381.6	-4.25
381.9	-15.95
382.3	24.54
382.7	22.9
383	-5.42
383.4	-6.83
383.8	23.6
384.2	11.2
384.5	-4.49
384.9	11.43
385.3	13.07
385.6	-14.08
386	-5.89
386.4	-7.06
386.7	-0.98
387.1	25.47
387.5	-17.83
387.9	17.75
388.2	-0.74
388.6	-10.57
389	-9.17
389.3	-26.02
389.7	-10.81
390.1	-33.51
390.5	13.07
390.8	21.73
391.2	11.43
391.6	-9.87
391.9	-15.49
392.3	-0.51
392.7	-15.95
393	-9.64
393.4	-3.32
393.8	-0.04
394.2	6.51
394.5	-27.42
394.9	11.2
395.3	8.39
395.6	5.11
396	-12.91
396.4	9.32
396.7	-9.17
397.1	-10.57
397.5	-8.7
397.8	11.2
398.2	-16.42
398.6	4.41
399	2.3
399.3	22.43
399.7	-26.72
400.1	-5.19
400.4	0.9
400.8	16.81
401.2	0.66
401.5	2.3
401.9	15.88
402.3	-6.12
402.7	-8.7
403	-17.12
403.4	0.2
403.8	-18.3
404.1	-6.59
404.5	3.71
404.9	-6.59
405.2	-33.27
405.6	8.62
406	-12.91
406.3	-1.21
406.7	23.83
407.1	-5.42
407.4	2.54
407.8	-12.68
408.2	23.6
408.6	-12.68
408.9	9.32
409.3	18.69
409.7	-11.04
410	-34.44
410.4	-12.44
410.8	8.62
411.1	12.6
411.5	10.49
411.9	122.14
412.2	1.6
412.6	3.24
413	8.15
413.3	11.43
413.7	-11.51
414.1	22.66
414.4	-39.36
414.8	7.45
415.2	-18.3
415.5	-14.55
415.9	5.11
416.3	-12.44
416.7	-24.15
417	18.69
417.4	-11.98
417.8	14
418.1	-10.57
418.5	-4.72
418.9	13.54
419.2	3.47
419.6	-0.04
420	0.2
420.3	-3.55
420.7	12.37
421.1	-1.21
421.4	-16.89
421.8	5.58
422.2	0.2
422.5	10.96
422.9	1.37
423.3	-8
423.6	5.81
424	31.79
424.4	-9.64
424.7	0.43
425.1	-6.12
425.5	-12.21
425.8	21.03
426.2	1.83
426.6	-7.76
426.9	-24.15
427.3	-4.02
427.7	4.17
428	7.22
428.4	-9.87
428.8	-13.61
429.1	6.05
429.5	-7.29
429.9	17.98
430.2	-17.12
430.6	18.69
431	4.17
431.3	7.92
431.7	18.92
432.1	-18.76
432.4	29.45
432.8	10.03
433.2	12.6
433.5	10.26
433.9	-16.66
434.3	-9.64
434.6	-2.85
435	8.15
435.4	-2.61
435.7	12.37
436.1	22.2
436.5	5.34
436.8	-12.44
437.2	10.26
437.6	-19.93
437.9	-220.05
438.3	-25.78
438.7	2.07
439	8.86
439.4	12.83
439.8	20.79
440.1	31.09
440.5	10.96
440.9	-14.78
441.2	6.05
441.6	3.47
442	-3.55
442.3	-25.32
442.7	32.49
443.1	8.39
443.4	-1.91
443.8	-6.12
444.1	16.11
444.5	34.83
444.9	14
445.2	24.07
445.6	-15.72
446	-4.72
446.3	-34.91
446.7	-17.83
447.1	-9.64
447.4	-19.47
447.8	-6.83
448.2	3.94
448.5	24.07
448.9	3.94
449.3	-14.32
449.6	9.79
450	13.77
450.4	-7.29
450.7	-6.12
451.1	-16.19
451.4	-15.25
451.8	26.88
452.2	-10.81
452.5	-13.85
452.9	-5.19
453.3	-1.68
453.6	-1.44
454	-11.27
454.4	-12.91
454.7	-18.53
455.1	-15.49
455.5	-7.53
455.8	-19
456.2	-0.04
456.5	-23.91
456.9	6.05
457.3	7.45
457.6	-13.61
458	-0.74
458.4	-4.02
458.7	-19.7
459.1	-38.66
459.5	-8.46
459.8	9.09
460.2	19.39
460.5	-6.36
460.9	-8.93
461.3	-6.12
461.6	-19.93
462	-13.85
462.4	-1.21
462.7	1.6
463.1	19.39
463.5	-1.21
463.8	-8.23
464.2	28.98
464.5	-16.66
464.9	1.13
465.3	-1.21
465.6	15.17
466	-6.12
466.4	-12.21
466.7	-4.49
467.1	-10.57
467.5	-4.02
467.8	-31.87
468.2	-5.19
468.5	-24.15
468.9	9.56
469.3	-8.46
469.6	16.58
470	-32.1
470.4	-1.21
470.7	-2.15
471.1	-19.93
471.4	-15.49
471.8	-23.91
472.2	4.17
472.5	29.69
472.9	-17.59
473.3	5.34
473.6	-3.55
474	-13.15
474.3	21.26
474.7	-22.27
475.1	0.2
475.4	-0.74
475.8	-6.36
476.2	-32.81
476.5	-11.74
476.9	-1.21
477.2	-20.17
477.6	-19.7
478	-22.27
478.3	5.81
478.7	-27.89
479.1	-53.87
479.4	-7.76
479.8	13.3
480.1	-1.68
480.5	6.98
480.9	13.3
481.2	-32.57
481.6	16.11
481.9	-3.32
482.3	-24.85
482.7	85.16
483	-11.98
483.4	6.75
483.8	-2.15
484.1	22.43
484.5	-4.72
484.8	-7.76
485.2	-19.23
485.6	30.39
485.9	12.13
486.3	-9.87
486.6	-19.7
487	5.81
487.4	14.71
487.7	-12.68
488.1	14.94
488.5	15.88
488.8	11.43
489.2	2.07
489.5	-5.66
489.9	-0.27
490.3	26.88
490.6	7.45
491	-15.02
491.3	-0.51
491.7	-34.21
492.1	-6.12
492.4	-7.76
492.8	6.51
493.1	-19.47
493.5	5.81
493.9	2.3
494.2	14.24
494.6	8.15
494.9	-29.3
495.3	-21.81
495.7	-7.53
496	3
496.4	20.79
496.7	24.77
497.1	13.07
497.5	7.22
497.8	16.58
498.2	-3.08
498.5	-13.38
498.9	-11.51
499.3	-9.4
499.6	-27.66
500	5.34
500.3	25.94
500.7	-5.66
501.1	-14.55
501.4	-3.55
501.8	-12.68
502.1	-30.93
502.5	4.17
502.9	-8.23
503.2	-2.38
503.6	10.49
503.9	-31.17
504.3	-23.44
504.7	4.17
505	-20.87
505.4	-8.46
505.7	14.71
506.1	25.47
506.5	-26.49
506.8	-8.23
507.2	7.68
507.5	7.45
507.9	-15.49
508.2	-5.42
508.6	-11.51
509	17.05
509.3	24.54
509.7	-4.95
510	-9.87
510.4	-8.23
510.8	-25.55
511.1	14.71
511.5	-10.1
511.8	9.79
512.2	-2.85
512.6	-5.66
512.9	-9.87
513.3	17.28
513.6	-4.02
514	-17.36
514.3	1.37
514.7	10.96
515.1	-37.02
515.4	6.75
515.8	-10.57
516.1	-49.66
516.5	10.73
516.9	18.22
517.2	-4.02
517.6	-21.1
517.9	-15.02
518.3	3.47
518.6	3
519	-4.02
519.4	-22.51
519.7	-20.64
520.1	15.41
520.4	-25.08
520.8	0.9
521.1	-17.36
521.5	1.13
521.9	25
522.2	-24.15
522.6	-4.02
522.9	8.86
523.3	-8.46
523.6	-17.12
524	-21.57
524.4	18.45
524.7	15.64
525.1	10.26
525.4	-0.51
525.8	-0.51
526.2	-9.4
526.5	34.13
526.9	-18.53
527.2	-4.25
527.6	1.13
527.9	6.05
528.3	-10.57
528.6	-7.06
529	3
529.4	-0.27
529.7	16.58
530.1	1.37
530.4	-16.19
530.8	1.6
531.1	0.2
531.5	11.66
531.9	-30
532.2	3.47
532.6	16.58
532.9	-3.08
533.3	10.03
533.6	12.37
534	2.77
534.4	203.12
534.7	9.56
535.1	-11.51
535.4	-14.55
535.8	-4.49
536.1	6.98
536.5	-1.68
536.8	32.73
537.2	-6.83
537.6	-8
537.9	-63.47
538.3	-32.1
538.6	-2.38
539	-18.76
539.3	5.11
539.7	-12.21
540	-16.66
540.4	-0.27
540.8	-12.44
541.1	137.58
541.5	-11.04
541.8	2.77
542.2	-10.81
542.5	-26.72
542.9	-29.3
543.2	6.05
543.6	-16.42
544	7.68
544.3	1.83
544.7	1.13
545	-12.21
545.4	-5.89
545.7	3.47
546.1	2.07
546.4	3.47
546.8	0.43
547.2	10.96
547.5	0.9
547.9	0.43
548.2	-25.78
548.6	-11.27
548.9	5.11
549.3	10.26
549.6	-4.95
550	-0.27
550.3	-26.02
550.7	-8.23
551.1	-14.32
551.4	24.77
551.8	-0.04
552.1	-11.74
552.5	5.81
552.8	-2.38
553.2	-19.7
553.5	-21.57
553.9	4.88
554.2	-3.78
554.6	-22.74
554.9	22.9
555.3	20.09
555.7	12.6
556	-3.78
556.4	-13.38
556.7	-5.66
557.1	6.28
557.4	-12.91
557.8	9.09
558.1	2.77
558.5	-5.66
558.8	7.45
559.2	-10.57
559.5	-10.57
559.9	11.66
560.3	-3.55
560.6	3.71
561	14
561.3	-16.19
561.7	9.32
562	-2.15
562.4	-11.27
562.7	16.11
563.1	-1.91
563.4	16.58
563.8	10.96
564.1	8.62
564.5	-32.81
564.8	0.43
565.2	-10.57
565.5	3.24
565.9	4.17
566.3	-3.32
566.6	6.75
567	20.32
567.3	37.41
567.7	2.07
568	9.09
568.4	-25.32
568.7	15.88
569.1	-3.08
569.4	-21.34
569.8	-13.61
570.1	17.52
570.5	-9.64
570.8	0.66
571.2	-2.85
571.5	5.34
571.9	-40.53
572.2	-9.17
572.6	-19.23
572.9	-21.57
573.3	10.26
573.6	-10.34
574	7.92
574.4	0.43
574.7	-10.57
575.1	4.64
575.4	9.32
575.8	10.26
576.1	2.54
576.5	-25.55
576.8	17.05
577.2	25.47
577.5	-25.08
577.9	39.98
578.2	13.07
578.6	-10.34
578.9	8.86
579.3	11.9
579.6	-10.57
580	-8
580.3	-3.55
580.7	-0.74
581	-8.93
581.4	0.2
581.7	-19
582.1	-24.38
582.4	18.92
582.8	-11.98
583.1	-22.98
583.5	-9.17
583.8	-0.74
584.2	3.24
584.5	10.26
584.9	13.07
585.2	-1.44
585.6	-10.81
585.9	-6.36
586.3	-15.49
586.6	-24.38
587	-15.02
587.3	14.47
587.7	-13.15
588	12.6
588.4	6.51
588.7	-3.32
589.1	30.86
589.4	-12.68
589.8	9.09
590.1	-19.23
590.5	19.62
590.8	-7.06
591.2	13.54
591.5	-13.85
591.9	-20.17
592.2	22.43
592.6	-3.32
592.9	16.11
593.3	-31.4
593.6	-23.68
594	13.77
594.3	10.26
594.7	-11.27
595	-9.17
595.4	-31.64
595.7	-6.83
596.1	-23.21
596.4	9.09
596.8	15.88
597.1	-12.68
597.5	-12.68
597.8	16.11
598.2	10.03
598.5	-12.91
598.9	-0.74
599.2	-4.72
599.6	-19.93
599.9	8.86
600.3	4.17
600.6	0.66
601	-3.78
601.3	-11.98
601.7	-22.98
602	-12.91
602.4	-7.53
602.7	-9.17
603.1	-2.85
603.4	23.83
603.8	-42.87
604.1	-3.78
604.5	-4.25
604.8	8.15
605.1	17.28
605.5	32.96
605.8	8.15
606.2	-6.83
606.5	-6.59
606.9	15.64
607.2	-34.44
607.6	3.47
607.9	3.71
608.3	0.9
608.6	9.56
609	-16.89
609.3	-26.96
609.7	-15.25
610	22.43
610.4	-2.15
610.7	1.13
611.1	-8.23
611.4	15.41
611.8	-18.76
612.1	-12.21
612.5	-34.21
612.8	-0.98
613.1	-15.95
613.5	8.62
613.8	-22.98
614.2	-11.51
614.5	29.22
614.9	-34.44
615.2	3
615.6	-27.19
615.9	26.41
616.3	-5.89
616.6	-7.06
617	15.88
617.3	-8
617.7	-12.44
618	21.49
618.3	17.28
618.7	8.62
619	-2.15
619.4	17.28
619.7	-13.38
620.1	2.54
620.4	26.88
620.8	18.69
621.1	12.13
621.5	-37.49
621.8	-3.55
622.2	-0.74
622.5	1.13
622.8	2.07
623.2	-5.19
623.5	-29.76
623.9	8.15
624.2	-19
624.6	-3.55
624.9	-8.23
625.3	-5.66
625.6	-25.32
626	-21.81
626.3	-2.61
626.7	-15.49
627	-0.51
627.3	-0.04
627.7	-1.21
628	-1.44
628.4	-35.38
628.7	6.75
629.1	-34.21
629.4	9.09
629.8	-5.19
630.1	9.32
630.5	-14.55
630.8	-26.72
631.1	3.71
631.5	-8.7
631.8	-3.78
632.2	6.98
632.5	-24.15
632.9	-19.47
633.2	-31.17
633.6	-1.91
633.9	-10.81
634.2	-22.98
634.6	-12.91
634.9	-20.17
635.3	-11.51
635.6	-8.46
636	-34.91
636.3	-12.68
636.7	8.15
637	-7.29
637.3	-7.76
637.7	-18.3
638	2.07
638.4	8.86
638.7	-2.85
639.1	-19
639.4	0.66
639.8	2.54
640.1	0.9
640.4	4.88
640.8	22.43
641.1	31.32
641.5	-2.61
641.8	-13.15
642.2	-2.61
642.5	6.75
642.8	-26.49
643.2	25
643.5	0.43
643.9	-19.23
644.2	-4.02
644.6	-22.27
644.9	-5.42
645.3	3.47
645.6	7.92
645.9	16.81
646.3	-34.44
646.6	8.15
647	-13.38
647.3	-26.96
647.7	-12.91
648	-16.42
648.3	-24.38
648.7	-25.78
649	1.83
649.4	-29.76
649.7	-14.08
650.1	-9.64
650.4	-2.38
650.7	9.09
651.1	-12.91
651.4	-26.49
651.8	16.34
652.1	-12.68
652.4	-22.98
652.8	-29.76
653.1	16.81
653.5	-22.27
653.8	6.98
654.2	-28.13
654.5	25
654.8	-8.46
655.2	-24.38
655.5	22.2
655.9	3.94
656.2	-6.36
656.6	10.26
656.9	10.73
657.2	10.26
657.6	-13.15
657.9	-9.4
658.3	14.94
658.6	-8.7
658.9	8.15
659.3	12.83
659.6	1.13
660	17.28
660.3	17.05
660.7	10.03
661	-12.44
661.3	6.98
661.7	19.86
662	-2.61
662.4	-20.64
662.7	-3.78
663	-0.27
663.4	-20.87
663.7	-5.66
664.1	-31.4
664.4	-13.61
664.7	-2.61
665.1	32.73
665.4	-3.32
665.8	6.05
666.1	-3.78
666.4	-7.06
666.8	-1.91
667.1	-3.08
667.5	-5.19
667.8	2.07
668.1	3.94
668.5	-19
668.8	-12.68
669.2	4.64
669.5	18.22
669.8	-15.49
670.2	-2.61
670.5	-2.61
670.9	-0.04
671.2	-1.91
671.5	5.81
671.9	-5.66
672.2	-3.08
672.6	24.07
672.9	2.07
673.2	-4.72
673.6	-3.08
673.9	14.47
674.3	-35.85
674.6	5.58
674.9	19.62
675.3	25.71
675.6	6.98
676	92.41
676.3	18.45
676.6	0.66
677	33.66
677.3	1.37
677.7	-21.34
678	-8.93
678.3	-18.76
678.7	-8.23
679	-9.4
679.4	-3.78
679.7	12.83
680	4.41
680.4	-10.34
680.7	7.92
681	8.15
681.4	-22.27
681.7	-19
682.1	-0.51
682.4	7.68
682.7	-3.32
683.1	4.64
683.4	35.77
683.8	27.81
684.1	10.96
684.4	-8.46
684.8	-2.38
685.1	-10.57
685.4	10.26
685.8	-6.59
686.1	77.2
686.5	34.83
686.8	-19.23
687.1	25.24
687.5	-4.72
687.8	10.26
688.1	11.66
688.5	-11.74
688.8	-16.66
689.2	-3.08
689.5	-19.23
689.8	-235.5
690.2	5.34
690.5	7.92
690.8	14.24
691.2	14.47
691.5	-8.93
691.9	-12.44
692.2	2.07
692.5	6.28
692.9	-19.47
693.2	-10.81
693.5	-7.06
693.9	-18.53
694.2	-28.83
694.6	-8.7
694.9	-15.95
695.2	-18.06
695.6	2.07
695.9	-20.4
696.2	-21.34
696.6	1.83
696.9	21.73
697.2	5.58
697.6	46.77
697.9	-5.89
698.3	-40.3
698.6	-17.36
698.9	-10.34
699.3	10.49
699.6	-25.08
699.9	-6.83
700.3	-0.04
700.6	3
700.9	-38.66
701.3	-21.81
701.6	-22.74
702	-1.68
702.3	0.9
702.6	-8.46
703	3.71
703.3	-8.46
703.6	1.83
704	-7.76
704.3	-9.4
704.6	-9.4
705	-4.49
705.3	-17.12
705.6	-13.85
706	1.6
706.3	-28.13
706.6	-24.61
707	-23.91
707.3	3.24
707.7	-0.27
708	12.13
708.3	-16.42
708.7	-5.66
709	-10.34
709.3	-20.4
709.7	-6.12
710	15.64
710.3	-8.93
710.7	9.09
711	8.62
711.3	-25.32
711.7	17.28
712	-6.12
712.3	-31.64
712.7	-5.19
713	7.45
713.3	-7.76
713.7	4.64
714	12.83
714.3	-10.81
714.7	12.37
715	-11.04
715.3	-28.59
715.7	-16.66
716	19.15
716.3	-4.72
716.7	-9.87
717	-6.59
717.3	8.39
717.7	11.9
718	-13.38
718.4	2.3
718.7	10.96
719	-19.93
719.4	10.26
719.7	6.51
720	-18.53
720.4	-1.21
720.7	21.26
721	-19
721.3	-3.32
721.7	4.41
722	-3.55
722.3	1.37
722.7	-12.91
723	6.75
723.3	21.03
723.7	-9.17
724	11.2
724.3	11.43
724.7	12.37
725	7.45
725.3	11.66
725.7	6.98
726	-14.55
726.3	2.3
726.7	-1.44
727	18.22
727.3	-10.57
727.7	-19.47
728	32.26
728.3	-37.25
728.7	-4.95
729	14
729.3	17.52
729.7	23.83
730	1.13
730.3	-12.44
730.7	-8.23
731	-29.53
731.3	-9.4
731.7	-12.44
732	18.22
732.3	-2.85
732.6	-27.19
733	3.47
733.3	-8.46
733.6	22.43
734	-11.51
734.3	-27.66
734.6	-5.66
735	4.17
735.3	-34.21
735.6	-9.4
736	0.9
736.3	-6.59
736.6	3
737	16.58
737.3	-3.55
737.6	23.6
737.9	-0.98
738.3	9.09
738.6	-9.17
738.9	9.32
739.3	-11.74
739.6	-8
739.9	-15.25
740.3	8.15
740.6	-8.7
740.9	18.69
741.2	-15.72
741.6	-2.61
741.9	11.66
742.2	-6.36
742.6	-2.15
742.9	4.64
743.2	11.66
743.6	-4.25
743.9	-23.68
744.2	-0.51
744.6	18.69
744.9	8.86
745.2	-51.53
745.5	8.86
745.9	3.71
746.2	17.28
746.5	-1.21
746.9	-4.49
747.2	-11.27
747.5	-19
747.8	-7.06
748.2	6.05
748.5	15.64
748.8	5.58
749.2	-11.27
749.5	14.47
749.8	7.22
750.1	17.98
750.5	-1.91
750.8	-5.42
751.1	-10.1
751.5	23.37
751.8	-24.15
752.1	-23.91
752.5	6.28
752.8	-14.32
753.1	-6.83
753.4	3.71
753.8	-25.55
754.1	-30.23
754.4	-23.68
754.7	0.66
755.1	-12.68
755.4	-14.08
755.7	-17.83
756.1	14
756.4	29.22
756.7	-3.08
757	-15.95
757.4	-25.78
757.7	-2.38
758	13.77
758.4	-6.83
758.7	3.24
759	3
759.3	-11.98
759.7	6.28
760	15.88
760.3	9.56
760.7	-24.61
761	24.77
761.3	6.51
761.6	-1.44
762	-17.83
762.3	-6.12
762.6	12.6
762.9	-8.93
763.3	-6.36
763.6	16.58
763.9	-14.08
764.2	-11.98
764.6	-11.51
764.9	-6.36
765.2	-21.34
765.6	-6.59
765.9	22.2
766.2	-37.49
766.5	17.28
766.9	-9.64
767.2	14.71
767.5	14.47
767.8	-11.04
768.2	-6.36
768.5	0.66
768.8	-7.06
769.1	-3.78
769.5	14
769.8	17.75
770.1	-14.55
770.5	-11.98
770.8	4.88
771.1	9.79
771.4	-10.1
771.8	5.58
772.1	-10.34
772.4	-0.74
772.7	-7.53
773.1	6.05
773.4	32.03
773.7	11.43
774	-33.51
774.4	7.22
774.7	-6.59
775	-3.55
775.3	-14.78
775.7	-0.98
776	-15.95
776.3	5.34
776.6	14.71
777	-16.19
777.3	-39.59
777.6	10.49
777.9	-14.78
778.3	-3.32
778.6	32.73
778.9	0.2
779.2	-3.55
779.6	-30
779.9	22.43
780.2	3.47
780.5	0.66
780.9	1.83
781.2	2.07
781.5	-23.68
781.8	-9.17
782.2	-10.81
782.5	-11.74
782.8	-1.21
783.1	-15.95
783.4	-5.19
783.8	34.13
784.1	-1.21
784.4	26.88
784.7	-5.66
785.1	14.24
785.4	-11.51
785.7	-26.25
786	2.3
786.4	-14.78
786.7	-0.51
787	-11.27
787.3	10.03
787.7	-19.23
788	-11.98
788.3	34.13
788.6	-15.49
788.9	-4.25
789.3	3.24
789.6	-6.36
789.9	-2.61
790.2	13.77
790.6	-25.55
790.9	13.3
791.2	6.75
791.5	-4.72
791.9	2.54
792.2	17.75
792.5	10.49
792.8	10.26
793.1	-6.36
793.5	-16.89
793.8	-14.32
794.1	2.77
794.4	-4.02
794.8	-1.21
795.1	18.92
795.4	-30.7
795.7	-25.32
796	8.39
796.4	6.28
796.7	19.39
797	0.43
797.3	-10.81
797.7	9.32
798	-20.64
798.3	-12.91
798.6	6.98
798.9	-2.61
799.3	27.58
799.6	-14.55
799.9	-21.81
800.2	25.47
800.5	1.13
800.9	-7.06
801.2	-13.15
801.5	-22.98
801.8	21.49
802.2	-13.85
802.5	-22.74
802.8	0.43
803.1	10.26
803.4	25.47
803.8	12.6
804.1	-1.91
804.4	4.88
804.7	10.49
805	17.28
805.4	-0.51
805.7	-28.13
806	-27.42
806.3	19.86
806.6	-7.29
807	4.88
807.3	16.81
807.6	10.49
807.9	10.73
808.2	-11.98
808.6	-17.83
808.9	5.58
809.2	8.39
809.5	-15.49
809.8	-19.7
810.2	-4.95
810.5	-4.95
810.8	7.45
811.1	-1.21
811.4	37.64
811.8	13.77
812.1	6.28
812.4	-4.25
812.7	-6.83
813	-10.57
813.4	17.98
813.7	-19.47
814	-4.25
814.3	-24.85
814.6	20.32
815	9.09
815.3	-11.04
815.6	-9.4
815.9	-26.49
816.2	12.37
816.5	17.75
816.9	2.54
817.2	-3.55
817.5	-16.19
817.8	7.68
818.1	6.28
818.5	-17.12
818.8	1.37
819.1	-18.53
819.4	15.41
819.7	-12.68
820.1	-11.04
820.4	-8.46
820.7	22.2
821	2.54
821.3	-21.1
821.6	-11.51
822	-32.81
822.3	-23.44
822.6	-4.02
822.9	0.66
823.2	0.43
823.5	3.94
823.9	-0.04
824.2	1.13
824.5	-7.53
824.8	8.15
825.1	8.86
825.5	25
825.8	-2.15
826.1	-1.91
826.4	36.01
826.7	38.35
827	-1.68
827.4	-11.98
827.7	-18.3
828	-18.06
828.3	19.62
828.6	-7.06
828.9	-20.4
829.3	-0.98
829.6	14
829.9	-14.55
830.2	-15.49
830.5	-14.78
830.8	-19.7
831.2	-13.38
831.5	-20.17
831.8	9.79
832.1	-9.17
832.4	-10.81
832.7	-8.93
833.1	11.43
833.4	32.73
833.7	11.66
834	-3.08
834.3	3.47
834.6	-11.51
835	10.96
835.3	7.45
835.6	21.49
835.9	-7.29
836.2	0.43
836.5	-15.25
836.8	-18.53
837.2	5.81
837.5	-8.46
837.8	-3.08
838.1	-22.74
838.4	17.28
838.7	3.94
839.1	29.92
839.4	2.77
839.7	-1.68
840	2.77
840.3	7.45
840.6	-293.07
840.9	-8.7
841.3	-21.34
841.6	-1.91
841.9	11.66
842.2	16.58
842.5	-23.21
842.8	-22.74
843.1	0.66
843.5	-26.25
843.8	-9.17
844.1	-15.25
844.4	-32.34
844.7	15.64
845	10.73
845.3	-39.83
845.7	4.64
846	-40.76
846.3	-15.25
846.6	-22.04
846.9	-7.76
847.2	21.73
847.5	-7.06
847.9	3.24
848.2	1.37
848.5	-9.17
848.8	-11.74
849.1	-11.74
849.4	12.13
849.7	-3.78
850	-19.7
850.4	10.26
850.7	-33.74
851	31.32
851.3	-9.64
851.6	9.32
851.9	-14.08
852.2	-43.57
852.5	-6.83
852.9	5.34
853.2	20.79
853.5	-1.44
853.8	13.54
854.1	6.51
854.4	-4.95
854.7	29.45
855.1	6.05
855.4	-7.76
855.7	-3.78
856	25
856.3	12.6
856.6	10.96
856.9	3
857.2	-8.7
857.5	16.58
857.9	5.11
858.2	-17.59
858.5	4.88
858.8	-16.19
859.1	-41
859.4	28.28
859.7	39.05
860	-7.76
860.4	12.83
860.7	20.09
861	-2.85
861.3	5.11
861.6	-12.21
861.9	-7.53
862.2	4.64
862.5	-39.13
862.8	-10.81
863.2	22.43
863.5	7.22
863.8	3.94
864.1	-9.4
864.4	20.09
864.7	12.37
865	6.28
865.3	-15.95
865.6	-3.08
866	12.6
866.3	8.62
866.6	-12.91
866.9	5.58
867.2	-8.23
867.5	15.64
867.8	6.75
868.1	-6.83
868.4	8.15
868.7	1.13
869.1	14.24
869.4	1.13
869.7	19.62
870	-12.44
870.3	26.88
870.6	14.71
870.9	-1.91
871.2	-3.08
871.5	23.83
871.8	-0.27
872.1	-21.81
872.5	9.56
872.8	-0.74
873.1	5.81
873.4	-5.89
873.7	-30.23
874	14
874.3	-16.66
874.6	15.41
874.9	5.11
875.2	11.9
875.6	-0.04
875.9	-15.72
876.2	-15.49
876.5	11.66
876.8	3.47
877.1	17.05
877.4	20.32
877.7	1.37
878	9.09
878.3	27.81
878.6	3
878.9	20.09
879.3	-26.96
879.6	3.94
879.9	1.37
880.2	-12.91
880.5	4.17
880.8	-9.64
881.1	-15.49
881.4	-3.78
881.7	24.77
882	14.47
882.3	-14.32
882.6	-1.44
882.9	-15.72
883.3	-22.98
883.6	12.37
883.9	1.37
884.2	-24.38
884.5	8.62
884.8	30.15
885.1	-16.42
885.4	-5.19
885.7	-28.13
886	-13.38
886.3	-46.85
886.6	-6.59
886.9	6.05
887.2	-6.59
887.6	4.88
887.9	3.71
888.2	-18.06
888.5	-10.81
888.8	10.73
889.1	-0.27
889.4	23.6
889.7	-6.59
890	-7.53
890.3	6.51
890.6	-0.51
890.9	2.54
891.2	13.07
891.5	3.24
891.8	-4.02
892.1	0.66
892.5	-1.68
892.8	24.54
893.1	-15.49
893.4	-27.66
893.7	4.17
894	8.15
894.3	-13.15
894.6	-22.74
894.9	-31.4
895.2	-9.87
895.5	-14.78
895.8	-8.93
896.1	-2.15
896.4	10.03
896.7	-30.23
897	-13.15
897.3	-41
897.6	19.39
897.9	34.37
898.3	-20.64
898.6	17.28
898.9	2.07
899.2	17.28
899.5	10.26
899.8	29.92
900.1	-21.34
900.4	16.34
900.7	2.54
901	1.83
901.3	7.68
901.6	-7.76
901.9	10.73
902.2	-4.72
902.5	6.28
902.8	6.05
903.1	-6.59
903.4	5.11
903.7	-2.61
904	16.11
904.3	-11.51
904.6	-8.23
904.9	-19.23
905.2	6.75
905.6	-35.85
905.9	-13.38
906.2	-8.46
906.5	0.66
906.8	-19.7
907.1	-37.96
907.4	10.26
907.7	-12.91
908	-27.19
908.3	-22.04
908.6	2.07
908.9	-0.04
909.2	-18.3
909.5	1.13
909.8	3.47
910.1	-12.91
910.4	-10.81
910.7	17.05
911	-0.27
911.3	11.9
911.6	-18.06
911.9	6.28
912.2	-37.02
912.5	-2.85
912.8	-8.23
913.1	0.66
913.4	0.9
913.7	-3.08
914	-7.53
914.3	3.94
914.6	-35.38
914.9	-15.72
915.2	-0.98
915.5	-5.19
915.8	-2.61
916.1	-27.89
916.4	-25.55
916.7	-2.15
917	1.83
917.3	27.81
917.6	25.94
917.9	25.71
918.2	-13.61
918.5	12.6
918.8	-20.17
919.1	-21.81
919.5	-2.15
919.8	41.39
920.1	-23.68
920.4	-27.19
920.7	-6.83
921	-25.08
921.3	-2.85
921.6	2.54
921.9	-8.93
922.2	27.58
922.5	0.43
922.8	-0.51
923.1	20.56
923.4	-4.49
923.7	-8.7
924	-14.08
924.3	-16.89
924.6	-4.72
924.9	0.43
925.2	-15.72
925.5	-11.98
925.8	3.71
926.1	-4.02
926.4	-1.21
926.7	25.71
927	-11.27
927.3	-10.1
927.6	-8.46
927.9	-0.27
928.2	-15.72
928.4	-11.74
928.7	21.96
929	50.75
929.3	6.28
929.6	7.68
929.9	6.28
930.2	14.94
930.5	-12.21
930.8	-10.81
931.1	-5.66
931.4	-11.04
931.7	-15.49
932	-8.46
932.3	-30.47
932.6	17.05
932.9	5.11
933.2	4.41
933.5	-6.83
933.8	-3.08
934.1	-25.78
934.4	13.54
934.7	1.83
935	-0.04
935.3	-9.64
935.6	-23.44
935.9	7.22
936.2	-8.23
936.5	5.11
936.8	9.09
937.1	-12.68
937.4	12.37
937.7	6.98
938	6.98
938.3	-8.7
938.6	-17.83
938.9	-14.78
939.2	15.88
939.5	-13.38
939.8	2.54
940.1	14
940.4	-33.27
940.7	-26.02
941	4.64
941.3	3.71
941.6	-16.89
941.9	12.6
942.2	-0.04
942.4	-17.59
942.7	7.22
943	-4.49
943.3	20.56
943.6	-4.49
943.9	-16.89
944.2	7.45
944.5	35.07
944.8	-17.83
945.1	-20.87
945.4	-8.46
945.7	-13.85
946	-12.91
946.3	15.17
946.6	17.75
946.9	-10.1
947.2	0.66
947.5	16.81
947.8	-1.44
948.1	-7.53
948.4	6.51
948.7	-3.55
949	-20.87
949.2	-7.06
949.5	-6.36
949.8	33.43
950.1	12.37
950.4	-3.32
950.7	-6.12
951	1.37
951.3	-22.04
951.6	-14.08
951.9	-33.74
952.2	9.79
952.5	-16.89
952.8	-14.78
953.1	-17.12
953.4	25.71
953.7	6.51
954	9.79
954.3	-36.55
954.6	-11.51
954.8	-15.25
955.1	3.71
955.4	-12.91
955.7	17.75
956	1.13
956.3	2.07
956.6	-11.51
956.9	22.2
957.2	-26.72
957.5	-4.49
957.8	13.54
958.1	-13.61
958.4	-4.72
958.7	-17.12
959	-20.87
959.2	-19.7
959.5	-1.21
959.8	-46.38
960.1	-7.06
960.4	-29.76
960.7	9.32
961	7.92
961.3	-29.53
961.6	6.75
961.9	-5.19
962.2	33.9
962.5	-6.83
962.8	3.47
963.1	-1.68
963.3	12.6
963.6	25.71
963.9	7.22
964.2	-5.42
964.5	2.54
964.8	-205.54
965.1	-16.89
965.4	2.77
965.7	-4.95
966	10.96
966.3	19.62
966.6	32.03
966.9	1.83
967.1	1.6
967.4	-5.19
967.7	-9.87
968	24.07
968.3	16.34
968.6	15.88
968.9	-1.44
969.2	-36.55
969.5	6.51
969.8	1.83
970.1	-13.85
970.3	-21.1
970.6	-7.53
970.9	10.73
971.2	-26.72
971.5	14
971.8	-4.72
972.1	-11.27
972.4	3.71
972.7	5.11
973	-6.59
973.3	-17.59
973.5	-2.85
973.8	4.17
974.1	16.81
974.4	-1.44
974.7	13.77
975	8.39
975.3	3
975.6	2.54
975.9	-0.98
976.2	0.9
976.4	15.17
976.7	-24.61
977	8.15
977.3	-24.15
977.6	-14.78
977.9	22.66
978.2	3.47
978.5	1.83
978.8	-14.78
979	-15.95
979.3	-1.91
979.6	1.6
979.9	14.24
980.2	-11.27
980.5	3
980.8	11.2
981.1	3.71
981.4	-0.27
981.6	-181.43
981.9	-4.02
982.2	33.9
982.5	13.54
982.8	-4.95
983.1	-4.49
983.4	-8
983.7	-6.36
984	26.64
984.2	-9.64
984.5	-23.68
984.8	-4.02
985.1	16.58
985.4	2.77
985.7	-22.98
986	9.09
986.3	-0.27
986.5	11.43
986.8	-24.61
987.1	1.83
987.4	14.24
987.7	-41.23
988	-22.51
988.3	-0.27
988.6	-7.29
988.8	-24.61
989.1	-10.1
989.4	-15.95
989.7	10.73
990	7.45
990.3	17.05
990.6	18.69
990.9	-20.64
991.1	7.68
991.4	-19.47
991.7	1.6
992	14.47
992.3	6.98
992.6	-4.02
992.9	-16.89
993.1	-0.04
993.4	15.17
993.7	1.83
994	-8.46
994.3	-19.47
994.6	7.22
994.9	-8.7
995.1	17.75
995.4	-39.36
995.7	34.6
996	-4.49
996.3	6.75
996.6	-1.68
996.9	-28.83
997.1	20.56
997.4	7.92
997.7	-29.76
998	1.37
998.3	0.2
998.6	-6.59
998.9	17.05
999.1	1.83
999.4	-14.78
999.7	-9.87
1000	-6.36
1000.3	7.68
1000.6	-7.53
1000.8	-3.55
1001.1	2.54
1001.4	-7.06
1001.7	9.32
1002	-1.21
1002.3	-21.1
1002.6	9.09
1002.8	-16.89
1003.1	-4.49
1003.4	3.94
1003.7	-16.19
1004	5.11
1004.3	-9.4
1004.5	-6.12
1004.8	-15.72
1005.1	-2.61
1005.4	-8.46
1005.7	6.51
1006	-21.57
1006.2	-7.76
1006.5	19.39
1006.8	-18.53
1007.1	-23.44
1007.4	-13.38
1007.7	-4.95
1007.9	-18.53
1008.2	5.81
1008.5	-17.59
1008.8	3
1009.1	-6.36
1009.4	-11.74
1009.6	-21.81
1009.9	-55.51
1010.2	7.22
1010.5	-8.93
1010.8	-18.76
1011.1	28.98
1011.3	-0.04
1011.6	-14.08
1011.9	6.05
1012.2	32.03
1012.5	11.66
1012.7	-8.23
1013	-23.91
1013.3	-7.76
1013.6	-10.57
1013.9	3
1014.2	-11.04
1014.4	-6.83
1014.7	2.77
1015	-10.1
1015.3	-12.44
1015.6	-25.08
1015.8	-5.19
1016.1	0.66
1016.4	8.62
1016.7	24.54
1017	12.83
1017.2	-7.53
1017.5	-11.98
1017.8	-7.76
1018.1	-25.08
1018.4	-15.49
1018.7	15.64
1018.9	2.3
1019.2	17.52
1019.5	6.28
1019.8	-0.04
1020.1	-1.68
1020.3	-31.4
1020.6	-9.64
1020.9	-9.64
1021.2	-9.64
