340.2	0.16
340.6	0.16
340.9	0.16
341.3	0.86
341.7	13.26
342.1	-3.82
342.4	-4.99
342.8	-16.23
343.2	0.86
343.6	-8.74
343.9	-31.91
344.3	-0.31
344.7	-0.55
345.1	6.01
345.4	-5.46
345.8	25.43
346.2	-29.33
346.6	54.46
346.9	-4.29
347.3	-22.31
347.7	16.31
348	-8.97
348.4	20.28
348.8	24.5
349.2	-19.5
349.5	-37.53
349.9	-21.14
350.3	-13.19
350.7	8.35
351	-4.53
351.4	-1.01
351.8	-25.59
352.2	-7.8
352.5	-21.85
352.9	4.37
353.3	4.37
353.6	-17.63
354	-0.08
354.4	6.48
354.8	-3.35
355.1	-14.36
355.5	-18.1
355.9	-7.57
356.3	7.41
356.6	-21.84
357	-14.82
357.4	-15.76
357.8	-14.36
358.1	-9.21
358.5	-8.27
358.9	-29.1
359.2	-5.93
359.6	-10.14
360	-21.38
360.4	-21.61
360.7	-20.44
361.1	2.96
361.5	-7.57
361.9	-8.5
362.2	4.6
362.6	-19.5
363	-17.87
363.3	-12.95
363.7	-5.23
364.1	3.9
364.5	-6.63
364.8	-19.5
365.2	6.71
365.6	2.26
366	-17.87
366.3	5.31
366.7	-1.72
367.1	-25.59
367.4	-10.14
367.8	-11.31
368.2	5.31
368.6	-13.65
368.9	-0.78
369.3	-11.78
369.7	3.67
370	2.26
370.4	-0.78
370.8	22.86
371.2	-14.59
371.5	26.37
371.9	-10.14
372.3	-22.55
372.6	10.22
373	-2.65
373.4	3.2
373.8	-7.8
374.1	-23.02
374.5	3.9
374.9	-7.57
375.2	9.75
375.6	8.35
376	6.71
376.4	-15.29
376.7	-22.55
377.1	-6.63
377.5	-15.06
377.8	-4.53
378.2	-12.01
378.6	-11.08
379	26.14
379.3	-11.08
379.7	-8.04
380.1	-24.42
380.4	5.54
380.8	-16.23
381.2	-1.01
381.6	8.82
381.9	-2.42
382.3	26.6
382.7	4.84
383	-4.53
383.4	6.94
383.8	-3.82
384.2	6.24
384.5	-2.89
384.9	12.33
385.3	-8.5
385.6	-32.85
386	3.9
386.4	-1.01
386.7	42.52
387.1	3.43
387.5	-1.95
387.9	6.94
388.2	-0.31
388.6	-22.08
389	-15.99
389.3	2.96
389.7	-21.85
390.1	-25.36
390.5	3.2
390.8	9.75
391.2	5.54
391.6	-13.19
391.9	-12.48
392.3	10.22
392.7	-15.53
393	-15.53
393.4	-8.5
393.8	2.73
394.2	-1.72
394.5	-0.08
394.9	10.92
395.3	-22.78
395.6	12.33
396	-25.12
396.4	27.31
396.7	-15.53
397.1	-13.65
397.5	-8.74
397.8	11.62
398.2	-2.42
398.6	4.13
399	-32.38
399.3	7.41
399.7	-4.53
400.1	-2.65
400.4	-23.02
400.8	2.73
401.2	0.62
401.5	-18.8
401.9	14.43
402.3	-4.99
402.7	-18.57
403	-5.46
403.4	-0.78
403.8	1.09
404.1	-14.36
404.5	3.67
404.9	-17.87
405.2	-56.72
405.6	-19.5
406	-8.5
406.3	14.43
406.7	25.9
407.1	-17.63
407.4	-4.29
407.8	13.73
408.2	6.01
408.6	1.56
408.9	-2.89
409.3	-6.63
409.7	-3.35
410	-28.87
410.4	-7.57
410.8	13.26
411.1	-1.25
411.5	-3.35
411.9	130.52
412.2	8.82
412.6	0.39
413	-18.57
413.3	-1.25
413.7	-22.31
414.1	-14.82
414.4	-52.97
414.8	-12.95
415.2	-9.21
415.5	-7.33
415.9	7.18
416.3	1.09
416.7	-22.55
417	-5.93
417.4	-18.8
417.8	-13.19
418.1	-33.55
418.5	-11.08
418.9	-10.84
419.2	16.31
419.6	13.5
420	-23.02
420.3	8.35
420.7	13.26
421.1	-9.44
421.4	4.84
421.8	-4.99
422.2	10.45
422.5	-13.89
422.9	-10.38
423.3	-6.87
423.6	-12.72
424	9.75
424.4	-14.59
424.7	-23.48
425.1	6.01
425.5	8.35
425.8	-5.46
426.2	-8.04
426.6	-9.44
426.9	-19.04
427.3	13.03
427.7	-1.72
428	-25.82
428.4	-15.53
428.8	-12.25
429.1	3.2
429.5	6.48
429.9	-1.95
430.2	-22.78
430.6	2.03
431	-16.23
431.3	-7.57
431.7	12.09
432.1	-6.63
432.4	12.56
432.8	2.96
433.2	-5.7
433.5	11.39
433.9	-6.4
434.3	-23.95
434.6	-24.42
435	-17.16
435.4	-8.74
435.7	5.77
436.1	21.22
436.5	10.22
436.8	-24.65
437.2	0.39
437.6	-11.55
437.9	-230.15
438.3	-19.97
438.7	7.18
439	2.03
439.4	8.11
439.8	-11.55
440.1	-8.27
440.5	6.71
440.9	-15.29
441.2	4.13
441.6	-16.23
442	-9.67
442.3	-19.74
442.7	14.2
443.1	22.16
443.4	11.62
443.8	-15.53
444.1	12.09
444.5	6.01
444.9	0.62
445.2	-17.63
445.6	-15.76
446	-6.16
446.3	-27.23
446.7	-4.06
447.1	-23.25
447.4	19.35
447.8	-8.5
448.2	-20.67
448.5	2.26
448.9	-14.36
449.3	-18.8
449.6	9.05
450	-1.48
450.4	10.92
450.7	17.24
451.1	-17.4
451.4	0.86
451.8	20.28
452.2	-18.8
452.5	-28.16
452.9	14.43
453.3	-19.5
453.6	-4.53
454	-8.27
454.4	1.09
454.7	-33.78
455.1	-37.76
455.5	2.26
455.8	-30.04
456.2	-7.33
456.5	-21.61
456.9	6.24
457.3	-14.82
457.6	-14.36
458	8.11
458.4	4.6
458.7	13.03
459.1	-26.99
459.5	19.82
459.8	13.97
460.2	-9.44
460.5	4.37
460.9	-5.23
461.3	3.43
461.6	11.16
462	-19.04
462.4	-9.44
462.7	-8.74
463.1	-1.72
463.5	9.75
463.8	-7.57
464.2	10.45
464.5	-11.31
464.9	-6.87
465.3	-4.53
465.6	-8.27
466	-0.78
466.4	-0.08
466.7	-10.84
467.1	16.31
467.5	-10.14
467.8	-36.82
468.2	-8.27
468.5	-26.53
468.9	6.24
469.3	-12.48
469.6	5.31
470	-36.59
470.4	1.79
470.7	-1.48
471.1	-10.84
471.4	-15.99
471.8	-18.1
472.2	2.73
472.5	29.41
472.9	-35.19
473.3	9.28
473.6	-11.31
474	-1.01
474.3	0.62
474.7	-24.19
475.1	-1.72
475.4	2.5
475.8	-15.53
476.2	-45.95
476.5	-13.42
476.9	-9.44
477.2	-31.21
477.6	-4.99
478	1.33
478.3	-14.36
478.7	3.2
479.1	-35.65
479.4	-2.89
479.8	-1.48
480.1	-2.42
480.5	0.39
480.9	-25.82
481.2	-32.14
481.6	-19.97
481.9	25.9
482.3	-21.14
482.7	85.12
483	-25.12
483.4	-12.72
483.8	0.86
484.1	-5.46
484.5	-41.04
484.8	8.11
485.2	-17.4
485.6	6.01
485.9	21.92
486.3	-15.76
486.6	-12.95
487	4.37
487.4	-3.35
487.7	-17.4
488.1	11.16
488.5	17.24
488.8	11.39
489.2	6.94
489.5	-27.23
489.9	8.82
490.3	-3.82
490.6	-10.14
491	11.86
491.3	18.88
491.7	-32.38
492.1	-11.55
492.4	-14.36
492.8	7.18
493.1	-10.61
493.5	11.62
493.9	3.67
494.2	17.01
494.6	0.39
494.9	-7.8
495.3	-10.14
495.7	-6.4
496	-3.35
496.4	-11.08
496.7	1.56
497.1	-17.63
497.5	-10.14
497.8	2.96
498.2	-2.42
498.5	-34.25
498.9	11.86
499.3	-23.02
499.6	19.35
500	-13.42
500.3	24.26
500.7	-28.63
501.1	16.54
501.4	-12.48
501.8	7.65
502.1	-2.89
502.5	12.56
502.9	-2.89
503.2	-26.06
503.6	9.99
503.9	-22.31
504.3	-22.08
504.7	0.62
505	3.2
505.4	-9.21
505.7	16.54
506.1	26.84
506.5	0.16
506.8	-5.46
507.2	-3.82
507.5	7.88
507.9	-8.27
508.2	4.37
508.6	-8.74
509	-2.18
509.3	10.22
509.7	-20.91
510	-14.82
510.4	-12.95
510.8	-30.74
511.1	25.67
511.5	-2.65
511.8	18.88
512.2	-5.7
512.6	-0.78
512.9	-0.08
513.3	-3.59
513.6	-24.89
514	-33.78
514.3	-10.61
514.7	-1.95
515.1	-20.44
515.4	-8.27
515.8	-15.76
516.1	-41.74
516.5	-0.31
516.9	11.16
517.2	1.79
517.6	-12.95
517.9	-25.82
518.3	9.28
518.6	-16.23
519	-10.61
519.4	7.41
519.7	-19.27
520.1	14.43
520.4	-17.63
520.8	1.56
521.1	-22.08
521.5	5.77
521.9	11.39
522.2	2.73
522.6	-12.72
522.9	-21.84
523.3	8.58
523.6	-1.48
524	-20.67
524.4	-19.97
524.7	14.2
525.1	-23.72
525.4	-8.74
525.8	-16.46
526.2	-8.74
526.5	6.01
526.9	-12.01
527.2	-0.08
527.6	-16.23
527.9	-31.68
528.3	-35.19
528.6	-27.93
529	-17.4
529.4	3.9
529.7	6.94
530.1	-14.12
530.4	-11.31
530.8	20.75
531.1	-10.61
531.5	15.84
531.9	-58.59
532.2	1.56
532.6	8.11
532.9	-30.5
533.3	17.24
533.6	-4.76
534	-1.25
534.4	185.76
534.7	23.8
535.1	-22.78
535.4	-19.97
535.8	-3.12
536.1	-2.65
536.5	13.5
536.8	20.28
537.2	5.31
537.6	-21.38
537.9	-38.46
538.3	-11.08
538.6	-0.55
539	-31.91
539.3	9.52
539.7	-15.99
540	-29.57
540.4	-22.55
540.8	-24.65
541.1	134.74
541.5	4.84
541.8	-10.61
542.2	-53.68
542.5	-6.87
542.9	2.5
543.2	6.71
543.6	-24.19
544	12.09
544.3	-8.74
544.7	9.05
545	11.62
545.4	-18.33
545.7	-8.97
546.1	-1.01
546.4	-12.01
546.8	19.35
547.2	-12.01
547.5	0.62
547.9	-4.76
548.2	-24.19
548.6	-11.55
548.9	-7.57
549.3	20.75
549.6	-16.23
550	28.94
550.3	-6.16
550.7	-8.97
551.1	-2.18
551.4	-7.1
551.8	-12.48
552.1	-3.35
552.5	-0.55
552.8	-4.53
553.2	-13.42
553.5	-13.65
553.9	7.65
554.2	8.82
554.6	-24.19
554.9	5.77
555.3	31.52
555.7	-10.84
556	4.37
556.4	-2.89
556.7	-1.95
557.1	10.69
557.4	-13.19
557.8	15.84
558.1	-16.7
558.5	-4.76
558.8	6.94
559.2	0.16
559.5	-1.25
559.9	-2.89
560.3	8.58
560.6	-9.21
561	14.43
561.3	-9.21
561.7	-7.57
562	-35.89
562.4	-4.06
562.7	-1.25
563.1	-24.89
563.4	-6.87
563.8	1.79
564.1	4.13
564.5	-26.53
564.8	-22.55
565.2	-8.04
565.5	-1.95
565.9	-16.93
566.3	-16.46
566.6	-5.23
567	-10.38
567.3	-16.7
567.7	-22.78
568	8.58
568.4	-4.76
568.7	-24.65
569.1	-20.67
569.4	5.54
569.8	-3.12
570.1	-0.31
570.5	-6.16
570.8	7.88
571.2	5.07
571.5	-14.82
571.9	-41.27
572.2	-27.46
572.6	-12.01
572.9	1.79
573.3	3.2
573.6	-3.35
574	3.67
574.4	0.39
574.7	4.37
575.1	-8.97
575.4	-1.48
575.8	-22.31
576.1	-8.5
576.5	-30.97
576.8	16.54
577.2	25.2
577.5	6.94
577.9	-2.42
578.2	-1.72
578.6	2.73
578.9	-3.35
579.3	1.56
579.6	5.77
580	-16.46
580.3	-5.93
580.7	-33.08
581	-16.7
581.4	7.41
581.7	-37.29
582.1	7.41
582.4	39.71
582.8	-21.85
583.1	-15.53
583.5	-31.68
583.8	-23.25
584.2	-11.55
584.5	6.01
584.9	2.96
585.2	-3.59
585.6	-5.46
585.9	7.88
586.3	-13.65
586.6	-40.34
587	-9.21
587.3	9.52
587.7	-8.74
588	-11.55
588.4	-12.72
588.7	-19.27
589.1	13.73
589.4	-20.21
589.8	16.54
590.1	-23.02
590.5	-8.04
590.8	-11.08
591.2	-8.27
591.5	-3.35
591.9	-33.78
592.2	5.77
592.6	7.41
592.9	11.86
593.3	-28.16
593.6	-26.06
594	7.65
594.3	-4.76
594.7	3.43
595	-8.74
595.4	-20.91
595.7	7.88
596.1	-18.8
596.4	5.77
596.8	19.11
597.1	-39.87
597.5	-3.12
597.8	4.37
598.2	8.11
598.5	-18.1
598.9	-12.72
599.2	-28.63
599.6	-18.57
599.9	8.58
600.3	-7.8
600.6	-18.1
601	-21.14
601.3	-20.91
601.7	-24.19
602	3.2
602.4	6.24
602.7	-12.25
603.1	-4.76
603.4	-26.99
603.8	-27.23
604.1	-22.08
604.5	-0.78
604.8	-10.61
605.1	-5.93
605.5	14.43
605.8	14.67
606.2	-14.12
606.5	-19.5
606.9	17.01
607.2	-22.78
607.6	8.58
607.9	6.94
608.3	6.48
608.6	-0.55
609	-24.19
609.3	-14.59
609.7	-45.72
610	-15.29
610.4	-29.33
610.7	-18.57
611.1	-12.72
611.4	-1.72
611.8	-10.38
612.1	-8.27
612.5	-5.46
612.8	-20.44
613.1	-20.21
613.5	-6.87
613.8	-19.97
614.2	-4.29
614.5	21.22
614.9	-15.53
615.2	-2.42
615.6	-26.29
615.9	21.22
616.3	-9.91
616.6	-26.06
617	-11.31
617.3	0.16
617.7	-31.91
618	-8.04
618.3	14.2
618.7	32.92
619	-7.8
619.4	-13.65
619.7	15.14
620.1	9.52
620.4	7.41
620.8	14.43
621.1	-12.01
621.5	-6.4
621.8	-10.38
622.2	-10.38
622.5	3.43
622.8	0.86
623.2	6.48
623.5	-16.93
623.9	16.77
624.2	-27.23
624.6	4.84
624.9	-11.55
625.3	11.86
625.6	-37.29
626	-35.89
626.3	-26.29
626.7	-22.78
627	-15.29
627.3	2.26
627.7	-10.14
628	3.2
628.4	-49.7
628.7	5.31
629.1	-34.95
629.4	5.54
629.8	-28.87
630.1	3.9
630.5	-14.82
630.8	-19.74
631.1	20.99
631.5	-22.78
631.8	-5.7
632.2	3.9
632.5	-12.25
632.9	-6.87
633.2	-13.89
633.6	-8.97
633.9	9.52
634.2	-19.27
634.6	-18.1
634.9	-5.23
635.3	-17.16
635.6	-15.29
636	-20.21
636.3	-24.65
636.7	-8.04
637	-19.74
637.3	-26.06
637.7	2.5
638	7.18
638.4	11.86
638.7	-0.78
639.1	-19.04
639.4	18.18
639.8	-14.36
640.1	-9.91
640.4	15.37
640.8	-4.06
641.1	13.03
641.5	-15.99
641.8	-11.31
642.2	-19.04
642.5	-10.14
642.8	-26.99
643.2	20.75
643.5	-33.31
643.9	-37.06
644.2	-8.27
644.6	-13.89
644.9	-35.89
645.3	17.01
645.6	0.86
645.9	10.69
646.3	2.26
646.6	-2.18
647	-9.21
647.3	-4.29
647.7	-5.93
648	-10.84
648.3	-21.14
648.7	-32.14
649	-2.18
649.4	7.41
649.7	-24.65
650.1	-6.63
650.4	-4.53
650.7	-20.67
651.1	-15.06
651.4	-26.53
651.8	-1.25
652.1	-10.61
652.4	-29.1
652.8	-7.33
653.1	5.54
653.5	-11.55
653.8	1.56
654.2	-7.57
654.5	11.16
654.8	-15.99
655.2	-40.1
655.5	-2.18
655.9	-10.84
656.2	-22.31
656.6	-3.12
656.9	15.14
657.2	-1.95
657.6	-11.08
657.9	-15.76
658.3	5.07
658.6	2.03
658.9	-5.46
659.3	-1.25
659.6	-11.31
660	18.18
660.3	3.43
660.7	-5.7
661	-1.72
661.3	0.62
661.7	15.14
662	4.37
662.4	-17.87
662.7	-17.4
663	-10.84
663.4	4.6
663.7	11.16
664.1	-7.57
664.4	-10.38
664.7	-28.87
665.1	-2.89
665.4	-15.99
665.8	-1.72
666.1	23.09
666.4	-4.76
666.8	13.5
667.1	10.45
667.5	-6.63
667.8	-12.72
668.1	-1.72
668.5	-15.53
668.8	-6.63
669.2	-8.5
669.5	11.39
669.8	-15.99
670.2	-16.23
670.5	-25.59
670.9	-27.23
671.2	-9.21
671.5	18.18
671.9	-33.31
672.2	1.09
672.6	15.6
672.9	-0.78
673.2	1.79
673.6	-15.99
673.9	-3.59
674.3	-35.42
674.6	-14.36
674.9	-6.63
675.3	17.71
675.6	12.09
676	74.82
676.3	6.24
676.6	-15.06
677	19.35
677.3	-6.63
677.7	-16.23
678	-33.08
678.3	7.88
678.7	-11.31
679	-1.48
679.4	3.43
679.7	2.5
680	10.45
680.4	9.75
680.7	15.37
681	-1.48
681.4	-17.63
681.7	-15.29
682.1	0.16
682.4	-10.61
682.7	-55.31
683.1	-27.93
683.4	47.43
683.8	1.79
684.1	-5.46
684.4	8.82
684.8	-27.7
685.1	-2.65
685.4	-6.63
685.8	27.54
686.1	79.5
686.5	27.07
686.8	-4.53
687.1	20.52
687.5	11.39
687.8	3.2
688.1	4.6
688.5	-1.48
688.8	23.8
689.2	-11.08
689.5	-1.95
689.8	-221.49
690.2	-1.25
690.5	-2.18
690.8	12.33
691.2	6.48
691.5	-0.31
691.9	-10.14
692.2	-3.12
692.5	-24.89
692.9	-13.42
693.2	-32.61
693.5	-23.72
693.9	-11.31
694.2	7.18
694.6	11.86
694.9	-8.5
695.2	-16.7
695.6	-8.74
695.9	-41.27
696.2	-2.18
696.6	-12.48
696.9	1.79
697.2	-24.19
697.6	34.09
697.9	-26.99
698.3	-0.08
698.6	-4.53
698.9	-10.84
699.3	-9.21
699.6	-27.93
699.9	6.48
700.3	-3.59
700.6	-7.8
700.9	-16.93
701.3	-20.21
701.6	-21.84
702	-25.36
702.3	24.5
702.6	9.05
703	-16.7
703.3	-3.82
703.6	-31.44
704	-1.01
704.3	-3.12
704.6	-28.87
705	-22.08
705.3	-34.48
705.6	11.86
706	-13.65
706.3	-39.87
706.6	-21.38
707	-17.4
707.3	-1.48
707.7	-17.4
708	-9.67
708.3	-16.23
708.7	-25.82
709	-28.63
709.3	10.45
709.7	-2.89
710	5.07
710.3	1.33
710.7	13.73
711	2.5
711.3	-19.04
711.7	11.16
712	2.73
712.3	-29.1
712.7	3.2
713	8.11
713.3	-17.16
713.7	4.13
714	2.03
714.3	2.5
714.7	-3.12
715	-3.59
715.3	-15.76
715.7	-5.23
716	10.22
716.3	9.52
716.7	-21.84
717	16.54
717.3	-2.42
717.7	-5.23
718	-4.29
718.4	20.75
718.7	13.5
719	-9.91
719.4	3.43
719.7	-9.21
720	-6.63
720.4	-18.33
720.7	-4.76
721	-25.36
721.3	-2.89
721.7	1.33
722	-2.18
722.3	1.56
722.7	-4.99
723	-12.01
723.3	13.5
723.7	11.86
724	-0.08
724.3	17.94
724.7	-23.95
725	-29.8
725.3	-9.21
725.7	8.11
726	1.09
726.3	-7.57
726.7	5.31
727	22.63
727.3	-11.08
727.7	-17.16
728	6.94
728.3	-37.53
728.7	24.5
729	1.09
729.3	-3.82
729.7	-12.01
730	-8.74
730.3	-6.4
730.7	-11.78
731	-13.19
731.3	-15.53
731.7	-12.95
732	4.37
732.3	-5.93
732.6	-16.23
733	-4.76
733.3	-19.97
733.6	-6.16
734	3.43
734.3	-12.01
734.6	-19.04
735	27.77
735.3	-22.08
735.6	5.31
736	-2.89
736.3	-12.01
736.6	-8.74
737	-7.1
737.3	-8.97
737.6	35.5
737.9	-27.46
738.3	3.67
738.6	-13.42
738.9	14.9
739.3	-47.12
739.6	1.79
739.9	-3.82
740.3	5.31
740.6	-23.02
740.9	12.56
741.2	-7.57
741.6	17.94
741.9	-4.29
742.2	-22.08
742.6	-8.04
742.9	9.99
743.2	-15.76
743.6	-23.25
743.9	-8.97
744.2	15.6
744.6	19.58
744.9	-12.25
745.2	-49.23
745.5	-10.38
745.9	21.22
746.2	-14.59
746.5	-0.31
746.9	26.6
747.2	-24.42
747.5	-22.08
747.8	2.26
748.2	16.54
748.5	22.39
748.8	-29.8
749.2	-5.23
749.5	9.28
749.8	7.41
750.1	-7.57
750.5	1.56
750.8	-17.87
751.1	11.16
751.5	0.62
751.8	-20.44
752.1	-3.82
752.5	-11.55
752.8	-18.57
753.1	-18.8
753.4	-8.74
753.8	0.86
754.1	-21.61
754.4	-1.72
754.7	-8.97
755.1	-21.38
755.4	-15.99
755.7	-15.53
756.1	-1.25
756.4	20.99
756.7	-8.27
757	-15.76
757.4	-25.36
757.7	4.6
758	-11.31
758.4	19.11
758.7	17.94
759	-12.95
759.3	-20.21
759.7	1.56
760	11.62
760.3	21.92
760.7	-15.76
761	10.45
761.3	-4.76
761.6	-4.06
762	-34.48
762.3	-19.5
762.6	0.39
762.9	-16.7
763.3	-43.85
763.6	16.07
763.9	-11.08
764.2	-30.04
764.6	-8.27
764.9	-3.35
765.2	-18.8
765.6	6.24
765.9	6.24
766.2	-24.19
766.5	34.33
766.9	-18.8
767.2	-20.21
767.5	-2.42
767.8	-4.99
768.2	-14.36
768.5	-8.5
768.8	5.31
769.1	0.62
769.5	-4.53
769.8	9.99
770.1	-7.1
770.5	-19.27
770.8	4.37
771.1	13.73
771.4	7.65
771.8	-13.19
772.1	3.67
772.4	17.01
772.7	-2.42
773.1	-18.57
773.4	18.88
773.7	13.03
774	-9.44
774.4	-16.23
774.7	-25.59
775	10.45
775.3	-11.31
775.7	-8.74
776	-29.57
776.3	5.31
776.6	-5.7
777	-21.14
777.3	-8.5
777.6	14.43
777.9	-9.91
778.3	3.43
778.6	15.14
778.9	-12.72
779.2	-17.16
779.6	-23.95
779.9	-3.12
780.2	2.5
780.5	-10.14
780.9	-26.76
781.2	-27.7
781.5	4.37
781.8	11.39
782.2	-11.55
782.5	-31.21
782.8	12.56
783.1	-9.44
783.4	11.86
783.8	1.09
784.1	-19.74
784.4	21.45
784.7	-6.87
785.1	1.33
785.4	-2.42
785.7	-16.46
786	-19.04
786.4	-33.31
786.7	-11.78
787	-4.29
787.3	-11.31
787.7	-19.74
788	-1.72
788.3	-4.76
788.6	-3.35
788.9	-6.87
789.3	-6.16
789.6	-12.95
789.9	-9.91
790.2	-1.72
790.6	-5.23
790.9	-12.72
791.2	-22.08
791.5	0.39
791.9	8.82
792.2	24.5
792.5	3.2
792.8	-6.4
793.1	2.5
793.5	-24.89
793.8	-9.44
794.1	-13.65
794.4	-1.72
794.8	-2.42
795.1	-9.91
795.4	-15.29
795.7	-39.4
796	12.09
796.4	9.52
796.7	14.2
797	17.24
797.3	-7.1
797.7	21.22
798	-20.21
798.3	-32.61
798.6	-21.61
798.9	-1.48
799.3	17.24
799.6	5.31
799.9	-12.01
800.2	8.35
800.5	-7.33
800.9	-7.1
801.2	-0.55
801.5	14.43
801.8	-25.12
802.2	7.18
802.5	-23.02
802.8	2.26
803.1	9.28
803.4	8.82
803.8	-7.33
804.1	-21.38
804.4	11.16
804.7	9.99
805	-9.91
805.4	-30.74
805.7	-35.89
806	-12.48
806.3	14.67
806.6	-20.67
807	9.99
807.3	-3.35
807.6	17.24
807.9	-27.7
808.2	-24.19
808.6	-13.42
808.9	8.58
809.2	-4.99
809.5	-16.93
809.8	-9.67
810.2	-9.44
810.5	2.5
810.8	4.37
811.1	6.71
811.4	12.33
811.8	11.86
812.1	-19.27
812.4	-27.46
812.7	-1.72
813	-2.89
813.4	19.35
813.7	0.16
814	-19.04
814.3	-4.29
814.6	-4.06
815	9.99
815.3	-32.85
815.6	-18.1
815.9	7.65
816.2	-20.67
816.5	-4.76
816.9	5.77
817.2	-19.04
817.5	-19.97
817.8	-27.46
818.1	13.03
818.5	-12.01
818.8	-12.01
819.1	-4.29
819.4	-20.21
819.7	-11.55
820.1	-11.55
820.4	-7.57
820.7	-0.31
821	-10.38
821.3	-25.12
821.6	5.07
822	-31.91
822.3	-3.35
822.6	-8.27
822.9	0.86
823.2	-13.42
823.5	14.2
823.9	-5.93
824.2	-5.23
824.5	-20.91
824.8	-17.4
825.1	4.6
825.5	28.24
825.8	11.86
826.1	-17.87
826.4	15.37
826.7	21.45
827	0.62
827.4	-12.48
827.7	-27.93
828	-30.97
828.3	20.05
828.6	-22.55
828.9	-35.19
829.3	8.58
829.6	16.07
829.9	9.05
830.2	-3.12
830.5	-23.02
830.8	2.03
831.2	-2.65
831.5	-26.06
831.8	20.52
832.1	-1.95
832.4	3.2
832.7	-20.67
833.1	0.62
833.4	13.5
833.7	-5.46
834	9.52
834.3	-8.74
834.6	2.03
835	12.09
835.3	6.48
835.6	-1.01
835.9	4.13
836.2	-25.82
836.5	-23.72
836.8	-31.21
837.2	-17.4
837.5	-12.01
837.8	-19.04
838.1	-4.76
838.4	30.82
838.7	-1.25
839.1	29.65
839.4	11.39
839.7	17.01
840	12.79
840.3	3.9
840.6	-284.92
840.9	-18.1
841.3	-49.7
841.6	-11.08
841.9	2.5
842.2	9.28
842.5	-18.1
842.8	-23.72
843.1	-4.29
843.5	-42.91
843.8	8.11
844.1	-9.91
844.4	-22.55
844.7	-2.89
845	-12.95
845.3	0.16
845.7	19.11
846	-36.36
846.3	-12.72
846.6	-16.46
846.9	-33.08
847.2	13.26
847.5	-15.76
847.9	-17.87
848.2	-0.78
848.5	-20.91
848.8	17.48
849.1	-35.65
849.4	-22.78
849.7	-13.65
850	-17.87
850.4	-4.29
850.7	-11.31
851	17.71
851.3	-15.53
851.6	1.79
851.9	-19.97
852.2	-21.14
852.5	-7.8
852.9	9.75
853.2	3.67
853.5	-10.14
853.8	25.9
854.1	14.2
854.4	-5.93
854.7	3.43
855.1	-28.16
855.4	-3.35
855.7	7.65
856	22.16
856.3	3.2
856.6	1.33
856.9	2.26
857.2	0.16
857.5	-26.99
857.9	-0.31
858.2	10.22
858.5	3.9
858.8	-26.53
859.1	-29.33
859.4	22.86
859.7	23.56
860	-5.23
860.4	2.5
860.7	1.09
861	12.33
861.3	-20.44
861.6	16.77
861.9	-12.72
862.2	-7.33
862.5	-4.29
862.8	7.18
863.2	-11.31
863.5	6.01
863.8	15.84
864.1	-8.97
864.4	-4.29
864.7	6.24
865	4.13
865.3	-2.65
865.6	8.82
866	-23.02
866.3	34.56
866.6	-20.91
866.9	17.24
867.2	21.92
867.5	-0.08
867.8	24.73
868.1	-14.82
868.4	-13.42
868.7	-9.44
869.1	-4.99
869.4	-9.44
869.7	20.75
870	-15.29
870.3	-6.63
870.6	-1.25
870.9	-13.19
871.2	-9.21
871.5	6.48
871.8	-21.85
872.1	-10.61
872.5	-4.76
872.8	-7.1
873.1	-1.01
873.4	2.5
873.7	-16.7
874	17.48
874.3	4.13
874.6	15.84
874.9	37.37
875.2	13.26
875.6	-21.38
875.9	-23.25
876.2	-7.8
876.5	6.24
876.8	-10.84
877.1	-9.44
877.4	-4.29
877.7	-8.97
878	-0.55
878.3	19.82
878.6	-3.35
878.9	2.03
879.3	-11.55
879.6	-2.89
879.9	-3.12
880.2	-6.4
880.5	-25.12
880.8	-15.53
881.1	10.45
881.4	-20.21
881.7	-12.95
882	6.01
882.3	-0.31
882.6	-17.87
882.9	-39.4
883.3	-13.89
883.6	-11.31
883.9	0.62
884.2	-24.89
884.5	8.82
884.8	17.71
885.1	-35.19
885.4	-1.25
885.7	-4.99
886	-13.42
886.3	-25.36
886.6	-17.4
886.9	-8.97
887.2	-3.59
887.6	-19.5
887.9	-1.25
888.2	-38.23
888.5	-30.74
888.8	7.65
889.1	3.67
889.4	-3.12
889.7	-24.89
890	-27.46
890.3	-4.99
890.6	-5.46
890.9	3.2
891.2	-1.01
891.5	5.54
891.8	16.31
892.1	-8.97
892.5	7.88
892.8	24.03
893.1	-9.21
893.4	-26.76
893.7	-22.78
894	2.03
894.3	19.35
894.6	-7.33
894.9	-9.44
895.2	-13.89
895.5	-6.87
895.8	3.67
896.1	17.48
896.4	5.54
896.7	-31.91
897	-9.21
897.3	-28.16
897.6	-8.97
897.9	47.9
898.3	-17.63
898.6	2.5
898.9	2.03
899.2	13.5
899.5	-4.76
899.8	6.94
900.1	-6.63
900.4	-2.18
900.7	-9.44
901	13.26
901.3	17.48
901.6	-19.27
901.9	6.24
902.2	-14.59
902.5	-31.91
902.8	-8.04
903.1	8.58
903.4	17.48
903.7	-25.12
904	-8.5
904.3	15.6
904.6	-0.31
904.9	-7.8
905.2	9.05
905.6	-25.59
905.9	-14.12
906.2	-20.91
906.5	5.77
906.8	-12.72
907.1	-37.06
907.4	-21.38
907.7	-1.72
908	-37.76
908.3	-41.04
908.6	-12.95
908.9	-33.78
909.2	-6.63
909.5	33.86
909.8	-27.46
910.1	-20.67
910.4	-11.78
910.7	5.54
911	6.94
911.3	1.09
911.6	-21.85
911.9	-8.04
912.2	-10.84
912.5	-13.65
912.8	6.01
913.1	-17.87
913.4	3.2
913.7	-26.06
914	7.18
914.3	-11.31
914.6	-27.23
914.9	-18.1
915.2	-21.61
915.5	2.5
915.8	-1.48
916.1	-13.89
916.4	-19.97
916.7	1.56
917	-30.74
917.3	-1.25
917.6	12.33
917.9	-20.67
918.2	-24.42
918.5	1.56
918.8	-26.99
919.1	-30.5
919.5	9.99
919.8	1.09
920.1	-4.53
920.4	-28.87
920.7	-8.97
921	-8.5
921.3	-5.23
921.6	-19.97
921.9	-3.12
922.2	7.65
922.5	4.6
922.8	-17.63
923.1	-9.44
923.4	-26.76
923.7	-4.29
924	8.82
924.3	0.39
924.6	-6.4
924.9	2.26
925.2	2.96
925.5	-6.16
925.8	17.24
926.1	-1.48
926.4	-15.06
926.7	-1.48
927	-20.44
927.3	-19.74
927.6	4.84
927.9	-15.76
928.2	-1.01
928.4	-36.59
928.7	3.67
929	20.05
929.3	-8.5
929.6	-3.82
929.9	-6.4
930.2	-12.01
930.5	-11.08
930.8	-12.01
931.1	-16.93
931.4	1.56
931.7	-1.01
932	-46.19
932.3	-20.91
932.6	7.41
932.9	21.45
933.2	-1.72
933.5	11.86
933.8	-1.48
934.1	-17.87
934.4	7.88
934.7	3.43
935	25.2
935.3	2.03
935.6	-7.57
935.9	15.37
936.2	13.26
936.5	2.5
936.8	-2.42
937.1	9.99
937.4	25.9
937.7	-8.5
938	-12.95
938.3	-10.84
938.6	-26.06
938.9	15.84
939.2	-1.01
939.5	-20.67
939.8	-11.55
940.1	7.41
940.4	-18.57
940.7	-31.44
941	-2.18
941.3	2.96
941.6	-15.29
941.9	0.62
942.2	-23.25
942.4	-43.61
942.7	-11.08
943	8.82
943.3	2.96
943.6	5.07
943.9	-26.06
944.2	-21.61
944.5	3.43
944.8	-8.74
945.1	0.86
945.4	-13.42
945.7	-7.1
946	-13.42
946.3	-17.63
946.6	11.39
946.9	-8.04
947.2	-17.63
947.5	-0.31
947.8	-5.46
948.1	-6.4
948.4	-31.44
948.7	-12.72
949	-52.51
949.2	-15.06
949.5	-12.01
949.8	11.86
950.1	-2.89
950.4	-0.08
950.7	-8.74
951	-11.31
951.3	-17.63
951.6	0.62
951.9	-16.93
952.2	-10.38
952.5	-15.29
952.8	-16.7
953.1	-18.33
953.4	10.45
953.7	-7.57
954	14.9
954.3	-53.91
954.6	-17.63
954.8	-30.04
955.1	-3.59
955.4	-29.8
955.7	14.67
956	-12.95
956.3	-17.4
956.6	-7.8
956.9	-0.31
957.2	-18.1
957.5	0.39
957.8	-2.18
958.1	-6.63
958.4	-5.23
958.7	-31.44
959	1.79
959.2	-5.93
959.5	2.26
959.8	-28.16
960.1	-8.27
960.4	-5.7
960.7	-8.04
961	-2.65
961.3	-29.33
961.6	3.43
961.9	-6.87
962.2	23.8
962.5	0.86
962.8	-12.48
963.1	-18.57
963.3	9.28
963.6	5.07
963.9	-12.48
964.2	-15.53
964.5	-14.82
964.8	-212.6
965.1	-12.95
965.4	11.16
965.7	-20.91
966	1.33
966.3	6.71
966.6	-9.44
966.9	17.24
967.1	-1.72
967.4	17.01
967.7	-13.42
968	-6.16
968.3	-5.7
968.6	-1.48
968.9	-11.55
969.2	-51.1
969.5	18.65
969.8	1.33
970.1	-15.76
970.3	-32.38
970.6	11.62
970.9	10.69
971.2	-12.48
971.5	0.16
971.8	-21.38
972.1	15.84
972.4	2.5
972.7	4.13
973	0.16
973.3	-11.08
973.5	-14.36
973.8	-18.1
974.1	-15.29
974.4	-2.89
974.7	-17.87
975	-12.01
975.3	17.48
975.6	8.11
975.9	-33.31
976.2	22.39
976.4	-10.61
976.7	4.6
977	-2.89
977.3	-40.1
977.6	10.92
977.9	-5.23
978.2	4.84
978.5	-0.08
978.8	13.03
979	-33.78
979.3	-10.38
979.6	-12.01
979.9	-0.78
980.2	1.33
980.5	-2.89
980.8	-17.16
981.1	3.67
981.4	3.9
981.6	-191.3
981.9	-14.59
982.2	15.6
982.5	4.84
982.8	-4.76
983.1	-11.31
983.4	-3.12
983.7	1.33
984	16.54
984.2	-16.7
984.5	-30.27
984.8	-14.12
985.1	-24.19
985.4	-2.65
985.7	30.35
986	-1.48
986.3	-15.53
986.5	2.73
986.8	-6.63
987.1	-17.4
987.4	-19.5
987.7	-17.16
988	-48.29
988.3	13.03
988.6	-7.8
988.8	-25.12
989.1	-15.76
989.4	-5.23
989.7	1.09
990	3.43
990.3	-8.5
990.6	10.69
990.9	-20.44
991.1	13.5
991.4	6.24
991.7	35.5
992	-19.5
992.3	-12.48
992.6	-0.31
992.9	-10.61
993.1	9.05
993.4	-18.8
993.7	-22.08
994	-27.23
994.3	-27.93
994.6	-14.82
994.9	-15.76
995.1	-15.53
995.4	-23.25
995.7	28.71
996	-1.72
996.3	-13.19
996.6	-19.04
996.9	-10.84
997.1	-1.01
997.4	7.18
997.7	-25.59
998	-23.02
998.3	-8.04
998.6	-21.38
998.9	9.52
999.1	-13.42
999.4	-37.06
999.7	-14.36
1000	-5.46
1000.3	-9.91
1000.6	-30.27
1000.8	-13.89
1001.1	28.48
1001.4	10.92
1001.7	-15.99
1002	-2.42
1002.3	23.33
1002.6	-16.23
1002.8	-19.74
1003.1	-8.74
1003.4	-8.74
1003.7	-3.35
1004	-9.21
1004.3	-9.44
1004.5	-7.57
1004.8	-22.78
1005.1	9.52
1005.4	-1.48
1005.7	-5.46
1006	-8.74
1006.2	-1.48
1006.5	-2.89
1006.8	-7.1
1007.1	-33.31
1007.4	-5.7
1007.7	-7.33
1007.9	-22.31
1008.2	7.18
1008.5	-14.36
1008.8	-18.8
1009.1	-22.55
1009.4	-17.4
1009.6	-14.82
1009.9	-26.29
1010.2	13.73
1010.5	3.67
1010.8	10.92
1011.1	-7.57
1011.3	-8.97
1011.6	4.37
1011.9	-3.35
1012.2	10.92
1012.5	2.03
1012.7	19.35
1013	-13.89
1013.3	-13.89
1013.6	-15.53
1013.9	-4.99
1014.2	-11.08
1014.4	20.28
1014.7	12.56
1015	-27.23
1015.3	3.2
1015.6	3.43
1015.8	3.9
1016.1	2.26
1016.4	-15.06
1016.7	8.35
1017	1.09
1017.2	-19.5
1017.5	-21.85
1017.8	-11.78
1018.1	-19.74
1018.4	-7.33
1018.7	3.67
1018.9	-9.67
1019.2	0.86
1019.5	-4.99
1019.8	-23.48
1020.1	6.94
1020.3	-19.04
1020.6	-15.99
1020.9	-15.99
1021.2	-15.99
