340.2	8.45
340.6	8.45
340.9	8.45
341.3	-3.95
341.7	14.77
342.1	8.45
342.4	-33.44
342.8	-16.83
343.2	-10.97
343.6	-0.68
343.9	-39.53
344.3	4.24
344.7	2.6
345.1	-5.83
345.4	7.98
345.8	21.32
346.2	-15.66
346.6	42.16
346.9	-14.49
347.3	-7.93
347.7	35.84
348	-25.25
348.4	-2.55
348.8	1.66
349.2	-9.57
349.5	-14.95
349.9	-8.87
350.3	-39.06
350.7	-23.85
351	-12.14
351.4	-10.04
351.8	-34.61
352.2	19.92
352.5	-19.4
352.9	6.35
353.3	-17.76
353.6	8.69
354	10.56
354.4	-14.25
354.8	-8.87
355.1	4.94
355.5	10.09
355.9	0.03
356.3	7.75
356.6	-0.68
357	-12.38
357.4	-3.72
357.8	-3.02
358.1	-5.12
358.5	-18.46
358.9	-28.29
359.2	-10.04
359.6	-9.8
360	-14.02
360.4	-23.85
360.7	-12.38
361.1	-14.95
361.5	2.37
361.9	5.88
362.2	-14.72
362.6	-8.87
363	-7.7
363.3	0.49
363.7	-8.4
364.1	5.18
364.5	-3.95
364.8	-1.85
365.2	-21.98
365.6	6.81
366	-1.61
366.3	9.86
366.7	-14.49
367.1	-24.32
367.4	-5.12
367.8	7.98
368.2	17.58
368.6	-1.61
368.9	-3.95
369.3	-15.89
369.7	-11.68
370	-5.59
370.4	-19.4
370.8	6.35
371.2	0.49
371.5	2.37
371.9	-2.31
372.3	-18.46
372.6	7.75
373	1.66
373.4	27.64
373.8	-17.06
374.1	-1.61
374.5	-4.66
374.9	-12.61
375.2	-17.06
375.6	-21.74
376	0.96
376.4	-12.85
376.7	-20.1
377.1	-35.55
377.5	-5.83
377.8	-2.31
378.2	11.03
378.6	-16.59
379	18.28
379.3	-2.78
379.7	-14.25
380.1	-6.29
380.4	1.9
380.8	-25.95
381.2	-1.38
381.6	-16.83
381.9	-15.42
382.3	16.88
382.7	10.79
383	-23.15
383.4	-3.48
383.8	6.11
384.2	-3.95
384.5	-13.08
384.9	-20.57
385.3	-6.29
385.6	-30.4
386	-4.42
386.4	13.6
386.7	7.28
387.1	26.24
387.5	-10.51
387.9	-5.12
388.2	-13.08
388.6	-5.59
389	-21.74
389.3	9.15
389.7	19.69
390.1	-19.87
390.5	10.09
390.8	4.47
391.2	8.45
391.6	-23.38
391.9	-25.25
392.3	-4.19
392.7	-4.89
393	-25.72
393.4	1.43
393.8	4.71
394.2	-1.61
394.5	-9.8
394.9	4.71
395.3	-8.17
395.6	6.81
396	-27.12
396.4	-6.53
396.7	-8.63
397.1	-2.08
397.5	-18.23
397.8	-11.68
398.2	-15.42
398.6	3.07
399	-20.1
399.3	6.11
399.7	-25.02
400.1	0.26
400.4	-8.17
400.8	12.9
401.2	12.2
401.5	-7.46
401.9	5.41
402.3	-6.29
402.7	-3.72
403	-8.63
403.4	-15.89
403.8	-7
404.1	-28.53
404.5	13.6
404.9	1.43
405.2	-32.74
405.6	-22.68
406	-26.19
406.3	7.28
406.7	17.11
407.1	0.49
407.4	0.03
407.8	0.96
408.2	10.79
408.6	-2.55
408.9	-10.51
409.3	11.73
409.7	-24.55
410	-45.15
410.4	-27.36
410.8	12.9
411.1	4
411.5	-18.7
411.9	140.69
412.2	20.39
412.6	-1.14
413	-3.02
413.3	-13.55
413.7	-16.36
414.1	7.75
414.4	-29.23
414.8	18.52
415.2	-7.23
415.5	-17.53
415.9	22.5
416.3	11.73
416.7	10.56
417	13.6
417.4	-16.59
417.8	34.9
418.1	17.58
418.5	-10.27
418.9	23.9
419.2	61.58
419.6	11.96
420	20.39
420.3	15.47
420.7	29.52
421.1	17.11
421.4	-2.08
421.8	10.79
422.2	29.98
422.5	0.03
422.9	26.71
423.3	16.64
423.6	35.6
424	51.28
424.4	33.73
424.7	28.11
425.1	34.67
425.5	12.66
425.8	37.24
426.2	14.77
426.6	-2.08
426.9	17.35
427.3	26.94
427.7	45.2
428	41.92
428.4	5.88
428.8	12.9
429.1	17.58
429.5	9.86
429.9	64.39
430.2	18.75
430.6	58.07
431	12.66
431.3	45.9
431.7	44.73
432.1	35.84
432.4	45.67
432.8	45.67
433.2	43.79
433.5	84.05
433.9	56.67
434.3	62.99
434.6	38.88
435	63.22
435.4	48.71
435.7	65.33
436.1	80.07
436.5	49.65
436.8	26.01
437.2	40.05
437.6	31.62
437.9	35.13
438.3	40.75
438.7	56.67
439	61.35
439.4	49.88
439.8	43.09
440.1	48.71
440.5	50.82
440.9	49.65
441.2	71.88
441.6	37.94
442	34.9
442.3	18.28
442.7	32.33
443.1	36.54
443.4	35.13
443.8	16.64
444.1	30.69
444.5	40.75
444.9	21.32
445.2	12.2
445.6	19.45
446	13.6
446.3	-5.59
446.7	7.28
447.1	6.81
447.4	28.11
447.8	3.3
448.2	8.22
448.5	17.11
448.9	16.18
449.3	16.18
449.6	-1.61
450	-0.44
450.4	-3.48
450.7	8.69
451.1	7.52
451.4	14.07
451.8	25.54
452.2	-10.51
452.5	-16.12
452.9	-3.25
453.3	6.58
453.6	7.75
454	2.83
454.4	-7
454.7	-11.91
455.1	-19.63
455.5	9.62
455.8	-36.25
456.2	-1.38
456.5	-29.46
456.9	11.96
457.3	-14.95
457.6	19.69
458	7.05
458.4	6.11
458.7	-11.68
459.1	-39.06
459.5	-16.59
459.8	-2.31
460.2	2.83
460.5	3.3
460.9	-6.53
461.3	19.22
461.6	-21.04
462	-2.08
462.4	1.66
462.7	29.98
463.1	-8.17
463.5	-7.46
463.8	-7.93
464.2	1.43
464.5	1.9
464.9	11.26
465.3	6.58
465.6	10.56
466	-6.53
466.4	0.26
466.7	-7.93
467.1	-36.49
467.5	-2.78
467.8	-35.08
468.2	11.26
468.5	-18.46
468.9	-3.25
469.3	-4.66
469.6	20.39
470	-32.27
470.4	-18.23
470.7	6.58
471.1	-9.57
471.4	-5.83
471.8	-8.4
472.2	9.62
472.5	31.62
472.9	-26.19
473.3	3.3
473.6	-4.66
474	-1.38
474.3	4
474.7	-17.06
475.1	-8.4
475.4	-11.91
475.8	-19.63
476.2	-32.04
476.5	-3.25
476.9	-16.12
477.2	-14.02
477.6	-32.98
478	1.43
478.3	15.94
478.7	-1.14
479.1	-8.63
479.4	-14.95
479.8	26.47
480.1	-32.04
480.5	-21.74
480.9	-8.17
481.2	-26.89
481.6	9.15
481.9	-5.59
482.3	-9.8
482.7	-12.38
483	-1.38
483.4	11.49
483.8	7.28
484.1	9.62
484.5	-11.68
484.8	-6.76
485.2	-10.74
485.6	12.9
485.9	-0.68
486.3	12.2
486.6	-10.27
487	15.01
487.4	-4.89
487.7	-14.72
488.1	-4.66
488.5	6.11
488.8	13.13
489.2	-5.36
489.5	-10.04
489.9	9.15
490.3	-0.21
490.6	-18
491	-9.57
491.3	-8.4
491.7	-39.53
492.1	-11.44
492.4	2.37
492.8	10.32
493.1	-16.83
493.5	-6.29
493.9	-10.51
494.2	6.81
494.6	-2.78
494.9	-22.91
495.3	-3.95
495.7	-3.02
496	-4.66
496.4	15.94
496.7	21.79
497.1	-2.78
497.5	7.75
497.8	37.94
498.2	17.58
498.5	-32.51
498.9	8.69
499.3	9.86
499.6	-0.44
500	19.92
500.3	17.58
500.7	17.35
501.1	13.84
501.4	-5.59
501.8	32.09
502.1	0.49
502.5	26.01
502.9	-7.23
503.2	-6.29
503.6	23.43
503.9	-2.31
504.3	-3.72
504.7	41.92
505	32.09
505.4	8.92
505.7	33.03
506.1	53.16
506.5	8.69
506.8	37.94
507.2	38.64
507.5	44.03
507.9	8.45
508.2	10.79
508.6	35.37
509	51.28
509.3	60.88
509.7	32.09
510	8.69
510.4	45.2
510.8	22.03
511.1	76.33
511.5	48.71
511.8	78.9
512.2	36.07
512.6	65.09
512.9	50.58
513.3	44.96
513.6	51.52
514	45.67
514.3	67.43
514.7	71.18
515.1	41.69
515.4	63.92
515.8	54.79
516.1	40.52
516.5	73.05
516.9	86.39
517.2	92.48
517.6	55.26
517.9	81.71
518.3	84.05
518.6	83.35
519	38.64
519.4	61.58
519.7	53.86
520.1	74.22
520.4	59.01
520.8	86.63
521.1	42.16
521.5	90.37
521.9	99.03
522.2	69.31
522.6	109.8
522.9	91.78
523.3	94.12
523.6	69.31
524	65.8
524.4	87.09
524.7	87.8
525.1	93.88
525.4	85.69
525.8	94.35
526.2	102.07
526.5	93.65
526.9	90.6
527.2	102.78
527.6	92.71
527.9	79.14
528.3	91.07
528.6	88.03
529	89.9
529.4	103.24
529.7	139.76
530.1	102.31
530.4	90.37
530.8	106.52
531.1	118.93
531.5	94.12
531.9	66.97
532.2	95.75
532.6	108.39
532.9	86.86
533.3	123.84
533.6	139.05
534	118.69
534.4	311.79
534.7	121.27
535.1	106.29
535.4	102.78
535.8	127.12
536.1	118.93
536.5	106.52
536.8	148.42
537.2	134.37
537.6	103.01
537.9	96.69
538.3	115.65
538.6	109.33
539	110.73
539.3	140.46
539.7	123.14
540	108.63
540.4	116.35
540.8	124.78
541.1	265.68
541.5	124.31
541.8	135.07
542.2	113.31
542.5	110.97
542.9	123.61
543.2	125.48
543.6	119.16
544	137.42
544.3	131.33
544.7	144.2
545	135.78
545.4	121.97
545.7	147.25
546.1	147.25
546.4	120.1
546.8	123.61
547.2	124.31
547.5	145.84
547.9	112.61
548.2	139.76
548.6	131.1
548.9	164.8
549.3	127.82
549.6	130.63
550	140.93
550.3	137.42
550.7	131.1
551.1	124.07
551.4	158.25
551.8	142.8
552.1	137.18
552.5	144.2
552.8	136.25
553.2	110.97
553.5	132.27
553.9	149.12
554.2	109.8
554.6	112.14
554.9	152.63
555.3	135.54
555.7	157.31
556	138.59
556.4	142.56
556.7	135.54
557.1	146.31
557.4	150.29
557.8	133.9
558.1	138.12
558.5	129.69
558.8	150.52
559.2	138.35
559.5	146.54
559.9	127.59
560.3	136.95
560.6	125.95
561	129.93
561.3	141.16
561.7	144.67
562	134.61
562.4	133.67
562.7	148.42
563.1	131.56
563.4	127.35
563.8	153.1
564.1	153.8
564.5	121.27
564.8	122.44
565.2	123.37
565.5	139.99
565.9	108.86
566.3	111.44
566.6	136.71
567	126.18
567.3	128.76
567.7	122.44
568	142.56
568.4	118.93
568.7	121.5
569.1	120.1
569.4	128.29
569.8	125.24
570.1	143.5
570.5	133.9
570.8	114.24
571.2	132.5
571.5	131.33
571.9	108.16
572.2	122.44
572.6	144.67
572.9	140.46
573.3	122.67
573.6	119.86
574	122.2
574.4	115.65
574.7	128.29
575.1	128.52
575.4	129.93
575.8	128.52
576.1	138.12
576.5	87.09
576.8	147.25
577.2	136.48
577.5	108.16
577.9	166.67
578.2	128.05
578.6	118.69
578.9	110.27
579.3	134.37
579.6	115.88
580	88.26
580.3	119.16
580.7	103.95
581	92.71
581.4	91.54
581.7	114.95
582.1	130.86
582.4	141.16
582.8	99.26
583.1	92.01
583.5	93.18
583.8	113.78
584.2	116.82
584.5	127.35
584.9	112.14
585.2	103.95
585.6	119.86
585.9	106.52
586.3	90.37
586.6	83.35
587	122.67
587.3	121.73
587.7	114.24
588	125.01
588.4	115.41
588.7	110.97
589.1	121.27
589.4	87.8
589.8	117.29
590.1	74.92
590.5	106.99
590.8	93.88
591.2	108.86
591.5	92.71
591.9	82.41
592.2	136.71
592.6	112.14
592.9	117.29
593.3	100.43
593.6	109.8
594	140.22
594.3	114.01
594.7	111.67
595	113.07
595.4	95.05
595.7	121.03
596.1	97.16
596.4	112.37
596.8	101.84
597.1	95.05
597.5	88.5
597.8	100.67
598.2	121.27
598.5	79.84
598.9	88.03
599.2	83.82
599.6	77.97
599.9	97.63
600.3	89.2
600.6	88.26
601	89.67
601.3	89.67
601.7	66.73
602	85.69
602.4	105.12
602.7	84.99
603.1	64.16
603.4	108.63
603.8	40.75
604.1	86.86
604.5	89.43
604.8	92.01
605.1	94.58
605.5	120.33
605.8	110.73
606.2	80.31
606.5	76.33
606.9	92.95
607.2	63.69
607.6	83.82
607.9	79.37
608.3	85.46
608.6	89.9
609	75.86
609.3	59.94
609.7	70.24
610	94.12
610.4	61.35
610.7	78.67
611.1	65.33
611.4	91.07
611.8	71.88
612.1	71.65
612.5	52.22
612.8	71.41
613.1	44.5
613.5	115.18
613.8	50.58
614.2	33.96
614.5	90.84
614.9	69.77
615.2	91.31
615.6	40.75
615.9	79.14
616.3	58.07
616.6	67.9
617	90.37
617.3	63.22
617.7	82.65
618	106.99
618.3	84.05
618.7	81.01
619	81.71
619.4	55.03
619.7	65.56
620.1	85.46
620.4	76.09
620.8	80.07
621.1	90.84
621.5	67.2
621.8	72.58
622.2	77.73
622.5	72.58
622.8	70.71
623.2	60.65
623.5	44.26
623.9	66.73
624.2	51.05
624.6	74.22
624.9	66.5
625.3	51.52
625.6	40.75
626	50.35
626.3	49.65
626.7	58.54
627	40.52
627.3	68.37
627.7	50.35
628	68.14
628.4	55.26
628.7	56.2
629.1	29.98
629.4	68.37
629.8	67.43
630.1	81.71
630.5	25.3
630.8	40.99
631.1	82.65
631.5	50.11
631.8	39.11
632.2	52.45
632.5	54.33
632.9	40.52
633.2	53.62
633.6	48.94
633.9	59.48
634.2	53.16
634.6	37.94
634.9	40.52
635.3	54.33
635.6	37.71
636	16.88
636.3	44.26
636.7	50.82
637	32.09
637.3	40.75
637.7	49.18
638	29.75
638.4	60.18
638.7	50.11
639.1	31.62
639.4	73.75
639.8	68.84
640.1	53.62
640.4	66.97
640.8	36.3
641.1	48.94
641.5	41.69
641.8	37.71
642.2	48.71
642.5	40.75
642.8	43.33
643.2	59.94
643.5	44.5
643.9	25.07
644.2	38.64
644.6	38.18
644.9	48.24
645.3	48.48
645.6	54.33
645.9	59.24
646.3	45.2
646.6	62.75
647	0.26
647.3	12.43
647.7	45.2
648	32.56
648.3	34.9
648.7	9.15
649	39.11
649.4	40.99
649.7	34.2
650.1	18.75
650.4	35.13
650.7	27.41
651.1	34.9
651.4	-12.38
651.8	39.11
652.1	41.22
652.4	7.98
652.8	22.96
653.1	33.73
653.5	25.3
653.8	44.26
654.2	39.82
654.5	55.73
654.8	22.03
655.2	45.9
655.5	35.84
655.9	34.67
656.2	2.83
656.6	40.05
656.9	47.07
657.2	33.96
657.6	25.07
657.9	46.84
658.3	55.73
658.6	24.84
658.9	48.71
659.3	24.13
659.6	37.47
660	25.3
660.3	36.3
660.7	25.07
661	43.79
661.3	17.35
661.7	27.18
662	55.96
662.4	34.43
662.7	11.73
663	39.58
663.4	24.6
663.7	39.11
664.1	-14.25
664.4	19.69
664.7	6.81
665.1	50.58
665.4	-1.61
665.8	45.2
666.1	37.24
666.4	18.52
666.8	28.58
667.1	21.79
667.5	31.39
667.8	34.2
668.1	15.24
668.5	5.41
668.8	11.03
669.2	2.83
669.5	28.35
669.8	1.9
670.2	2.83
670.5	1.9
670.9	8.69
671.2	11.03
671.5	20.15
671.9	-9.1
672.2	17.81
672.6	46.84
672.9	29.52
673.2	33.5
673.6	22.73
673.9	12.9
674.3	-14.49
674.6	21.32
674.9	12.2
675.3	27.41
675.6	20.15
676	107.22
676.3	35.13
676.6	24.37
677	15.94
677.3	24.84
677.7	1.43
678	-14.02
678.3	24.13
678.7	15.01
679	-1.38
679.4	-0.91
679.7	5.18
680	19.45
680.4	7.52
680.7	10.79
681	21.56
681.4	-18.46
681.7	4.47
682.1	11.03
682.4	24.37
682.7	-16.36
683.1	5.64
683.4	28.81
683.8	16.41
684.1	27.64
684.4	2.37
684.8	9.86
685.1	21.79
685.4	12.9
685.8	13.37
686.1	81.71
686.5	17.11
686.8	9.39
687.1	19.69
687.5	20.86
687.8	10.09
688.1	45.43
688.5	13.37
688.8	4
689.2	17.81
689.5	7.75
689.8	-10.04
690.2	27.18
690.5	3.54
690.8	47.3
691.2	28.35
691.5	-4.42
691.9	0.26
692.2	-4.42
692.5	10.56
692.9	-7.7
693.2	-18.7
693.5	-8.4
693.9	-7.46
694.2	3.54
694.6	6.35
694.9	13.37
695.2	-2.55
695.6	10.32
695.9	-25.25
696.2	3.07
696.6	11.96
696.9	25.3
697.2	21.32
697.6	40.28
697.9	3.07
698.3	-30.17
698.6	3.3
698.9	-13.32
699.3	7.98
699.6	-20.1
699.9	8.92
700.3	-11.91
700.6	-2.55
700.9	-4.19
701.3	-15.19
701.6	-1.61
702	7.75
702.3	27.41
702.6	17.58
703	-18.93
703.3	-0.21
703.6	7.52
704	10.56
704.3	5.64
704.6	-24.08
705	-14.25
705.3	-11.68
705.6	10.32
706	-1.14
706.3	-17.76
706.6	-21.51
707	-16.59
707.3	8.45
707.7	-3.95
708	-9.34
708.3	2.6
708.7	6.11
709	4.47
709.3	32.09
709.7	8.22
710	7.75
710.3	-10.04
710.7	11.26
711	-19.63
711.3	-7.93
711.7	7.75
712	-0.91
712.3	-7.23
712.7	18.52
713	-12.61
713.3	14.07
713.7	13.84
714	12.43
714.3	1.66
714.7	11.73
715	-19.63
715.3	-5.83
715.7	-13.08
716	40.75
716.3	-5.36
716.7	-7.46
717	0.73
717.3	9.86
717.7	20.39
718	9.15
718.4	2.83
718.7	22.03
719	-9.57
719.4	-13.32
719.7	6.11
720	-7.93
720.4	-10.97
720.7	23.9
721	-26.66
721.3	-13.78
721.7	7.52
722	3.77
722.3	-1.85
722.7	-4.19
723	-7.7
723.3	-27.36
723.7	-9.57
724	4.24
724.3	7.28
724.7	-4.42
725	10.32
725.3	13.6
725.7	2.37
726	4.24
726.3	1.9
726.7	-5.59
727	15.24
727.3	2.83
727.7	-29
728	26.47
728.3	-23.15
728.7	25.07
729	-1.38
729.3	17.11
729.7	4
730	13.37
730.3	-29.23
730.7	2.13
731	-9.8
731.3	-5.12
731.7	12.43
732	-9.57
732.3	-18.7
732.6	-3.72
733	-6.06
733.3	5.64
733.6	-5.59
734	0.96
734.3	-9.34
734.6	-10.51
735	35.6
735.3	5.88
735.6	-4.42
736	-19.87
736.3	-14.72
736.6	-21.51
737	-0.21
737.3	16.88
737.6	22.03
737.9	-17.53
738.3	14.07
738.6	-37.66
738.9	21.32
739.3	-14.25
739.6	18.98
739.9	-21.98
740.3	4.71
740.6	-7.23
740.9	11.96
741.2	-24.55
741.6	1.66
741.9	-18.46
742.2	-17.76
742.6	-8.63
742.9	-10.04
743.2	-1.61
743.6	-13.55
743.9	4
744.2	4.24
744.6	16.88
744.9	-7.23
745.2	-36.49
745.5	-13.32
745.9	-15.66
746.2	3.77
746.5	8.45
746.9	27.18
747.2	-7
747.5	-12.38
747.8	-30.17
748.2	4.47
748.5	-0.68
748.8	-12.61
749.2	-2.31
749.5	47.77
749.8	-19.63
750.1	-11.68
750.5	-0.91
750.8	2.37
751.1	4.94
751.5	-0.44
751.8	-18.23
752.1	-11.44
752.5	-0.68
752.8	1.43
753.1	-15.42
753.4	-23.85
753.8	-15.19
754.1	-20.8
754.4	18.52
754.7	0.49
755.1	-6.06
755.4	-32.98
755.7	-3.02
756.1	-8.17
756.4	7.52
756.7	-20.1
757	16.41
757.4	-11.21
757.7	-12.61
758	-15.89
758.4	-10.74
758.7	13.37
759	-11.21
759.3	-34.61
759.7	3.54
760	8.92
760.3	1.9
760.7	-9.8
761	-11.44
761.3	5.64
761.6	6.81
762	-15.19
762.3	-10.51
762.6	3.77
762.9	-13.08
763.3	-33.91
763.6	3.3
763.9	-27.83
764.2	-21.27
764.6	-16.36
764.9	-5.36
765.2	13.6
765.6	-3.48
765.9	0.03
766.2	-25.25
766.5	9.86
766.9	-20.34
767.2	4.24
767.5	-17.76
767.8	-6.76
768.2	-31.57
768.5	-6.76
768.8	0.26
769.1	2.37
769.5	-25.49
769.8	-4.19
770.1	-7.93
770.5	8.69
770.8	-29.7
771.1	5.41
771.4	8.69
771.8	5.41
772.1	3.77
772.4	1.9
772.7	-28.53
773.1	-18.93
773.4	24.84
773.7	-13.08
774	-17.06
774.4	-24.55
774.7	-5.83
775	-0.44
775.3	7.98
775.7	20.15
776	-25.02
776.3	-9.1
776.6	14.3
777	-44.91
777.3	-26.19
777.6	3.3
777.9	-29.23
778.3	-7.46
778.6	2.13
778.9	-6.06
779.2	-12.85
779.6	-21.04
779.9	-13.32
780.2	6.58
780.5	-30.17
780.9	-19.63
781.2	-17.53
781.5	-10.27
781.8	-14.95
782.2	-10.74
782.5	-9.1
782.8	-0.44
783.1	-8.4
783.4	-27.83
783.8	10.09
784.1	-2.31
784.4	15.24
784.7	-1.61
785.1	-4.19
785.4	0.73
785.7	-22.21
786	-13.32
786.4	-24.55
786.7	-3.95
787	-3.02
787.3	13.84
787.7	-33.44
788	7.28
788.3	18.98
788.6	-9.1
788.9	0.03
789.3	-3.02
789.6	7.05
789.9	-7.46
790.2	-7.7
790.6	-13.32
790.9	9.39
791.2	-17.29
791.5	-17.76
791.9	-1.14
792.2	10.32
792.5	2.6
792.8	-4.42
793.1	-2.78
793.5	-7.23
793.8	-10.04
794.1	-10.97
794.4	9.86
794.8	11.73
795.1	9.39
795.4	-30.87
795.7	-30.87
796	-2.55
796.4	-14.02
796.7	25.54
797	0.49
797.3	-9.34
797.7	29.28
798	8.22
798.3	-21.74
798.6	-21.74
798.9	-10.97
799.3	-7.46
799.6	-3.48
799.9	-1.14
800.2	11.73
800.5	-27.12
800.9	-16.12
801.2	-2.55
801.5	-14.72
801.8	11.26
802.2	1.9
802.5	-12.85
802.8	16.18
803.1	12.2
803.4	20.86
803.8	-7
804.1	-17.53
804.4	-9.57
804.7	18.52
805	25.3
805.4	-14.25
805.7	-30.4
806	-13.55
806.3	2.6
806.6	-18
807	13.37
807.3	-7.23
807.6	14.77
807.9	-13.78
808.2	-9.1
808.6	-29
808.9	2.6
809.2	0.03
809.5	-22.44
809.8	-26.66
810.2	10.09
810.5	4
810.8	4.71
811.1	-4.89
811.4	9.39
811.8	6.11
812.1	-8.87
812.4	-20.57
812.7	-10.04
813	-24.08
813.4	5.64
813.7	-6.76
814	-1.38
814.3	-27.36
814.6	0.96
815	22.73
815.3	-36.49
815.6	-30.64
815.9	11.73
816.2	0.49
816.5	-13.78
816.9	19.22
817.2	-10.27
817.5	-9.8
817.8	6.81
818.1	3.77
818.5	3.07
818.8	-7.93
819.1	8.45
819.4	6.58
819.7	13.84
820.1	-17.53
820.4	-5.36
820.7	15.94
821	0.73
821.3	-24.32
821.6	13.6
822	-24.78
822.3	-32.74
822.6	-43.27
822.9	-17.06
823.2	-23.85
823.5	-4.66
823.9	-32.74
824.2	-19.4
824.5	-9.34
824.8	-15.89
825.1	-4.42
825.5	31.62
825.8	-22.91
826.1	-8.87
826.4	17.81
826.7	8.22
827	12.66
827.4	12.9
827.7	-3.02
828	-27.36
828.3	2.37
828.6	-7.46
828.9	-36.49
829.3	25.77
829.6	-1.38
829.9	-12.61
830.2	-28.53
830.5	-22.91
830.8	-16.59
831.2	-13.08
831.5	-3.25
831.8	-19.63
832.1	-4.66
832.4	-22.91
832.7	-33.44
833.1	12.2
833.4	15.24
833.7	-21.27
834	-8.63
834.3	3.77
834.6	7.28
835	-6.29
835.3	4.71
835.6	3.77
835.9	12.2
836.2	16.41
836.5	-32.27
836.8	-22.91
837.2	-2.78
837.5	-2.55
837.8	-24.32
838.1	-3.48
838.4	-0.21
838.7	-3.25
839.1	23.2
839.4	0.49
839.7	-1.14
840	-4.89
840.3	3.54
840.6	-20.1
840.9	-3.95
841.3	-43.98
841.6	-37.42
841.9	-14.72
842.2	24.37
842.5	-36.25
842.8	-3.95
843.1	-11.91
843.5	-37.19
843.8	-11.21
844.1	-13.78
844.4	-20.34
844.7	20.39
845	0.96
845.3	-40.93
845.7	-3.72
846	-31.81
846.3	-10.04
846.6	-2.08
846.9	-18.7
847.2	6.35
847.5	-20.34
847.9	-3.48
848.2	2.83
848.5	-21.51
848.8	3.77
849.1	-21.04
849.4	2.83
849.7	14.3
850	-29
850.4	-3.95
850.7	-47.25
851	-6.76
851.3	-19.4
851.6	-2.08
851.9	-8.87
852.2	-26.19
852.5	-23.85
852.9	4.47
853.2	2.37
853.5	-21.74
853.8	18.28
854.1	27.64
854.4	-7.46
854.7	-1.14
855.1	1.66
855.4	9.39
855.7	-12.85
856	25.3
856.3	-5.12
856.6	6.58
856.9	16.41
857.2	6.35
857.5	9.86
857.9	-5.59
858.2	-19.17
858.5	0.26
858.8	-10.74
859.1	-36.95
859.4	2.83
859.7	10.32
860	-11.44
860.4	1.9
860.7	4.47
861	-6.06
861.3	-5.12
861.6	-6.53
861.9	-15.66
862.2	7.28
862.5	-26.19
862.8	7.98
863.2	18.98
863.5	8.22
863.8	15.94
864.1	-25.25
864.4	4.47
864.7	9.15
865	19.92
865.3	0.26
865.6	-17.76
866	-3.72
866.3	26.24
866.6	-3.72
866.9	1.43
867.2	15.94
867.5	6.35
867.8	-13.55
868.1	-26.42
868.4	7.28
868.7	1.43
869.1	6.35
869.4	14.07
869.7	-5.59
870	-3.02
870.3	-10.27
870.6	3.07
870.9	-43.27
871.2	-6.29
871.5	0.03
871.8	-21.98
872.1	-10.74
872.5	-1.14
872.8	-5.36
873.1	5.88
873.4	-22.91
873.7	-5.12
874	17.11
874.3	12.66
874.6	7.98
874.9	6.35
875.2	-12.61
875.6	-16.59
875.9	-12.61
876.2	-0.68
876.5	31.86
876.8	-24.32
877.1	-14.72
877.4	-1.38
877.7	-23.61
878	-10.04
878.3	28.58
878.6	-13.55
878.9	19.45
879.3	-18
879.6	-16.36
879.9	2.6
880.2	-11.68
880.5	-25.02
880.8	-1.85
881.1	-2.55
881.4	-18
881.7	7.05
882	8.22
882.3	-34.61
882.6	-24.55
882.9	-25.25
883.3	-4.66
883.6	4.24
883.9	3.54
884.2	-30.17
884.5	-12.38
884.8	23.9
885.1	-26.42
885.4	-25.02
885.7	-13.32
886	-17.76
886.3	-14.02
886.6	-15.66
886.9	25.07
887.2	-8.63
887.6	5.41
887.9	-13.08
888.2	-25.72
888.5	-23.61
888.8	7.05
889.1	13.84
889.4	16.64
889.7	-12.14
890	-14.49
890.3	3.3
890.6	0.03
890.9	-1.61
891.2	0.73
891.5	16.88
891.8	-0.44
892.1	-1.61
892.5	-16.59
892.8	26.01
893.1	-14.95
893.4	-11.44
893.7	25.77
894	-1.61
894.3	6.35
894.6	-5.12
894.9	-26.66
895.2	-29.7
895.5	-31.1
895.8	33.03
896.1	43.33
896.4	5.18
896.7	-30.17
897	-40.23
897.3	-30.87
897.6	-9.34
897.9	33.96
898.3	-5.12
898.6	4.94
898.9	-10.04
899.2	12.43
899.5	-0.68
899.8	-4.89
900.1	-9.57
900.4	6.11
900.7	-20.57
901	4.94
901.3	-12.85
901.6	-6.76
901.9	-1.61
902.2	-16.83
902.5	-18.46
902.8	-1.85
903.1	-29
903.4	-24.55
903.7	-22.68
904	5.18
904.3	-1.85
904.6	-21.98
904.9	-31.57
905.2	-20.57
905.6	-29.23
905.9	-33.44
906.2	-10.97
906.5	24.84
906.8	-17.06
907.1	-26.89
907.4	-5.12
907.7	-7.46
908	-23.61
908.3	-29.46
908.6	12.66
908.9	-10.74
909.2	4.47
909.5	0.03
909.8	-10.51
910.1	1.2
910.4	-7.7
910.7	-7.46
911	-14.72
911.3	2.83
911.6	-35.78
911.9	-11.91
912.2	-40
912.5	-9.8
912.8	-29.23
913.1	-14.02
913.4	-21.27
913.7	-14.25
914	-15.42
914.3	0.96
914.6	-19.87
914.9	-14.02
915.2	-9.34
915.5	-7.23
915.8	1.43
916.1	-22.44
916.4	-2.31
916.7	-21.74
917	-13.55
917.3	4.47
917.6	8.69
917.9	11.49
918.2	-39.06
918.5	8.22
918.8	-39.53
919.1	-16.12
919.5	-10.74
919.8	-5.59
920.1	-10.74
920.4	-18
920.7	-26.66
921	9.62
921.3	7.98
921.6	2.13
921.9	4.24
922.2	13.13
922.5	-10.04
922.8	-13.55
923.1	26.01
923.4	-18
923.7	-13.32
924	-14.49
924.3	-30.4
924.6	-13.55
924.9	11.96
925.2	-3.25
925.5	7.05
925.8	32.09
926.1	11.49
926.4	1.66
926.7	-13.08
927	-23.38
927.3	-0.68
927.6	-2.31
927.9	-6.53
928.2	-13.08
928.4	-43.27
928.7	-24.78
929	26.24
929.3	14.3
929.6	4.24
929.9	-16.12
930.2	-14.72
930.5	-31.1
930.8	-6.53
931.1	-26.89
931.4	-10.51
931.7	-18.23
932	-5.12
932.3	4.94
932.6	-3.48
932.9	-0.68
933.2	-7.93
933.5	-10.51
933.8	8.45
934.1	2.13
934.4	3.3
934.7	2.37
935	12.66
935.3	-17.76
935.6	-28.06
935.9	9.15
936.2	11.49
936.5	1.9
936.8	-17.06
937.1	6.35
937.4	-4.42
937.7	-3.25
938	14.07
938.3	-5.36
938.6	-31.34
938.9	0.49
939.2	2.6
939.5	-16.59
939.8	6.81
940.1	-2.08
940.4	-10.74
940.7	-32.27
941	-15.66
941.3	10.09
941.6	-2.55
941.9	-12.38
942.2	6.81
942.4	-14.25
942.7	-7.7
943	5.18
943.3	12.66
943.6	-1.38
943.9	2.83
944.2	-9.57
944.5	3.54
944.8	-7
945.1	9.15
945.4	-7.7
945.7	9.15
946	-25.25
946.3	12.2
946.6	7.05
946.9	-15.66
947.2	10.32
947.5	0.26
947.8	-18.93
948.1	-9.8
948.4	-26.42
948.7	-27.83
949	-35.55
949.2	-0.21
949.5	-19.17
949.8	25.3
950.1	-12.38
950.4	-1.14
950.7	-22.91
951	-0.68
951.3	-28.29
951.6	-10.27
951.9	-35.55
952.2	-30.17
952.5	10.32
952.8	-10.74
953.1	3.77
953.4	-5.36
953.7	0.26
954	23.43
954.3	-21.98
954.6	-10.51
954.8	-28.06
955.1	9.86
955.4	-14.72
955.7	18.52
956	-4.89
956.3	-7.46
956.6	-35.08
956.9	17.35
957.2	-12.85
957.5	-2.55
957.8	-3.72
958.1	-13.08
958.4	-23.85
958.7	-21.51
959	-22.68
959.2	-30.87
959.5	-17.06
959.8	-51.23
960.1	-20.34
960.4	-14.25
960.7	4
961	4.47
961.3	-24.32
961.6	4.94
961.9	-0.21
962.2	32.56
962.5	-15.42
962.8	-5.12
963.1	0.03
963.3	16.88
963.6	-3.02
963.9	-7.23
964.2	-4.42
964.5	-19.4
964.8	-201.96
965.1	-21.04
965.4	-5.12
965.7	-27.83
966	14.77
966.3	5.88
966.6	-7.7
966.9	2.83
967.1	2.83
967.4	7.52
967.7	2.37
968	-21.04
968.3	1.66
968.6	3.07
968.9	15.01
969.2	-21.98
969.5	12.2
969.8	-10.74
970.1	-11.21
970.3	-25.25
970.6	6.35
970.9	15.01
971.2	-10.97
971.5	-4.66
971.8	-11.21
972.1	-9.8
972.4	0.96
972.7	-22.91
973	-15.89
973.3	-7.93
973.5	0.26
973.8	-30.4
974.1	3.07
974.4	9.62
974.7	7.98
975	-30.4
975.3	4.24
975.6	-6.29
975.9	-10.74
976.2	-3.48
976.4	-24.08
976.7	-20.8
977	-5.83
977.3	-32.51
977.6	-12.38
977.9	4.24
978.2	-17.53
978.5	14.54
978.8	-6.53
979	-6.29
979.3	5.88
979.6	-6.53
979.9	-12.38
980.2	-33.21
980.5	-18.23
980.8	-6.76
981.1	-3.48
981.4	-5.36
981.6	-179.26
981.9	-17.29
982.2	26.71
982.5	14.77
982.8	18.52
983.1	-12.38
983.4	-1.14
983.7	-24.55
984	-33.68
984.2	-14.49
984.5	-38.36
984.8	-20.34
985.1	-2.08
985.4	-14.72
985.7	9.39
986	-10.97
986.3	-10.51
986.5	11.96
986.8	-15.89
987.1	-26.89
987.4	-0.21
987.7	-16.83
988	-55.21
988.3	3.3
988.6	-11.21
988.8	-31.57
989.1	-1.61
989.4	-2.08
989.7	8.92
990	0.03
990.3	-3.48
990.6	-9.34
990.9	-14.95
991.1	1.2
991.4	12.43
991.7	2.6
992	-1.38
992.3	-10.27
992.6	17.81
992.9	-17.29
993.1	23.67
993.4	-10.27
993.7	-11.91
994	-29.23
994.3	-8.63
994.6	5.41
994.9	6.35
995.1	-18.7
995.4	-15.66
995.7	35.37
996	-13.55
996.3	0.49
996.6	-31.1
996.9	-14.49
997.1	8.69
997.4	2.13
997.7	-19.17
998	-4.42
998.3	-13.55
998.6	-13.32
998.9	-10.97
999.1	-22.91
999.4	-8.87
999.7	0.03
1000	1.43
1000.3	-4.19
1000.6	-10.74
1000.8	-14.72
1001.1	4.94
1001.4	8.45
1001.7	15.24
1002	-10.74
1002.3	-14.95
1002.6	-17.06
1002.8	-23.15
1003.1	-6.06
1003.4	-22.91
1003.7	-19.4
1004	-12.14
1004.3	-16.36
1004.5	-22.21
1004.8	-29.93
1005.1	4.24
1005.4	-11.44
1005.7	-21.74
1006	-16.36
1006.2	-1.85
1006.5	8.92
1006.8	-14.02
1007.1	-29
1007.4	6.81
1007.7	-9.8
1007.9	-14.49
1008.2	-7.93
1008.5	-20.8
1008.8	4
1009.1	-0.44
1009.4	-25.95
1009.6	-22.44
1009.9	-28.06
1010.2	2.6
1010.5	-0.44
1010.8	-6.29
1011.1	4.47
1011.3	-14.49
1011.6	-10.74
1011.9	-8.63
1012.2	4.47
1012.5	-0.91
1012.7	1.66
1013	-3.48
1013.3	-22.91
1013.6	-30.64
1013.9	-16.59
1014.2	-4.66
1014.4	-11.21
1014.7	-4.89
1015	-1.85
1015.3	16.88
1015.6	12.66
1015.8	-19.17
1016.1	-3.95
1016.4	-3.95
1016.7	1.43
1017	0.96
1017.2	-28.06
1017.5	-20.57
1017.8	-14.02
1018.1	-24.08
1018.4	-29.7
1018.7	1.66
1018.9	-25.95
1019.2	20.86
1019.5	-4.66
1019.8	-2.55
1020.1	4.71
1020.3	-19.17
1020.6	-16.59
1020.9	-16.59
1021.2	-16.59
