340.2	-3.74
340.6	-3.74
340.9	-3.74
341.3	-7.96
341.7	20.13
342.1	19.66
342.4	8.66
342.8	7.26
343.2	-12.64
343.6	0.23
343.9	5.38
344.3	-19.89
344.7	37.68
345.1	29.26
345.4	-9.83
345.8	6.79
346.2	0.7
346.6	-74.19
346.9	40.26
347.3	18.02
347.7	7.49
348	10.3
348.4	-1.64
348.8	-16.15
349.2	5.62
349.5	19.66
349.9	33.47
350.3	25.98
350.7	19.89
351	-5.38
351.4	1.64
351.8	18.72
352.2	14.75
352.5	43.07
352.9	15.21
353.3	-11.23
353.6	22.94
354	6.32
354.4	-5.38
354.8	10.06
355.1	-30.9
355.5	3.74
355.9	6.32
356.3	26.68
356.6	-5.38
357	23.41
357.4	-14.75
357.8	-7.96
358.1	2.57
358.5	2.34
358.9	26.45
359.2	-3.98
359.6	9.13
360	-9.83
360.4	4.21
360.7	-11.47
361.1	11
361.5	-3.51
361.9	-2.81
362.2	-6.55
362.6	7.49
363	33
363.3	15.92
363.7	0.94
364.1	19.66
364.5	11.94
364.8	6.32
365.2	5.62
365.6	12.87
366	9.13
366.3	-3.28
366.7	-5.15
367.1	32.07
367.4	17.55
367.8	23.87
368.2	-4.68
368.6	19.43
368.9	21.06
369.3	10.77
369.7	-9.83
370	31.13
370.4	3.98
370.8	18.02
371.2	25.28
371.5	4.68
371.9	41.66
372.3	17.32
372.6	4.21
373	9.13
373.4	16.85
373.8	-3.98
374.1	19.66
374.5	-10.06
374.9	-19.66
375.2	-14.75
375.6	-2.81
376	19.66
376.4	1.87
376.7	-27.62
377.1	14.98
377.5	-11.23
377.8	2.57
378.2	39.79
378.6	-4.68
379	-5.62
379.3	16.85
379.7	14.98
380.1	25.04
380.4	16.62
380.8	8.19
381.2	-3.74
381.6	18.49
381.9	-11.23
382.3	15.68
382.7	10.77
383	3.51
383.4	-6.79
383.8	8.66
384.2	-3.28
384.5	-4.45
384.9	1.4
385.3	7.49
385.6	-34.64
386	9.36
386.4	-22.7
386.7	14.28
387.1	-32.3
387.5	-8.19
387.9	13.11
388.2	-8.43
388.6	-3.74
389	-0.94
389.3	31.13
389.7	28.55
390.1	17.79
390.5	7.02
390.8	-6.32
391.2	-10.77
391.6	28.79
391.9	18.49
392.3	-3.74
392.7	30.66
393	7.02
393.4	21.53
393.8	23.17
394.2	3.28
394.5	32.3
394.9	-18.26
395.3	10.06
395.6	23.17
396	-25.75
396.4	-15.92
396.7	20.36
397.1	24.11
397.5	3.04
397.8	-3.51
398.2	23.64
398.6	18.02
399	1.64
399.3	29.02
399.7	15.68
400.1	23.41
400.4	34.64
400.8	7.72
401.2	-3.28
401.5	8.43
401.9	2.57
402.3	14.75
402.7	27.85
403	19.19
403.4	24.34
403.8	8.66
404.1	15.21
404.5	30.43
404.9	-7.02
405.2	-4.68
405.6	-0.23
406	3.98
406.3	5.62
406.7	-14.51
407.1	15.21
407.4	10.53
407.8	0.47
408.2	4.68
408.6	-11.7
408.9	27.85
409.3	-12.17
409.7	15.92
410	-20.36
410.4	3.98
410.8	27.85
411.1	2.11
411.5	-19.43
411.9	139.03
412.2	28.32
412.6	23.17
413	-17.09
413.3	34.17
413.7	-8.19
414.1	5.15
414.4	10.53
414.8	37.21
415.2	5.38
415.5	17.55
415.9	2.34
416.3	13.34
416.7	29.49
417	-10.77
417.4	14.98
417.8	42.83
418.1	28.09
418.5	-10.53
418.9	28.79
419.2	1.64
419.6	11.23
420	29.96
420.3	7.49
420.7	15.92
421.1	10.77
421.4	-13.58
421.8	13.34
422.2	18.02
422.5	22.47
422.9	15.68
423.3	-3.28
423.6	-10.77
424	-90.34
424.4	-63.66
424.7	-24.11
425.1	3.98
425.5	-19.19
425.8	-35.81
426.2	15.21
426.6	11
426.9	22.94
427.3	29.96
427.7	21.06
428	16.85
428.4	3.04
428.8	8.89
429.1	24.11
429.5	36.75
429.9	-26.21
430.2	22.47
430.6	17.55
431	16.15
431.3	5.62
431.7	-4.21
432.1	33
432.4	-1.64
432.8	34.17
433.2	9.83
433.5	20.83
433.9	-1.17
434.3	4.92
434.6	-11
435	-10.06
435.4	30.19
435.7	-12.87
436.1	-7.72
436.5	26.92
436.8	30.9
437.2	15.45
437.6	5.38
437.9	-158.69
438.3	-8.66
438.7	37.92
439	11.23
439.4	4.45
439.8	22.7
440.1	17.32
440.5	54.77
440.9	-30.43
441.2	-2.34
441.6	-4.21
442	36.51
442.3	10.77
442.7	17.09
443.1	22.7
443.4	32.53
443.8	-3.98
444.1	-7.02
444.5	22
444.9	-7.72
445.2	24.81
445.6	3.98
446	-13.81
446.3	23.17
446.7	7.72
447.1	16.85
447.4	31.36
447.8	29.49
448.2	62.73
448.5	18.26
448.9	47.51
449.3	17.79
449.6	-2.11
450	8.66
450.4	8.89
450.7	26.45
451.1	14.98
451.4	33.7
451.8	16.15
452.2	6.32
452.5	-3.98
452.9	41.66
453.3	32.53
453.6	21.3
454	28.09
454.4	36.51
454.7	33.24
455.1	30.43
455.5	6.32
455.8	15.68
456.2	11
456.5	8.66
456.9	32.53
457.3	29.72
457.6	17.32
458	11.7
458.4	7.72
458.7	4.68
459.1	21.06
459.5	29.72
459.8	21.3
460.2	39.79
460.5	31.13
460.9	8.19
461.3	24.34
461.6	16.15
462	57.11
462.4	21.53
462.7	26.45
463.1	33.94
463.5	1.4
463.8	4.45
464.2	12.87
464.5	12.4
464.9	20.13
465.3	25.28
465.6	21.06
466	30.9
466.4	10.3
466.7	15.92
467.1	23.17
467.5	54.53
467.8	47.28
468.2	23.87
468.5	40.26
468.9	56.41
469.3	64.36
469.6	52.43
470	39.09
470.4	46.11
470.7	18.49
471.1	31.6
471.4	11.94
471.8	21.53
472.2	26.68
472.5	50.79
472.9	37.92
473.3	10.77
473.6	23.87
474	52.19
474.3	45.64
474.7	68.58
475.1	60.15
475.4	51.96
475.8	80.51
476.2	51.96
476.5	88.71
476.9	68.58
477.2	95.49
477.6	84.03
478	86.13
478.3	95.26
478.7	95.96
479.1	91.05
479.4	94.79
479.8	99.24
480.1	125.45
480.5	100.64
480.9	126.15
481.2	146.28
481.6	102.52
481.9	126.62
482.3	142.54
482.7	2.11
483	161.73
483.4	181.16
483.8	192.39
484.1	189.82
484.5	172.26
484.8	172.26
485.2	208.54
485.6	216.27
485.9	233.12
486.3	227.03
486.6	249.03
487	248.33
487.4	263.31
487.7	287.18
488.1	261.91
488.5	309.18
488.8	297.48
489.2	298.65
489.5	333.29
489.9	342.42
490.3	390.17
490.6	375.89
491	372.85
491.3	381.27
491.7	413.34
492.1	463.19
492.4	489.87
492.8	511.64
493.1	490.58
493.5	494.56
493.9	568.05
494.2	585.84
494.6	605.03
494.9	622.11
495.3	678.76
495.7	677.12
496	732.59
496.4	708.71
496.7	789.93
497.1	819.42
497.5	870.91
497.8	882.85
498.2	945.34
498.5	968.28
498.9	1009.94
499.3	1051.84
499.6	1076.65
500	1119.24
500.3	1181.27
500.7	1231.59
501.1	1282.15
501.4	1291.51
501.8	1348.62
502.1	1421.17
502.5	1473.6
502.9	1541.94
503.2	1599.52
503.6	1702.51
503.9	1734.34
504.3	1771.79
504.7	1859.79
505	1936.33
505.4	1994.14
505.7	2047.27
506.1	2142.99
506.5	2181.85
506.8	2243.64
507.2	2361.6
507.5	2407.24
507.9	2492.67
508.2	2563.82
508.6	2663.53
509	2791.79
509.3	2843.52
509.7	2895.71
510	3008.06
510.4	3089.27
510.8	3166.04
511.1	3258.26
511.5	3383.95
511.8	3448.08
512.2	3534.68
512.6	3632.28
512.9	3715.83
513.3	3843.16
513.6	3889.74
514	4010.04
514.3	4066.91
514.7	4129.64
515.1	4184.64
515.4	4301.67
515.8	4365.1
516.1	4483.76
516.5	4546.72
516.9	4560.07
517.2	4586.75
517.6	4735.61
517.9	4683.41
518.3	4748.71
518.6	4788.27
519	4928.7
519.4	4912.78
519.7	4930.1
520.1	4976.68
520.4	5071.47
520.8	5110.79
521.1	5070.3
521.5	5129.05
521.9	5151.05
522.2	5129.99
522.6	5225.95
522.9	5227.59
523.3	5231.8
523.6	5251.46
524	5242.57
524.4	5311.85
524.7	5267.14
525.1	5237.88
525.4	5215.42
525.8	5264.8
526.2	5198.8
526.5	5185.69
526.9	5199.73
527.2	5085.75
527.6	5081.77
527.9	5113.6
528.3	5045.02
528.6	4987.45
529	4943.68
529.4	4906.93
529.7	4808.16
530.1	4823.38
530.4	4700.03
530.8	4656.03
531.1	4588.62
531.5	4508.57
531.9	4513.02
532.2	4417.76
532.6	4322.5
532.9	4254.86
533.3	4216.48
533.6	4128.94
534	4090.55
534.4	4057.55
534.7	3964.17
535.1	3882.25
535.4	3854.86
535.8	3790.03
536.1	3754.69
536.5	3676.28
536.8	3658.49
537.2	3559.25
537.6	3482.72
537.9	3506.36
538.3	3429.82
538.6	3346.26
539	3318.65
539.3	3269.73
539.7	3173.53
540	3172.36
540.4	3082.95
540.8	3042.23
541.1	2975.29
541.5	2960.31
541.8	2883.77
542.2	2844.92
542.5	2837.9
542.9	2802.56
543.2	2733.75
543.6	2704.49
544	2707.77
544.3	2652.53
544.7	2612.51
545	2556.57
545.4	2561.72
545.7	2488.69
546.1	2511.86
546.4	2445.16
546.8	2388.75
547.2	2405.6
547.5	2327.43
547.9	2361.13
548.2	2327.43
548.6	2282.02
548.9	2262.6
549.3	2251.83
549.6	2199.64
550	2205.02
550.3	2203.85
550.7	2138.55
551.1	2155.4
551.4	2131.06
551.8	2097.59
552.1	2098.76
552.5	2064.35
552.8	2072.78
553.2	2062.48
553.5	2053.12
553.9	2043.76
554.2	2047.27
554.6	2017.07
554.9	1971.2
555.3	1995.77
555.7	2015.9
556	1995.31
556.4	1995.54
556.7	1935.39
557.1	1959.5
557.4	1953.65
557.8	1958.79
558.1	1963.94
558.5	1941.01
558.8	1950.84
559.2	1950.13
559.5	1971.43
559.9	1963.71
560.3	1947.09
560.6	1937.26
561	1957.62
561.3	1953.41
561.7	1969.56
562	1985.24
562.4	1957.62
562.7	1987.82
563.1	1945.69
563.4	1971.2
563.8	2017.07
564.1	2012.86
564.5	1988.29
564.8	2064.59
565.2	2043.99
565.5	2075.59
565.9	2077.93
566.3	2054.29
566.6	2074.65
567	2068.33
567.3	2051.25
567.7	2114.21
568	2121.7
568.4	2129.89
568.7	2120.06
569.1	2161.95
569.4	2162.19
569.8	2171.78
570.1	2176.7
570.5	2176
570.8	2248.79
571.2	2228.66
571.5	2209.7
571.9	2243.4
572.2	2285.07
572.6	2239.89
572.9	2278.28
573.3	2325.56
573.6	2277.58
574	2316.9
574.4	2342.88
574.7	2344.28
575.1	2345.92
575.4	2391.79
575.8	2377.98
576.1	2423.39
576.5	2388.05
576.8	2376.58
577.2	2443.05
577.5	2446.09
577.9	2400.22
578.2	2424.33
578.6	2427.84
578.9	2420.11
579.3	2483.78
579.6	2433.45
580	2481.9
580.3	2520.76
580.7	2535.97
581	2561.72
581.4	2543.93
581.7	2515.61
582.1	2526.61
582.4	2559.14
582.8	2528.25
583.1	2553.99
583.5	2545.57
583.8	2529.65
584.2	2586.53
584.5	2572.01
584.9	2558.67
585.2	2554.69
585.6	2610.4
585.9	2557.5
586.3	2585.82
586.6	2612.97
587	2574.82
587.3	2592.61
587.7	2636.15
588	2634.04
588.4	2620.23
588.7	2615.78
589.1	2645.51
589.4	2592.61
589.8	2582.08
590.1	2583.72
590.5	2613.21
590.8	2601.74
591.2	2622.34
591.5	2612.27
591.9	2626.78
592.2	2604.78
592.6	2613.91
592.9	2579.04
593.3	2585.82
593.6	2593.08
594	2579.04
594.3	2551.18
594.7	2626.55
595	2539.72
595.4	2612.27
595.7	2554.23
596.1	2555.16
596.4	2564.76
596.8	2514.67
597.1	2562.42
597.5	2546.03
597.8	2568.5
598.2	2542.29
598.5	2517.48
598.9	2540.42
599.2	2538.78
599.6	2504.37
599.9	2485.88
600.3	2488.93
600.6	2460.84
601	2537.61
601.3	2467.63
601.7	2453.35
602	2415.43
602.4	2406.3
602.7	2437.2
603.1	2432.52
603.4	2418.94
603.8	2357.62
604.1	2388.52
604.5	2377.28
604.8	2367.92
605.1	2372.37
605.5	2368.15
605.8	2325.09
606.2	2314.32
606.5	2335.15
606.9	2343.11
607.2	2320.64
607.6	2277.58
607.9	2288.81
608.3	2260.49
608.6	2253.47
609	2257.21
609.3	2225.62
609.7	2211.1
610	2179.04
610.4	2146.51
610.7	2162.42
611.1	2159.85
611.4	2105.55
611.8	2127.08
612.1	2133.87
612.5	2099.23
612.8	2077.69
613.1	2057.1
613.5	2059.2
613.8	2066.69
614.2	2073.71
614.5	2020.82
614.9	2038.61
615.2	1987.11
615.6	1995.31
615.9	1987.82
616.3	1908.71
616.6	1954.35
617	1942.64
617.3	1891.39
617.7	1902.39
618	1881.79
618.3	1866.58
618.7	1831.24
619	1833.11
619.4	1818.13
619.7	1775.06
620.1	1799.87
620.4	1772.96
620.8	1771.32
621.1	1762.66
621.5	1733.4
621.8	1702.04
622.2	1685.42
622.5	1649.61
622.8	1679.8
623.2	1670.67
623.5	1687.99
623.9	1683.55
624.2	1612.63
624.6	1639.55
624.9	1598.82
625.3	1629.25
625.6	1599.76
626	1556.22
626.3	1558.09
626.7	1563.95
627	1515.73
627.3	1522.52
627.7	1488.58
628	1500.99
628.4	1497.71
628.7	1481.09
629.1	1457.92
629.4	1428.19
629.8	1442.71
630.1	1409.94
630.5	1372.72
630.8	1388.41
631.1	1384.89
631.5	1354.94
631.8	1363.36
632.2	1343.23
632.5	1295.02
632.9	1334.57
633.2	1281.44
633.6	1282.85
633.9	1292.91
634.2	1242.82
634.6	1270.91
634.9	1234.63
635.3	1246.8
635.6	1248.91
636	1201.87
636.3	1183.37
636.7	1207.48
637	1193.44
637.3	1158.1
637.7	1157.86
638	1174.71
638.4	1125.8
638.7	1141.01
639.1	1141.48
639.4	1110.82
639.8	1070.09
640.1	1078.28
640.4	1056.75
640.8	1078.28
641.1	1045.99
641.5	1019.54
641.8	990.28
642.2	1021.41
642.5	1005.96
642.8	962.43
643.2	1002.69
643.5	992.86
643.9	999.88
644.2	963.13
644.6	930.83
644.9	953.77
645.3	929.19
645.6	926.85
645.9	906.72
646.3	913.28
646.6	870.21
647	904.15
647.3	866.47
647.7	831.36
648	839.78
648.3	879.81
648.7	817.78
649	824.57
649.4	825.98
649.7	786.19
650.1	795.08
650.4	798.12
650.7	793.44
651.1	804.21
651.4	763.48
651.8	749.67
652.1	782.44
652.4	759.74
652.8	754.35
653.1	717.84
653.5	714.1
653.8	678.52
654.2	693.27
654.5	683.44
654.8	686.48
655.2	682.97
655.5	684.61
655.9	660.03
656.2	641.07
656.6	618.84
656.9	647.39
657.2	652.31
657.6	620.48
657.9	608.54
658.3	587.47
658.6	618.14
658.9	585.13
659.3	573.43
659.6	602.92
660	595.43
660.3	562.43
660.7	569.69
661	538.79
661.3	562.43
661.7	553.77
662	537.86
662.4	526.85
662.7	536.45
663	543
663.4	529.43
663.7	586.54
664.1	499.47
664.4	499.7
664.7	451.02
665.1	478.87
665.4	494.79
665.8	482.38
666.1	441.43
666.4	441.89
666.8	437.45
667.1	408.42
667.5	418.96
667.8	397.19
668.1	413.57
668.5	447.98
668.8	393.44
669.2	399.76
669.5	369.57
669.8	399.3
670.2	419.66
670.5	369.8
670.9	374.02
671.2	350.85
671.5	365.12
671.9	396.95
672.2	390.17
672.6	385.49
672.9	346.63
673.2	341.72
673.6	338.68
673.9	352.02
674.3	333.76
674.6	358.8
674.9	325.8
675.3	304.97
675.6	308.01
676	302.87
676.3	278.76
676.6	314.33
677	282.27
677.3	334.93
677.7	315.27
678	260.74
678.3	260.97
678.7	295.38
679	283.67
679.4	265.42
679.7	272.2
680	280.4
680.4	271.27
680.7	264.95
681	267.99
681.4	250.44
681.7	264.95
682.1	275.72
682.4	278.99
682.7	228.67
683.1	243.65
683.4	225.86
683.8	224.46
684.1	220.95
684.4	230.07
684.8	212.05
685.1	225.39
685.4	227.5
685.8	236.39
686.1	310.36
686.5	201.05
686.8	222.12
687.1	236.86
687.5	231.24
687.8	190.75
688.1	174.37
688.5	200.82
688.8	181.16
689.2	229.84
689.5	204.8
689.8	443.06
690.2	207.61
690.5	182.8
690.8	203.86
691.2	167.82
691.5	156.35
691.9	174.84
692.2	134.35
692.5	156.11
692.9	161.03
693.2	147.45
693.5	184.9
693.9	149.09
694.2	124.75
694.6	146.99
694.9	137.86
695.2	166.88
695.6	129.67
695.9	155.18
696.2	157.28
696.6	144.88
696.9	152.13
697.2	132.47
697.6	134.11
697.9	143.24
698.3	136.69
698.6	121.01
698.9	123.35
699.3	122.64
699.6	102.75
699.9	133.64
700.3	122.18
700.6	139.26
700.9	123.11
701.3	116.32
701.6	108.13
702	115.86
702.3	91.28
702.6	115.62
703	106.49
703.3	98.07
703.6	148.62
704	126.39
704.3	113.28
704.6	105.56
705	75.83
705.3	106.03
705.6	127.56
706	127.33
706.3	88.94
706.6	128.26
707	85.66
707.3	99.71
707.7	101.81
708	100.17
708.3	81.45
708.7	102.52
709	86.13
709.3	69.98
709.7	69.98
710	78.88
710.3	112.35
710.7	106.73
711	114.45
711.3	58.28
711.7	69.28
712	112.11
712.3	94.32
712.7	80.28
713	81.45
713.3	100.41
713.7	88
714	75.6
714.3	87.77
714.7	75.37
715	60.15
715.3	67.64
715.7	79.58
716	80.75
716.3	57.81
716.7	70.45
717	59.22
717.3	57.81
717.7	70.68
718	83.09
718.4	100.17
718.7	73.26
719	78.41
719.4	40.96
719.7	53.36
720	26.92
720.4	87.07
720.7	56.64
721	41.66
721.3	62.02
721.7	62.26
722	70.22
722.3	72.32
722.7	32.77
723	51.96
723.3	62.96
723.7	58.98
724	66.24
724.3	54.53
724.7	30.19
725	72.79
725.3	55.7
725.7	47.28
726	36.04
726.3	63.9
726.7	42.13
727	41.9
727.3	58.98
727.7	45.17
728	69.98
728.3	49.85
728.7	51.26
729	60.15
729.3	64.6
729.7	23.17
730	17.79
730.3	69.98
730.7	50.79
731	50.32
731.3	45.41
731.7	49.85
732	31.13
732.3	41.43
732.6	23.87
733	40.02
733.3	29.02
733.6	42.36
734	47.04
734.3	56.64
734.6	35.58
735	52.43
735.3	39.09
735.6	15.21
736	35.11
736.3	23.87
736.6	52.43
737	51.73
737.3	17.09
737.6	54.3
737.9	18.96
738.3	24.11
738.6	64.83
738.9	38.15
739.3	4.68
739.6	40.73
739.9	23.41
740.3	57.11
740.6	53.36
740.9	40.02
741.2	7.02
741.6	27.38
741.9	48.68
742.2	2.57
742.6	25.28
742.9	29.26
743.2	46.81
743.6	43.07
743.9	28.79
744.2	53.13
744.6	25.28
744.9	9.13
745.2	14.98
745.5	14.28
745.9	15.21
746.2	16.85
746.5	13.58
746.9	31.13
747.2	5.15
747.5	54.53
747.8	11.47
748.2	24.58
748.5	15.45
748.8	6.55
749.2	7.96
749.5	20.83
749.8	40.02
750.1	49.62
750.5	-8.19
750.8	1.17
751.1	33
751.5	30.9
751.8	-0.47
752.1	14.51
752.5	26.21
752.8	32.53
753.1	45.41
753.4	31.6
753.8	18.02
754.1	20.36
754.4	35.34
754.7	2.57
755.1	15.45
755.4	5.85
755.7	23.87
756.1	-0.94
756.4	45.64
756.7	9.6
757	6.55
757.4	27.38
757.7	17.09
758	19.66
758.4	23.87
758.7	-0.23
759	3.51
759.3	-12.87
759.7	16.62
760	-8.43
760.3	28.79
760.7	18.96
761	-1.87
761.3	0.94
761.6	21.53
762	10.53
762.3	19.66
762.6	20.36
762.9	16.38
763.3	20.6
763.6	-8.89
763.9	29.49
764.2	11.23
764.6	26.68
764.9	15.45
765.2	37.92
765.6	3.04
765.9	-5.85
766.2	19.66
766.5	35.81
766.9	6.09
767.2	3.74
767.5	-9.36
767.8	-19.66
768.2	25.51
768.5	-1.17
768.8	10.77
769.1	15.92
769.5	-15.92
769.8	34.64
770.1	30.19
770.5	-11.23
770.8	11.94
771.1	39.32
771.4	36.75
771.8	13.34
772.1	-1.4
772.4	-9.6
772.7	32.07
773.1	-2.11
773.4	-13.34
773.7	-14.98
774	35.81
774.4	18.49
774.7	35.11
775	15.21
775.3	22.47
775.7	19.89
776	11
776.3	27.62
776.6	-14.04
777	24.34
777.3	11.94
777.6	10.06
777.9	26.92
778.3	-1.64
778.6	12.4
778.9	15.92
779.2	4.68
779.6	7.96
779.9	8.66
780.2	9.83
780.5	12.64
780.9	55.47
781.2	28.09
781.5	-8.19
781.8	9.6
782.2	20.6
782.5	10.06
782.8	-5.38
783.1	-1.17
783.4	8.89
783.8	22.24
784.1	-7.96
784.4	18.49
784.7	29.72
785.1	-0.94
785.4	8.43
785.7	13.34
786	31.13
786.4	10.53
786.7	14.04
787	-24.11
787.3	-16.38
787.7	-0.47
788	-17.32
788.3	18.02
788.6	-7.72
788.9	11.7
789.3	5.85
789.6	46.34
789.9	31.6
790.2	0.23
790.6	-7.26
790.9	5.85
791.2	9.36
791.5	-11.94
791.9	10.3
792.2	20.83
792.5	39.32
792.8	-4.21
793.1	15.68
793.5	5.15
793.8	15.68
794.1	16.85
794.4	18.02
794.8	2.11
795.1	-0.94
795.4	0.94
795.7	-30.66
796	14.04
796.4	-17.32
796.7	40.02
797	0.47
797.3	-1.17
797.7	29.96
798	32.77
798.3	42.13
798.6	23.17
798.9	15.92
799.3	12.4
799.6	8.89
799.9	-21.06
800.2	29.02
800.5	22.24
800.9	-25.28
801.2	-2.57
801.5	-8.19
801.8	0.94
802.2	-1.17
802.5	-9.83
802.8	0.7
803.1	-12.64
803.4	-14.04
803.8	9.36
804.1	-6.55
804.4	-4.92
804.7	18.96
805	11.47
805.4	-12.64
805.7	23.87
806	30.19
806.3	10.53
806.6	3.28
807	31.6
807.3	-11.7
807.6	27.15
807.9	3.74
808.2	7.72
808.6	22.47
808.9	-2.81
809.2	-13.58
809.5	11.47
809.8	-13.11
810.2	-11.23
810.5	-19.19
810.8	3.98
811.1	1.17
811.4	19.43
811.8	11.94
812.1	0.23
812.4	-11.23
812.7	-18.49
813	10.06
813.4	-30.66
813.7	-15.21
814	33
814.3	3.98
814.6	3.51
815	21.3
815.3	0.7
815.6	19.89
815.9	-4.45
816.2	6.79
816.5	27.38
816.9	10.77
817.2	0.47
817.5	0.94
817.8	11.94
818.1	19.19
818.5	-7.96
818.8	3.04
819.1	-1.64
819.4	-1.64
819.7	5.38
820.1	26.45
820.4	-5.85
820.7	44.47
821	5.38
821.3	-24.11
821.6	-21.53
822	-29.26
822.3	25.04
822.6	13.34
822.9	-21.53
823.2	11.7
823.5	13.81
823.9	-18.96
824.2	8.43
824.5	8.66
824.8	26.21
825.1	13.34
825.5	40.02
825.8	16.62
826.1	-12.4
826.4	-37.45
826.7	20.36
827	5.62
827.4	-11.94
827.7	14.04
828	10.77
828.3	27.85
828.6	-1.87
828.9	-7.26
829.3	5.85
829.6	-17.55
829.9	9.6
830.2	-4.92
830.5	-6.55
830.8	2.81
831.2	15.45
831.5	18.96
831.8	16.15
832.1	11.47
832.4	4.21
832.7	8.89
833.1	17.55
833.4	-3.98
833.7	6.55
834	0.7
834.3	12.17
834.6	12.4
835	9.83
835.3	18.72
835.6	6.09
835.9	-8.19
836.2	35.58
836.5	-18.02
836.8	33.47
837.2	-6.32
837.5	-24.11
837.8	-8.43
838.1	-11.7
838.4	3.04
838.7	24.11
839.1	1.4
839.4	28.32
839.7	-16.15
840	-5.85
840.3	-15.68
840.6	303.8
840.9	6.32
841.3	22.24
841.6	4.68
841.9	-0.94
842.2	12.4
842.5	33.24
842.8	-22.24
843.1	21.77
843.5	0.94
843.8	13.81
844.1	6.09
844.4	4.45
844.7	31.6
845	7.26
845.3	4.68
845.7	27.38
846	21.3
846.3	25.28
846.6	3.98
846.9	11.23
847.2	19.66
847.5	12.4
847.9	37.68
848.2	15.45
848.5	2.57
848.8	6.79
849.1	21.3
849.4	9.83
849.7	8.89
850	18.72
850.4	11.47
850.7	9.6
851	-11
851.3	-12.87
851.6	-19.66
851.9	1.64
852.2	-13.11
852.5	19.89
852.9	-12.64
853.2	6.32
853.5	20.6
853.8	-11
854.1	-15.21
854.4	23.17
854.7	11.47
855.1	19.43
855.4	17.32
855.7	10.3
856	-7.02
856.3	-13.34
856.6	3.74
856.9	-3.28
857.2	16.85
857.5	-15.45
857.9	-16.38
858.2	3.74
858.5	6.55
858.8	3.04
859.1	-2.57
859.4	8.19
859.7	25.51
860	-2.11
860.4	1.4
860.7	28.79
861	-13.11
861.3	26.92
861.6	-7.26
861.9	-18.26
862.2	14.51
862.5	-13.34
862.8	14.98
863.2	1.17
863.5	2.57
863.8	34.17
864.1	3.51
864.4	3.98
864.7	-14.98
865	12.87
865.3	-5.85
865.6	3.04
866	-1.64
866.3	10.53
866.6	-15.21
866.9	40.73
867.2	-5.38
867.5	31.13
867.8	1.17
868.1	1.4
868.4	-2.81
868.7	4.45
869.1	27.38
869.4	18.26
869.7	21.3
870	-7.02
870.3	21.06
870.6	17.09
870.9	-5.38
871.2	6.79
871.5	9.13
871.8	9.36
872.1	24.11
872.5	-1.17
872.8	6.32
873.1	13.58
873.4	17.32
873.7	32.3
874	-12.4
874.3	3.28
874.6	22.7
874.9	17.79
875.2	12.87
875.6	6.55
875.9	-16.38
876.2	9.36
876.5	29.49
876.8	3.74
877.1	-3.98
877.4	10.53
877.7	-15.92
878	14.75
878.3	17.09
878.6	7.26
878.9	14.75
879.3	32.3
879.6	7.72
879.9	7.26
880.2	13.81
880.5	8.66
880.8	27.62
881.1	3.04
881.4	3.98
881.7	1.64
882	-16.62
882.3	-2.57
882.6	-10.06
882.9	15.21
883.3	15.92
883.6	12.4
883.9	5.15
884.2	-9.36
884.5	10.3
884.8	25.75
885.1	-8.19
885.4	12.17
885.7	13.34
886	5.85
886.3	15.68
886.6	-4.92
886.9	-27.62
887.2	-9.13
887.6	22.94
887.9	4.68
888.2	11.94
888.5	-6.55
888.8	6.09
889.1	-7.96
889.4	-19.19
889.7	-9.13
890	-2.34
890.3	-7.96
890.6	4.21
890.9	-3.51
891.2	-27.62
891.5	17.79
891.8	0.7
892.1	6.79
892.5	-19.43
892.8	1.64
893.1	-1.17
893.4	9.83
893.7	18.96
894	11.23
894.3	-2.34
894.6	11
894.9	7.72
895.2	16.62
895.5	5.38
895.8	17.32
896.1	-24.58
896.4	-14.04
896.7	-12.87
897	7.02
897.3	22
897.6	-8.43
897.9	-2.57
898.3	10.3
898.6	16.15
898.9	4.45
899.2	-1.17
899.5	12.17
899.8	16.15
900.1	31.83
900.4	13.11
900.7	21.77
901	-0.23
901.3	19.43
901.6	6.55
901.9	7.72
902.2	1.87
902.5	-15.45
902.8	1.17
903.1	-9.13
903.4	15.92
903.7	8.19
904	-21.06
904.3	14.51
904.6	18.26
904.9	9.83
905.2	7.02
905.6	-4.92
905.9	-0.7
906.2	-34.64
906.5	1.4
906.8	9.6
907.1	39.09
907.4	33.94
907.7	-10.3
908	22.7
908.3	11.7
908.6	-18.49
908.9	-16.15
909.2	4.21
909.5	-2.81
909.8	6.09
910.1	-6.55
910.4	-13.11
910.7	-10.53
911	15.92
911.3	-3.51
911.6	0.7
911.9	32.77
912.2	2.57
912.5	-12.17
912.8	16.15
913.1	-6.09
913.4	31.6
913.7	-1.4
914	-8.19
914.3	14.28
914.6	18.26
914.9	13.81
915.2	15.68
915.5	-5.85
915.8	-27.38
916.1	-13.81
916.4	-16.85
916.7	43.3
917	8.19
917.3	10.06
917.6	-22.7
917.9	20.13
918.2	9.13
918.5	15.21
918.8	1.17
919.1	21.06
919.5	12.87
919.8	-19.19
920.1	-1.4
920.4	-10.53
920.7	2.81
921	112.11
921.3	33.94
921.6	35.11
921.9	18.26
922.2	7.26
922.5	-14.75
922.8	7.49
923.1	16.62
923.4	4.92
923.7	6.32
924	1.4
924.3	23.64
924.6	-11
924.9	-0.94
925.2	-1.64
925.5	-7.02
925.8	3.04
926.1	-0.7
926.4	4.45
926.7	6.79
927	-18.02
927.3	3.51
927.6	14.28
927.9	4.92
928.2	13.58
928.4	14.98
928.7	11
929	11.94
929.3	-3.04
929.6	14.75
929.9	7.49
930.2	-20.13
930.5	-12.64
930.8	-10.06
931.1	2.11
931.4	2.11
931.7	5.15
932	17.32
932.3	8.89
932.6	18.96
932.9	-22.47
933.2	-11.23
933.5	18.72
933.8	-7.96
934.1	23.17
934.4	-28.55
934.7	2.57
935	11.7
935.3	16.62
935.6	-2.81
935.9	-15.21
936.2	11.47
936.5	-2.34
936.8	3.04
937.1	-10.06
937.4	0
937.7	-10.06
938	15.45
938.3	7.02
938.6	2.81
938.9	-4.68
939.2	-9.6
939.5	12.64
939.8	-1.87
940.1	19.89
940.4	-4.45
940.7	7.96
941	15.45
941.3	-4.45
941.6	1.4
941.9	-17.09
942.2	3.28
942.4	20.6
942.7	-7.02
943	-13.58
943.3	-12.17
943.6	-3.28
943.9	-18.49
944.2	-25.28
944.5	34.17
944.8	43.07
945.1	10.06
945.4	-28.09
945.7	27.15
946	2.57
946.3	4.45
946.6	20.83
946.9	18.96
947.2	-6.09
947.5	-7.49
947.8	-9.36
948.1	-26.68
948.4	7.72
948.7	2.57
949	29.96
949.2	4.68
949.5	-0.7
949.8	-5.15
950.1	23.41
950.4	6.55
950.7	-8.19
951	-13.58
951.3	-5.15
951.6	0.47
951.9	8.43
952.2	-16.38
952.5	-9.6
952.8	14.28
953.1	3.74
953.4	-24.34
953.7	12.87
954	-12.87
954.3	-15.92
954.6	18.02
954.8	20.83
955.1	-10.53
955.4	3.51
955.7	-11.23
956	4.68
956.3	38.15
956.6	7.49
956.9	16.15
957.2	9.83
957.5	11
957.8	-8.66
958.1	10.77
958.4	8.89
958.7	16.15
959	-15.68
959.2	13.81
959.5	0.47
959.8	-6.55
960.1	3.51
960.4	15.92
960.7	35.34
961	-14.51
961.3	3.28
961.6	4.21
961.9	-16.62
962.2	13.11
962.5	-6.55
962.8	21.53
963.1	16.38
963.3	-5.15
963.6	13.11
963.9	-4.68
964.2	9.13
964.5	0.47
964.8	27.15
965.1	16.85
965.4	9.13
965.7	7.02
966	-14.98
966.3	25.98
966.6	14.04
966.9	6.55
967.1	7.96
967.4	8.66
967.7	21.53
968	23.87
968.3	11.7
968.6	13.58
968.9	16.62
969.2	8.66
969.5	15.92
969.8	4.92
970.1	-15.45
970.3	-8.66
970.6	-1.17
970.9	-14.28
971.2	9.13
971.5	19.89
971.8	-8.19
972.1	38.15
972.4	1.4
972.7	2.34
973	-7.72
973.3	-1.64
973.5	7.26
973.8	14.51
974.1	16.38
974.4	-26.45
974.7	-17.55
975	-6.09
975.3	17.79
975.6	-11.47
975.9	5.15
976.2	7.26
976.4	109.07
976.7	39.32
977	5.38
977.3	35.11
977.6	-12.4
977.9	-15.21
978.2	-21.3
978.5	-3.74
978.8	3.04
979	31.6
979.3	20.83
979.6	8.66
979.9	-13.58
980.2	19.43
980.5	-11.94
980.8	-8.43
981.1	16.62
981.4	2.34
981.6	-16.38
981.9	-3.74
982.2	13.34
982.5	-21.53
982.8	20.13
983.1	9.36
983.4	20.6
983.7	11.94
984	11.23
984.2	-9.83
984.5	-7.02
984.8	-11.23
985.1	-5.62
985.4	-14.98
985.7	-0.94
986	1.64
986.3	5.85
986.5	18.96
986.8	-11.94
987.1	-7.49
987.4	11.47
987.7	20.6
988	16.85
988.3	3.04
988.6	2.34
988.8	-8.19
989.1	-16.38
989.4	2.81
989.7	13.58
990	-7.72
990.3	6.79
990.6	-0.23
990.9	20.83
991.1	-1.87
991.4	34.64
991.7	-13.58
992	0.47
992.3	-6.09
992.6	-11.47
992.9	10.53
993.1	4.68
993.4	14.28
993.7	24.81
994	-7.26
994.3	0.7
994.6	5.15
994.9	-2.81
995.1	6.79
995.4	25.75
995.7	-19.66
996	-9.13
996.3	15.68
996.6	-4.45
996.9	4.21
997.1	9.13
997.4	-11.23
997.7	9.13
998	-3.74
998.3	21.53
998.6	26.21
998.9	17.32
999.1	12.87
999.4	-3.04
999.7	14.04
1000	-16.15
1000.3	32.3
1000.6	-12.17
1000.8	26.92
1001.1	-10.06
1001.4	-1.4
1001.7	-13.34
1002	4.21
1002.3	3.98
1002.6	-16.38
1002.8	3.51
1003.1	33.47
1003.4	20.36
1003.7	-12.17
1004	10.77
1004.3	7.49
1004.5	8.66
1004.8	-7.49
1005.1	-12.64
1005.4	2.57
1005.7	-18.26
1006	15.92
1006.2	-4.21
1006.5	17.09
1006.8	-6.55
1007.1	1.17
1007.4	-3.28
1007.7	3.98
1007.9	-20.6
1008.2	-8.66
1008.5	23.17
1008.8	28.55
1009.1	-1.4
1009.4	-11.7
1009.6	-9.6
1009.9	-12.17
1010.2	-2.57
1010.5	-7.26
1010.8	17.79
1011.1	23.87
1011.3	14.98
1011.6	-8.89
1011.9	-0.94
1012.2	-7.02
1012.5	26.45
1012.7	-13.11
1013	-5.38
1013.3	24.58
1013.6	5.62
1013.9	-9.36
1014.2	-27.85
1014.4	-1.87
1014.7	-24.11
1015	32.3
1015.3	32.77
1015.6	-5.85
1015.8	24.81
1016.1	8.66
1016.4	1.87
1016.7	9.36
1017	7.02
1017.2	7.96
1017.5	-10.3
1017.8	10.06
1018.1	-4.21
1018.4	-4.68
1018.7	9.6
1018.9	4.21
1019.2	16.62
1019.5	-1.4
1019.8	12.64
1020.1	29.26
1020.3	-0.94
1020.6	-5.85
1020.9	-5.85
1021.2	-5.85
