340.19	14.17
340.564	14.17
340.939	14.17
341.313	-0.81
341.687	-32.17
342.061	14.64
342.436	11.36
342.81	19.56
343.184	-12.27
343.558	-15.32
343.932	-20.47
344.306	-12.27
344.68	18.15
345.054	-32.64
345.428	-0.57
345.802	-8.53
346.176	10.43
346.55	18.39
346.924	10.19
347.298	19.79
347.672	42.96
348.046	17.92
348.419	23.3
348.793	-11.81
349.167	18.15
349.54	15.58
349.914	6.45
350.288	-2.44
350.661	27.05
351.035	12.07
351.408	14.88
351.782	-4.55
352.155	28.22
352.528	-1.04
352.902	12.77
353.275	47.41
353.648	17.92
354.022	23.54
354.395	12.07
354.768	-7.59
355.141	39.45
355.515	22.37
355.888	0.6
356.261	15.11
356.634	25.41
357.007	-1.27
357.38	22.37
357.753	-15.55
358.126	4.11
358.499	24.94
358.872	27.98
359.245	37.58
359.617	32.43
359.99	22.83
360.363	16.75
360.736	5.51
361.108	-19.76
361.481	35.71
361.854	7.85
362.226	9.49
362.599	13.94
362.971	3.64
363.344	-2.44
363.716	15.11
364.089	5.51
364.461	8.09
364.834	-2.91
365.206	16.75
365.578	10.43
365.951	-5.49
366.323	16.05
366.695	-0.57
367.067	16.98
367.439	-12.51
367.812	10.19
368.184	8.79
368.556	25.64
368.928	18.85
369.3	29.39
369.672	30.32
370.044	-9.93
370.416	4.58
370.788	-1.04
371.159	26.11
371.531	2.94
371.903	4.58
372.275	19.56
372.646	4.34
373.018	6.68
373.39	-9.7
373.761	-1.74
374.133	12.3
374.505	3.17
374.876	-2.21
375.248	-2.68
375.619	39.92
375.991	24.71
376.362	18.62
376.733	-12.98
377.105	19.56
377.476	15.58
377.847	3.64
378.219	20.26
378.59	23.77
378.961	15.58
379.332	4.81
379.703	16.28
380.074	28.22
380.445	11.6
380.816	26.34
381.187	18.85
381.558	29.62
381.929	39.22
382.3	30.32
382.671	-4.08
383.042	-6.89
383.413	21.43
383.784	19.79
384.154	3.17
384.525	18.85
384.896	43.43
385.266	19.32
385.637	13.94
386.008	-13.45
386.378	-3.85
386.749	2.24
387.119	11.36
387.49	8.56
387.86	9.73
388.23	27.75
388.601	34.54
388.971	23.07
389.341	4.34
389.712	-14.62
390.082	-11.34
390.452	18.39
390.822	4.11
391.192	17.22
391.562	31.96
391.933	13.24
392.303	10.43
392.673	2.94
393.043	22.83
393.412	8.56
393.782	40.86
394.152	51.15
394.522	19.09
394.892	-14.38
395.262	3.87
395.631	27.75
396.001	11.6
396.371	36.41
396.74	24
397.11	-2.91
397.48	14.41
397.849	35.94
398.219	-1.98
398.588	3.41
398.958	2.47
399.327	39.69
399.696	14.64
400.066	17.45
400.435	-5.96
400.804	4.34
401.174	15.11
401.543	14.64
401.912	20.96
402.281	29.62
402.65	11.6
403.019	-1.04
403.389	39.22
403.758	9.73
404.127	11.13
404.496	34.77
404.864	1.53
405.233	14.64
405.602	5.75
405.971	-1.51
406.34	-1.98
406.709	36.41
407.077	13.71
407.446	23.3
407.815	38.28
408.183	32.9
408.552	32.9
408.92	37.81
409.289	13.47
409.657	26.58
410.026	10.66
410.394	49.75
410.763	60.75
411.131	8.56
411.499	31.03
411.868	-4.08
412.236	-3.38
412.604	1.77
412.972	28.68
413.341	38.05
413.709	47.41
414.077	30.09
414.445	40.62
414.813	27.75
415.181	20.96
415.549	20.49
415.917	23.07
416.285	19.79
416.653	3.41
417.02	33.37
417.388	42.03
417.756	44.13
418.124	14.88
418.491	35
418.859	19.09
419.227	24
419.594	43.9
419.962	23.3
420.329	40.15
420.697	47.17
421.064	25.41
421.432	40.15
421.799	49.05
422.167	45.07
422.534	39.92
422.901	14.88
423.269	20.26
423.636	30.56
424.003	8.79
424.37	7.85
424.737	64.49
425.104	44.83
425.471	63.32
425.838	89.3
426.205	86.73
426.572	86.03
426.939	81.11
427.306	51.15
427.673	75.73
428.04	69.88
428.407	84.16
428.773	85.56
429.14	67.07
429.507	87.43
429.874	106.86
430.24	88.84
430.607	98.67
430.973	119.73
431.34	88.13
431.706	94.92
432.073	116.22
432.439	121.37
432.806	130.97
433.172	131.9
433.538	134.71
433.904	163.97
434.271	150.63
434.637	179.42
435.003	142.2
435.369	184.56
435.735	175.67
436.101	177.07
436.467	202.59
436.834	155.54
437.199	200.01
437.565	194.63
437.931	107.56
438.297	233.95
438.663	233.25
439.029	239.8
439.395	247.99
439.76	210.54
440.126	274.44
440.492	240.97
440.857	247.99
441.223	234.65
441.588	284.97
441.954	301.59
442.32	298.31
442.685	314.46
443.05	299.48
443.416	318.44
443.781	324.06
444.146	331.32
444.512	339.51
444.877	355.42
445.242	361.98
445.607	360.57
445.973	400.13
446.338	397.08
446.703	395.21
447.068	451.62
447.433	430.09
447.798	438.51
448.163	440.15
448.528	484.39
448.892	489.07
449.257	528.15
449.622	518.32
449.987	544.07
450.352	612.41
450.716	566.54
451.081	571.69
451.446	573.56
451.81	603.05
452.175	647.05
452.539	623.65
452.904	644.01
453.268	653.61
453.633	701.35
453.997	638.16
454.361	649.63
454.726	669.52
455.09	670.69
455.454	701.82
455.818	662.03
456.183	648.69
456.547	671.63
456.911	669.52
457.275	633.48
457.639	654.78
458.003	629.5
458.367	621.54
458.731	616.16
459.095	614.05
459.459	611.01
459.822	574.03
460.186	590.65
460.55	560.45
460.914	562.56
461.277	564.9
461.641	536.35
462.005	505.69
462.368	524.41
462.732	505.22
463.095	511.77
463.459	444.83
463.822	482.05
464.185	476.9
464.549	470.34
464.912	467.77
465.275	462.85
465.639	458.88
466.002	425.64
466.365	486.49
466.728	427.75
467.091	424.24
467.454	421.19
467.818	465.19
468.181	441.32
468.543	433.36
468.906	459.58
469.269	418.62
469.632	438.28
469.995	406.21
470.358	429.38
470.721	413.47
471.083	407.15
471.446	433.83
471.809	402.47
472.171	410.66
472.534	422.13
472.896	381.17
473.259	378.13
473.621	407.15
473.984	355.89
474.346	374.62
474.709	389.6
475.071	359.4
475.433	352.38
475.795	352.15
476.158	354.02
476.52	341.85
476.882	368.3
477.244	316.34
477.606	319.85
477.968	364.55
478.33	320.78
478.692	316.1
479.054	311.66
479.416	302.29
479.778	340.21
480.14	355.42
480.502	299.48
480.863	330.38
481.225	330.38
481.587	361.04
481.948	328.98
482.31	326.63
482.671	386.08
483.033	324.06
483.395	343.49
483.756	368.3
484.117	375.32
484.479	340.21
484.84	327.57
485.201	332.25
485.563	372.28
485.924	365.02
486.285	347.7
486.646	362.44
487.008	373.91
487.369	407.38
487.73	430.09
488.091	401.53
488.452	417.68
488.813	392.87
489.174	416.98
489.534	428.68
489.895	458.41
490.256	465.19
490.617	466.83
490.978	464.26
491.338	466.83
491.699	497.26
492.06	498.2
492.42	528.39
492.781	517.62
493.141	531.43
493.502	521.6
493.862	586.2
494.223	593.92
494.583	556.48
494.943	571.22
495.304	603.52
495.664	621.31
496.024	651.74
496.384	659.46
496.744	668.35
497.105	723.82
497.465	684.5
497.825	747.7
498.185	746.53
498.545	770.63
498.905	797.55
499.264	782.57
499.624	846.7
499.984	824.23
500.344	882.04
500.704	870.34
501.063	908.96
501.423	904.98
501.783	940.56
502.142	970.75
502.502	997.2
502.861	1016.62
503.221	1051.5
503.58	1048.92
503.94	1103.22
504.299	1093.39
504.658	1131.78
505.018	1164.78
505.377	1179.29
505.736	1173.91
506.095	1228.21
506.455	1248.34
506.814	1238.74
507.173	1281.34
507.532	1329.79
507.891	1312.94
508.25	1362.79
508.609	1391.58
508.968	1406.56
509.326	1424.35
509.685	1452.2
510.044	1479.11
510.403	1532.95
510.761	1547.46
511.12	1547.46
511.479	1578.82
511.837	1575.31
512.196	1557.52
512.554	1596.14
512.913	1654.19
513.271	1644.82
513.63	1669.87
513.988	1710.36
514.346	1719.25
514.705	1726.04
515.063	1747.81
515.421	1753.43
515.779	1768.64
516.138	1768.4
516.496	1819.19
516.854	1818.96
517.212	1853.83
517.57	1839.79
517.928	1847.05
518.286	1849.62
518.643	1855.71
519.001	1903.22
519.359	1923.11
519.717	1925.92
520.075	1932.48
520.432	1995.2
520.79	1963.84
521.148	1976.48
521.505	1946.75
521.863	1970.86
522.22	1970.16
522.578	2024.93
522.935	1972.73
523.292	2025.16
523.65	2039.67
524.007	2035.69
524.364	2016.97
524.722	2068.93
525.079	2064.72
525.436	2079.7
525.793	2109.65
526.15	2124.4
526.507	2130.02
526.864	2170.98
527.221	2143.36
527.578	2149.21
527.935	2141.02
528.292	2157.87
528.649	2153.89
529.005	2175.19
529.362	2192.51
529.719	2183.62
530.076	2222.47
530.432	2264.36
530.789	2242.83
531.145	2300.64
531.502	2233
531.858	2302.98
532.215	2309.3
532.571	2325.45
532.928	2328.03
533.284	2352.13
533.64	2365.94
533.996	2417.9
534.353	2413.22
534.709	2410.65
535.065	2465.42
535.421	2494.91
535.777	2466.35
536.133	2542.89
536.489	2524.87
536.845	2551.78
537.201	2514.57
537.557	2520.42
537.912	2591.34
538.268	2632.53
538.624	2609.59
538.98	2579.17
539.335	2686.6
539.691	2677.7
540.047	2730.6
540.402	2746.51
540.758	2746.05
541.113	2956.69
541.469	2788.64
541.824	2850.9
542.179	2830.31
542.535	2875.01
542.89	2935.4
543.245	2915.97
543.6	2920.18
543.955	2915.97
544.311	3007.72
544.666	3036.51
545.021	3069.04
545.376	3109.77
545.731	3126.62
546.086	3170.62
546.44	3191.45
546.795	3193.32
547.15	3222.11
547.505	3270.09
547.86	3264.01
548.214	3341.95
548.569	3315.03
548.924	3387.35
549.278	3464.59
549.633	3421.29
549.987	3564.3
550.342	3551.19
550.696	3548.38
551.05	3610.87
551.405	3619.53
551.759	3668.45
552.113	3704.73
552.468	3777.75
552.822	3825.74
553.176	3872.55
553.53	3846.33
553.884	3901.1
554.238	3949.78
554.592	4007.83
554.946	4012.98
555.3	4081.79
555.654	4069.62
556.008	4204.67
556.361	4175.18
556.715	4298.06
557.069	4255.69
557.423	4342.53
557.776	4371.31
558.13	4427.25
558.483	4502.38
558.837	4535.39
559.19	4624.09
559.544	4709.76
559.897	4752.35
560.251	4764.52
560.604	4803.61
560.957	4814.38
561.31	4888.57
561.664	4900.51
562.017	5063.41
562.37	5044.92
562.723	5176.22
563.076	5240.36
563.429	5272.19
563.782	5354.34
564.135	5386.4
564.488	5381.26
564.841	5530.82
565.193	5568.26
565.546	5671.25
565.899	5741.23
566.252	5805.36
566.604	5810.98
566.957	5934.56
567.309	5979.96
567.662	6100.5
568.014	6176.34
568.367	6294.3
568.719	6306.94
569.072	6379.96
569.424	6451.58
569.776	6623.61
570.129	6610.51
570.481	6767.79
570.833	6855.33
571.185	6870.3
571.537	6972.35
571.889	7064.33
572.241	7255.32
572.593	7319.22
572.945	7369.77
573.297	7436.25
573.649	7568.49
574.001	7599.15
574.352	7772.35
574.704	7979.72
575.056	7956.78
575.407	8155.49
575.759	8298.27
576.111	8415.99
576.462	8466.32
576.814	8616.11
577.165	8715.35
577.516	8903.29
577.868	8990.36
578.219	9157.71
578.57	9273.1
578.922	9369.76
579.273	9443.72
579.624	9567.54
579.975	9820.08
580.326	9931.49
580.677	10093.69
581.028	10228.27
581.379	10328.91
581.73	10478.01
582.081	10646.99
582.432	10815.51
582.783	10948.45
583.133	11201.93
583.484	11350.32
583.835	11495.2
584.185	11705.15
584.536	11802.52
584.886	11952.54
585.237	12099.76
585.587	12310.41
585.938	12547.04
586.288	12680.45
586.639	12983.32
586.989	12995.72
587.339	13332.76
587.689	13409.06
588.04	13714.97
588.39	13746.33
588.74	14083.37
589.09	14298.93
589.44	14407.77
589.79	14604.84
590.14	14907.7
590.49	15057.5
590.84	15390.09
591.189	15472.71
591.539	15778.85
591.889	15945.73
592.239	16309.22
592.588	16455.73
592.938	16761.64
593.287	17054.21
593.637	17241.69
593.987	17531.21
594.336	17793.12
594.685	18062.04
595.035	18253.97
595.384	18626.82
595.733	18892.23
596.083	19155.07
596.432	19383.51
596.781	19691.76
597.13	20066.01
597.479	20353.43
597.828	20724.17
598.177	20933.18
598.526	21203.98
598.875	21652.66
599.224	21876.18
599.573	22170.85
599.922	22630.3
600.27	22895.95
600.619	23203.03
600.968	23511.98
601.316	23840.83
601.665	24172.48
602.013	24775.17
602.362	24965.45
602.71	25511.5
603.059	25621.74
603.407	26209.92
603.756	26370.95
604.104	26874.63
604.452	27183.81
604.8	27476.61
605.148	28028.28
605.497	28384.74
605.845	28653.44
606.193	29338.51
606.541	29528.56
606.889	29880.81
607.237	30507.14
607.584	30704.68
607.932	31211.64
608.28	31743.65
608.628	32153.47
608.976	32421.7
609.323	32865
609.671	32993.49
610.018	33675.99
610.366	34103.14
610.713	34388.22
611.061	34944.33
611.408	35365.62
611.756	35767.49
612.103	36236.54
612.45	36527.23
612.798	37121.03
613.145	37488.72
613.492	37944.43
613.839	38459.11
614.186	38840.15
614.533	39288.6
614.88	39720.89
615.227	39938.8
615.574	40536.57
615.921	41150.26
616.268	41317.37
616.615	41745.46
616.961	42328.25
617.308	42694.54
617.655	43178.1
618.001	43656.5
618.348	43907.18
618.695	44363.35
619.041	44763.11
619.387	45357.84
619.734	45675.22
620.08	45962.63
620.427	46509.38
620.773	46694.52
621.119	46977.49
621.465	47597.5
621.811	47830.38
622.158	48070.52
622.504	48662.68
622.85	49057.52
623.196	49517.44
623.542	49642.89
623.888	50141.66
624.233	50502.57
624.579	50587.3
624.925	51163.77
625.271	51501.04
625.616	51691.1
625.962	52066.52
626.308	52402.85
626.653	52524.09
626.999	52956.86
627.344	52975.58
627.69	53160.95
628.035	53420.52
628.38	53892.6
628.726	53902.9
629.071	54001.67
629.416	54267.56
629.761	54570.89
630.107	54670.83
630.452	54922.91
630.797	54939.29
631.142	55127
631.487	55325.01
631.832	55286.86
632.176	55657.13
632.521	55514.36
632.866	55706.99
633.211	55702.54
633.556	55963.98
633.9	56036.3
634.245	55822.37
634.589	56077.96
634.934	56017.34
635.278	56231.03
635.623	56021.32
635.967	56023.43
636.312	56205.99
636.656	55969.59
637	56018.04
637.345	55973.81
637.689	55989.49
638.033	56001.43
638.377	55842.74
638.721	55968.42
639.065	55842.5
639.409	55732.5
639.753	55737.65
640.097	55521.85
640.441	55479.49
640.785	55349.82
641.128	55219.69
641.472	55023.78
641.816	54942.1
642.159	54837.01
642.503	54758.13
642.847	54281.83
643.19	54420.16
643.534	53937.78
643.877	53948.54
644.22	53779.09
644.564	53554.16
644.907	53236.08
645.25	53196.06
645.593	52860.19
645.937	52463.94
646.28	52401.92
646.623	52193.37
646.966	51919.77
647.309	51449.79
647.652	51150.43
647.995	50910.06
648.337	50637.62
648.68	50336.39
649.023	50044.53
649.366	49711.24
649.708	49404.86
650.051	49126.8
650.394	48582.4
650.736	48152.91
651.079	47828.28
651.421	47381.47
651.764	47083.75
652.106	46726.59
652.448	46298.27
652.791	45953.97
653.133	45557.72
653.475	45088.68
653.817	44691.49
654.159	44375.28
654.501	43756.68
654.843	43614.37
655.185	43054.99
655.527	42660.14
655.869	42303.67
656.211	41838.14
656.553	41428.78
656.895	41135.28
657.236	40809.48
657.578	40127.21
657.92	39922.65
658.261	39388.3
658.603	38930.03
658.944	38645.65
659.286	38053.26
659.627	37796.97
659.969	37219.8
660.31	36815.59
660.651	36521.85
660.993	36061.23
661.334	35634.79
661.675	35191.49
662.016	35027.65
662.357	34355.45
662.698	33941.41
663.039	33379.91
663.38	33176.99
663.721	32705.14
664.062	32406.95
664.402	31977.7
664.743	31577.47
665.084	31266.41
665.425	30702.81
665.765	30399.24
666.106	29977.71
666.446	29650.5
666.787	29405.22
667.127	28683.86
667.468	28445.6
667.808	28087.49
668.148	27762.86
668.489	27428.63
668.829	26942.74
669.169	26716.41
669.509	26462.69
669.849	26110.68
670.189	25735.72
670.529	25481.07
670.869	25061.88
671.209	24870.19
671.549	24332.57
671.889	24105.78
672.229	23787.46
672.568	23497
672.908	23092.32
673.248	22817.78
673.587	22692.56
673.927	22254.65
674.266	21946.4
674.606	21660.15
674.945	21398.24
675.285	21064.72
675.624	20888.71
675.963	20543.95
676.302	20292.57
676.642	20037.92
676.981	19856.53
677.32	19576.6
677.659	19326.87
677.998	19020.73
678.337	18705.69
678.676	18482.17
679.015	18238.05
679.354	17954.85
679.692	17725.01
680.031	17567.25
680.37	17314.01
680.708	17135.66
681.047	16876.8
681.386	16633.15
681.724	16443.33
682.063	16200.62
682.401	16066.74
682.739	15902.67
683.078	15679.61
683.416	15433.39
683.754	15174.99
684.093	14980.49
684.431	14787.63
684.769	14734.04
685.107	14487.58
685.445	14330.53
685.783	14124.09
686.121	13887.23
686.459	13715.9
686.797	13600.05
687.134	13417.02
687.472	13276.82
687.81	13061.02
688.148	12953.59
688.485	12752.3
688.823	12644.41
689.16	12429.31
689.498	12244.88
689.835	12107.25
690.173	11997.95
690.51	11776.3
690.847	11669.34
691.185	11564.48
691.522	11474.84
691.859	11286.9
692.196	11084.21
692.533	11004.63
692.87	10851.32
693.207	10737.34
693.544	10513.35
693.881	10479.88
694.218	10355.6
694.555	10186.84
694.891	10051.79
695.228	9919.09
695.565	9872.04
695.901	9724.59
696.238	9615.99
696.574	9537.34
696.911	9401.36
697.247	9204.99
697.584	9128.22
697.92	9157.01
698.256	8986.38
698.593	8813.65
698.929	8717.22
699.265	8691.01
699.601	8556.66
699.937	8418.33
700.273	8353.5
700.609	8242.79
700.945	8080.13
701.281	8071.23
701.617	7995.17
701.953	7751.05
702.288	7731.39
702.624	7619.04
702.96	7552.57
703.295	7549.29
703.631	7451.46
703.966	7327.88
704.302	7211.09
704.637	7132.68
704.973	7109.27
705.308	6951.52
705.643	6889.97
705.979	6772.24
706.314	6744.15
706.649	6645.85
706.984	6592.95
707.319	6554.1
707.654	6401.73
707.989	6324.02
708.324	6280.72
708.659	6168.61
708.994	6116.89
709.329	6059.07
709.663	5980.9
709.998	5904.83
710.333	5912.56
710.667	5852.64
711.002	5756.44
711.336	5726.72
711.671	5580.2
712.005	5544.16
712.34	5435.79
712.674	5394.6
713.008	5416.36
713.342	5322.51
713.677	5304.02
714.011	5172.95
714.345	5128.95
714.679	5072.77
715.013	4977.75
715.347	4949.66
715.681	4879.91
716.014	4852.06
716.348	4779.74
716.682	4769.21
717.016	4643.05
717.349	4621.99
717.683	4552.71
718.017	4531.88
718.35	4491.62
718.684	4428.66
719.017	4377.17
719.35	4401.04
719.684	4275.59
720.017	4273.25
720.35	4244.69
720.684	4154.11
721.017	4148.73
721.35	4093.49
721.683	3980.68
722.016	3979.74
722.349	3873.72
722.682	3918.89
723.015	3857.33
723.347	3794.84
723.68	3777.99
724.013	3704.96
724.346	3670.56
724.678	3656.98
725.011	3614.62
725.343	3553.53
725.676	3556.34
726.008	3459.44
726.341	3472.55
726.673	3372.37
727.005	3410.76
727.338	3308.71
727.67	3316.9
728.002	3255.11
728.334	3197.77
728.666	3153.07
728.998	3163.83
729.33	3118.19
729.662	3067.4
729.994	3072.32
730.326	3020.12
730.658	2989.23
730.989	2935.16
731.321	2937.03
731.653	2878.75
731.984	2844.58
732.316	2844.58
732.647	2777.18
732.979	2766.18
733.31	2680.98
733.642	2688.24
733.973	2669.75
734.304	2598.83
734.636	2569.57
734.967	2571.91
735.298	2536.57
735.629	2456.05
735.96	2486.25
736.291	2425.63
736.622	2423.52
736.953	2388.41
737.284	2371.56
737.614	2346.99
737.945	2337.62
738.276	2258.04
738.606	2256.41
738.937	2258.98
739.268	2222.23
739.598	2181.74
739.929	2171.91
740.259	2146.17
740.589	2115.51
740.92	2060.97
741.25	2050.67
741.58	2051.61
741.91	2000.12
742.24	1976.95
742.571	1946.29
742.901	1921.01
743.231	1918.9
743.561	1895.26
743.89	1868.81
744.22	1828.56
744.55	1834.41
744.88	1811.47
745.209	1783.15
745.539	1726.74
745.869	1726.98
746.198	1717.85
746.528	1708.72
746.857	1666.83
747.187	1682.27
747.516	1656.29
747.845	1613.46
748.175	1571.1
748.504	1579.99
748.833	1582.33
749.162	1565.71
749.491	1565.71
749.82	1515.63
750.149	1499.71
750.478	1484.26
750.807	1462.26
751.136	1455.94
751.465	1422.24
751.793	1399.07
752.122	1383.62
752.451	1383.62
752.779	1373.32
753.108	1377.54
753.436	1359.51
753.765	1301.7
754.093	1297.72
754.421	1310.36
754.75	1260.27
755.078	1263.08
755.406	1255.59
755.734	1248.81
756.062	1209.25
756.391	1173.67
756.719	1185.85
757.046	1181.16
757.374	1157.52
757.702	1126.86
758.03	1113.99
758.358	1142.08
758.686	1083.33
759.013	1070.22
759.341	1074.44
759.668	1073.5
759.996	1068.82
760.323	1045.65
760.651	1040.03
760.978	1014.05
761.306	992.75
761.633	987.37
761.96	961.62
762.287	956.94
762.614	971.69
762.941	921.83
763.268	936.58
763.595	945
763.922	919.02
764.249	910.83
764.576	894.21
764.903	876.19
765.23	883.45
765.556	863.55
765.883	858.87
766.21	866.83
766.536	838.04
766.863	851.15
767.189	807.61
767.516	820.02
767.842	832.19
768.168	765.49
768.494	789.59
768.821	779.53
769.147	747.46
769.473	743.02
769.799	729.44
770.125	710.72
770.451	674.91
770.777	695.74
771.103	704.16
771.429	721.02
771.754	690.12
772.08	697.84
772.406	695.97
772.731	671.16
773.057	631.84
773.382	683.33
773.708	632.07
774.033	671.16
774.359	612.65
774.684	587.14
775.009	623.65
775.334	617.1
775.66	571.45
775.985	610.07
776.31	587.37
776.635	568.18
776.96	586.67
777.285	591.82
777.61	555.31
777.934	568.41
778.259	536.35
778.584	530.5
778.909	557.18
779.233	528.86
779.558	505.92
779.882	528.62
780.207	517.39
780.531	505.92
780.856	508.26
781.18	484.85
781.504	490.47
781.828	465.43
782.153	509.2
782.477	501.24
782.801	477.83
783.125	478.54
783.449	497.03
783.773	470.58
784.097	474.32
784.42	478.07
784.744	458.17
785.068	434.3
785.392	443.66
785.715	409.72
786.039	422.83
786.362	462.85
786.686	414.17
787.009	426.34
787.333	431.02
787.656	450.45
787.979	437.81
788.303	433.36
788.626	414.87
788.949	402.7
789.272	414.87
789.595	359.64
789.918	418.15
790.241	407.62
790.564	398.26
790.887	370.4
791.209	370.17
791.532	374.62
791.855	375.32
792.178	376.02
792.5	362.44
792.823	357.53
793.145	346.06
793.468	357.76
793.79	356.83
794.112	354.49
794.435	354.72
794.757	337.64
795.079	329.44
795.401	324.06
795.723	339.74
796.045	318.91
796.367	314
796.689	305.1
797.011	321.02
797.333	312.36
797.655	282.87
797.976	305.1
798.298	318.44
798.62	336.23
798.941	303.7
799.263	290.36
799.584	284.27
799.906	303.7
800.227	292.23
800.548	254.08
800.87	265.31
801.191	255.48
801.512	275.61
801.833	288.48
802.154	281.23
802.475	252.67
802.796	254.55
803.117	259.7
803.438	259.46
803.759	248.93
804.08	217.33
804.4	236.06
804.721	217.33
805.042	237.23
805.362	235.12
805.683	254.08
806.003	252.21
806.323	221.31
806.644	231.14
806.964	234.89
807.284	207.97
807.605	187.61
807.925	243.55
808.245	205.86
808.565	217.1
808.885	203.05
809.205	208.44
809.525	180.12
809.845	217.8
810.164	173.8
810.484	175.44
810.804	189.71
811.124	191.35
811.443	154.84
811.763	215.93
812.082	165.84
812.402	169.58
812.721	181.76
813.04	194.39
813.36	183.16
813.679	175.67
813.998	188.54
814.317	169.35
814.636	187.37
814.955	181.76
815.274	152.97
815.593	163.27
815.912	195.56
816.231	138.69
816.55	140.56
816.868	185.97
817.187	149.69
817.506	163.03
817.824	125.82
818.143	142.67
818.461	150.63
818.78	124.65
819.098	124.41
819.416	161.16
819.735	177.31
820.053	155.31
820.371	156.01
820.689	93.99
821.007	112.94
821.325	117.39
821.643	120.2
821.961	137.99
822.279	125.35
822.597	130.97
822.914	133.54
823.232	108.26
823.55	113.65
823.867	98.67
824.185	97.03
824.502	128.63
824.82	104.75
825.137	123.01
825.454	114.58
825.772	83.92
826.089	124.65
826.406	83.69
826.723	120.67
827.04	121.37
827.357	142.9
827.674	104.28
827.991	82.05
828.308	108.03
828.625	87.2
828.942	91.88
829.258	99.84
829.575	84.86
829.892	85.33
830.208	92.82
830.525	66.6
830.841	89.77
831.158	82.05
831.474	123.48
831.79	94.69
832.106	97.26
832.423	87.2
832.739	77.37
833.055	86.03
833.371	76.43
833.687	92.11
834.003	55.6
834.319	89.54
834.635	72.22
834.95	92.35
835.266	77.6
835.582	86.5
835.897	89.54
836.213	68.94
836.528	91.18
836.844	60.98
837.159	55.13
837.475	76.43
837.79	87.9
838.105	59.58
838.42	75.5
838.735	31.96
839.051	100.77
839.366	65.67
839.681	75.26
839.996	53.03
840.31	37.34
840.625	86.96
840.94	81.11
841.255	54.66
841.569	82.28
841.884	82.52
842.199	47.17
842.513	37.81
842.828	67.77
843.142	59.81
843.456	58.88
843.771	69.18
844.085	59.35
844.399	86.5
844.713	52.32
845.027	51.62
845.341	59.11
845.655	49.98
845.969	62.39
846.283	17.22
846.597	71.98
846.911	68.71
847.224	52.56
847.538	43.2
847.852	50.45
848.165	31.96
848.479	60.75
848.792	34.54
849.106	73.39
849.419	56.54
849.732	65.67
850.046	55.37
850.359	37.58
850.672	60.75
850.985	46.47
851.298	32.9
851.611	42.03
851.924	51.15
852.237	39.22
852.55	43.43
852.862	41.56
853.175	45.07
853.488	77.37
853.8	31.73
854.113	46.24
854.425	47.64
854.738	53.96
855.05	44.6
855.363	27.05
855.675	65.2
855.987	53.03
856.299	53.03
856.612	36.41
856.924	16.98
857.236	27.05
857.548	48.11
857.859	38.98
858.171	10.66
858.483	19.79
858.795	65.9
859.107	35.71
859.418	29.15
859.73	2.47
860.041	41.79
860.353	28.92
860.664	23.54
860.976	44.37
861.287	32.43
861.598	25.17
861.91	19.79
862.221	24.47
862.532	57.01
862.843	31.03
863.154	25.88
863.465	60.28
863.776	38.98
864.087	10.9
864.397	47.88
864.708	39.45
865.019	38.05
865.329	32.2
865.64	51.62
865.951	15.11
866.261	26.81
866.571	37.11
866.882	23.54
867.192	11.6
867.502	51.39
867.813	45.54
868.123	38.28
868.433	17.92
868.743	40.86
869.053	61.69
869.363	24.71
869.673	54.43
869.982	9.49
870.292	24.24
870.602	14.88
870.912	16.28
871.221	27.05
871.531	24
871.84	22.13
872.15	22.6
872.459	59.81
872.768	29.85
873.078	-0.57
873.387	5.98
873.696	31.03
874.005	10.9
874.314	17.68
874.623	34.3
874.932	-3.15
875.241	-0.1
875.55	4.58
875.859	23.54
876.168	10.66
876.476	14.41
876.785	37.58
877.093	13.24
877.402	4.58
877.71	6.92
878.019	36.41
878.327	17.45
878.636	19.09
878.944	0.6
879.252	19.32
879.56	26.58
879.868	4.58
880.176	25.64
880.484	28.92
880.792	7.85
881.1	41.09
881.408	27.98
881.716	24.71
882.023	14.88
882.331	23.54
882.639	-9.23
882.946	8.09
883.254	30.09
883.561	4.11
883.868	21.19
884.176	11.83
884.483	-6.19
884.79	41.56
885.097	32.66
885.404	27.28
885.712	16.98
886.019	-4.08
886.325	-9
886.632	7.62
886.939	26.34
887.246	13.71
887.553	10.19
887.859	-1.27
888.166	14.17
888.472	14.41
888.779	1.53
889.085	16.51
889.392	19.56
889.698	-3.61
890.004	14.88
890.311	6.92
890.617	31.96
890.923	5.05
891.229	18.85
891.535	33.37
891.841	21.66
892.147	3.64
892.453	10.19
892.759	8.56
893.064	1.07
893.37	2.47
893.676	12.3
893.981	24.71
894.287	52.79
894.592	-11.81
894.897	8.32
895.203	29.15
895.508	-12.04
895.813	48.11
896.119	58.88
896.424	8.09
896.729	14.64
897.034	16.05
897.339	2.94
897.644	17.45
897.948	37.58
898.253	28.92
898.558	32.2
898.863	38.05
899.167	10.9
899.472	0.6
899.776	-7.13
900.081	21.66
900.385	5.28
900.69	7.62
900.994	-0.81
901.298	16.98
901.602	-2.21
901.906	0.13
902.21	-1.04
902.514	-5.25
902.818	-5.96
903.122	16.28
903.426	0.36
903.73	38.51
904.034	0.6
904.337	54.43
904.641	15.58
904.945	-8.53
905.248	24
905.552	32.66
905.855	9.02
906.158	33.13
906.462	12.77
906.765	30.32
907.068	-11.81
907.371	-21.4
907.674	14.41
907.977	-0.81
908.28	12.07
908.583	8.09
908.886	17.92
909.189	10.43
909.491	24
909.794	17.22
910.097	36.17
910.399	21.66
910.702	20.26
911.004	13.94
911.307	6.92
911.609	9.26
911.911	-3.15
912.213	2.47
912.516	28.92
912.818	1.53
913.12	-17.89
913.422	14.64
913.724	-8.06
914.026	5.28
914.327	27.98
914.629	-18.59
914.931	-1.51
915.233	13.24
915.534	28.22
915.836	20.96
916.137	-9.23
916.439	23.07
916.74	-17.66
917.041	12.3
917.343	-9.7
917.644	-15.08
917.945	-6.19
918.246	14.64
918.547	-1.04
918.848	-1.27
919.149	11.13
919.45	2.94
919.751	18.85
920.052	18.62
920.352	-27.02
920.653	13
920.954	0.36
921.254	-36.15
921.555	0.13
921.855	-15.79
922.155	-6.19
922.456	-11.81
922.756	15.58
923.056	-0.1
923.356	12.07
923.656	-8.3
923.956	5.98
924.256	-14.38
924.556	-12.98
924.856	-5.49
925.156	4.11
925.456	1.77
925.755	42.73
926.055	21.66
926.355	-10.87
926.654	9.73
926.953	-14.38
927.253	2.24
927.552	31.03
927.852	14.41
928.151	24.71
928.45	8.56
928.749	-20.23
929.048	11.36
929.347	-9
929.646	37.11
929.945	1.3
930.244	14.64
930.543	2.7
930.841	24.71
931.14	3.17
931.439	7.62
931.737	14.88
932.036	-9.23
932.334	12.07
932.632	14.88
932.931	14.17
933.229	-1.51
933.527	27.98
933.825	44.6
934.123	12.53
934.421	-3.61
934.719	-1.04
935.017	34.07
935.315	22.37
935.613	-0.1
935.911	-4.32
936.208	20.96
936.506	-5.02
936.804	-17.42
937.101	19.79
937.399	-4.32
937.696	16.51
937.993	-5.02
938.291	13.71
938.588	1.07
938.885	12.53
939.182	-36.85
939.479	-2.21
939.776	22.83
940.073	-0.57
940.37	13
940.667	-9.93
940.964	-1.04
941.26	-14.62
941.557	6.68
941.854	19.56
942.15	15.58
942.447	16.98
942.743	11.13
943.039	5.05
943.336	10.19
943.632	-26.55
943.928	18.15
944.224	-18.59
944.52	5.75
944.816	15.81
945.112	7.62
945.408	2.94
945.704	31.03
946	-2.91
946.295	-8.06
946.591	-20.93
946.887	-5.02
947.182	-0.81
947.478	19.56
947.773	10.66
948.069	-2.44
948.364	24.47
948.659	-12.27
948.954	16.28
949.25	-9.23
949.545	13.94
949.84	28.22
950.135	-2.44
950.43	6.22
950.724	9.96
951.019	5.75
951.314	14.64
951.609	-20.47
951.903	13.24
952.198	6.22
952.492	0.13
952.787	-11.81
953.081	-3.38
953.376	35.24
953.67	9.96
953.964	3.41
954.258	-12.04
954.552	2.47
954.846	13.94
955.14	-3.61
955.434	17.22
955.728	0.13
956.022	6.22
956.316	7.85
956.609	2.7
956.903	13.47
957.197	17.92
957.49	-12.98
957.784	17.22
958.077	-4.55
958.37	2
958.664	-1.04
958.957	-9.23
959.25	-26.55
959.543	-4.32
959.836	-5.25
960.129	0.6
960.422	7.62
960.715	22.6
961.008	-4.55
961.3	9.02
961.593	-16.49
961.886	17.45
962.178	-0.1
962.471	30.32
962.763	-2.21
963.056	-15.32
963.348	9.73
963.64	11.83
963.933	12.77
964.225	2
964.517	-11.57
964.809	29.85
965.101	13.47
965.393	-23.74
965.685	-0.34
965.977	-3.38
966.268	12.07
966.56	-3.15
966.852	7.62
967.143	29.62
967.435	13.47
967.726	2.47
968.018	-0.1
968.309	-7.83
968.6	20.96
968.891	-1.74
969.183	0.36
969.474	-3.85
969.765	14.88
970.056	-6.42
970.347	11.36
970.638	-10.87
970.928	4.58
971.219	-24.45
971.51	4.58
971.8	22.6
972.091	23.54
972.382	0.36
972.672	-8.53
972.962	-1.04
973.253	20.02
973.543	3.64
973.833	0.36
974.123	-3.85
974.413	-5.96
974.704	-19.06
974.994	16.75
975.283	18.15
975.573	18.62
975.863	17.22
976.153	-19.3
976.443	-7.83
976.732	-27.25
977.022	16.98
977.311	6.45
977.601	5.98
977.89	-2.44
978.179	19.79
978.469	-15.08
978.758	-9.7
979.047	-5.25
979.336	9.02
979.625	-3.85
979.914	-11.81
980.203	-34.74
980.492	-25.15
980.781	8.56
981.069	8.56
981.358	12.3
981.647	129.56
981.935	-3.85
982.224	42.96
982.512	12.77
982.8	-0.34
983.089	19.09
983.377	0.36
983.665	-14.85
983.953	-0.34
984.241	-15.79
984.529	5.75
984.817	-10.17
985.105	12.53
985.393	-0.57
985.681	12.53
985.969	-1.74
986.256	-19.3
986.544	-16.96
986.831	-15.55
987.119	14.17
987.406	-35.91
987.694	-11.81
987.981	-11.34
988.268	-20.23
988.555	-19.76
988.842	13.94
989.129	-1.04
989.416	11.83
989.703	-11.81
989.99	30.32
990.277	15.58
990.564	51.62
990.85	-3.61
991.137	-21.87
991.424	-11.1
991.71	16.05
991.997	-5.72
992.283	-2.21
992.569	-13.91
992.856	38.51
993.142	-5.02
993.428	-3.38
993.714	2.24
994	5.98
994.286	-19.06
994.572	31.96
994.858	-1.27
995.144	-8.53
995.429	0.83
995.715	-34.98
996.001	26.58
996.286	27.28
996.572	-1.51
996.857	-6.19
997.142	-16.72
997.428	7.15
997.713	-1.04
997.998	-23.51
998.283	25.64
998.568	3.64
998.853	17.22
999.138	-20.47
999.423	24.24
999.708	7.85
999.993	6.45
1000.277	12.07
1000.562	-3.38
1000.847	25.41
1001.131	-20.7
1001.415	10.9
1001.7	0.13
1001.984	-9.93
1002.268	9.49
1002.553	9.73
1002.837	-3.15
1003.121	6.45
1003.405	9.26
1003.689	-8.06
1003.973	-6.42
1004.257	-11.57
1004.54	4.58
1004.824	-0.81
1005.108	-9.47
1005.391	-5.96
1005.675	-23.28
1005.958	-15.55
1006.242	11.83
1006.525	1.77
1006.808	7.85
1007.092	-2.44
1007.375	15.34
1007.658	13.71
1007.941	7.62
1008.224	7.62
1008.507	-1.27
1008.79	-18.59
1009.073	-17.66
1009.355	19.79
1009.638	7.85
1009.921	12.07
1010.203	16.75
1010.486	-21.87
1010.768	-3.38
1011.05	-14.62
1011.333	9.26
1011.615	-27.25
1011.897	9.96
1012.179	-9.7
1012.461	3.41
1012.743	-21.64
1013.025	2
1013.307	-5.96
1013.589	-7.83
1013.871	-11.1
1014.152	1.3
1014.434	28.68
1014.716	-4.55
1014.997	5.98
1015.279	15.58
1015.56	30.09
1015.841	2.94
1016.123	-24.21
1016.404	21.19
1016.685	-5.72
1016.966	-12.98
1017.247	13.47
1017.528	20.49
1017.809	-6.19
1018.09	14.17
1018.371	-11.1
1018.651	-4.32
1018.932	15.11
1019.212	9.73
1019.493	-11.1
1019.773	4.34
1020.054	3.64
1020.334	6.45
1020.614	1.77
1020.895	1.77
1021.175	1.77
