340.19	-0.95
340.564	-0.95
340.939	-0.95
341.313	-8.2
341.687	-11.72
342.061	21.75
342.436	11.46
342.81	10.29
343.184	4.2
343.558	-6.57
343.932	-1.42
344.306	10.52
344.68	13.09
345.054	-20.38
345.428	-21.31
345.802	-2.35
346.176	-3.06
346.55	6.54
346.924	37.44
347.298	20.35
347.672	36.27
348.046	-10.55
348.419	22.69
348.793	7.94
349.167	28.07
349.54	24.8
349.914	21.05
350.288	19.88
350.661	36.97
351.035	9.58
351.408	14.03
351.782	10.75
352.155	42.82
352.528	17.78
352.902	20.35
353.275	55.69
353.648	30.88
354.022	25.26
354.395	3.5
354.768	26.67
355.141	24.33
355.515	-3.76
355.888	-1.18
356.261	-1.42
356.634	5.14
357.007	3.73
357.38	16.6
357.753	10.75
358.126	3.73
358.499	25.5
358.872	7.71
359.245	17.31
359.617	11.46
359.99	33.22
360.363	1.16
360.736	19.41
361.108	5.37
361.481	30.18
361.854	8.65
362.226	15.2
362.599	30.18
362.971	24.09
363.344	-17.57
363.716	19.88
364.089	23.63
364.461	1.63
364.834	15.67
365.206	20.58
365.578	-0.72
365.951	3.03
366.323	-9.84
366.695	-8.44
367.067	43.05
367.439	11.69
367.812	14.03
368.184	21.99
368.556	12.16
368.928	18.71
369.3	6.54
369.672	13.33
370.044	8.41
370.416	10.99
370.788	10.99
371.159	0.46
371.531	26.44
371.903	20.12
372.275	34.86
372.646	6.54
373.018	17.31
373.39	-9.84
373.761	-8.44
374.133	-7.03
374.505	-14.06
374.876	2.56
375.248	-5.63
375.619	57.1
375.991	-7.5
376.362	22.69
376.733	18.24
377.105	4.9
377.476	21.29
377.847	8.41
378.219	-10.08
378.59	45.39
378.961	14.26
379.332	-9.84
379.703	-5.86
380.074	17.78
380.445	15.43
380.816	18.24
381.187	15.67
381.558	18.48
381.929	11.92
382.3	30.18
382.671	12.16
383.042	-0.25
383.413	46.1
383.784	35.1
384.154	28.54
384.525	-10.78
384.896	67.86
385.266	13.8
385.637	34.63
386.008	-3.06
386.378	6.77
386.749	12.63
387.119	28.31
387.49	44.22
387.86	36.03
388.23	15.43
388.601	36.73
388.971	26.9
389.341	20.12
389.712	-15.23
390.082	-6.33
390.452	-10.08
390.822	-9.61
391.192	10.52
391.562	20.12
391.933	21.75
392.303	17.54
392.673	7.24
393.043	23.16
393.412	22.69
393.782	29.01
394.152	32.75
394.522	23.39
394.892	-6.57
395.262	-14.76
395.631	16.6
396.001	47.73
396.371	34.16
396.74	16.84
397.11	-7.27
397.48	21.05
397.849	33.22
398.219	-17.8
398.588	25.26
398.958	24.56
399.327	36.5
399.696	13.8
400.066	13.33
400.435	1.86
400.804	0.46
401.174	11.46
401.543	37.44
401.912	41.88
402.281	20.12
402.65	20.12
403.019	28.54
403.389	26.2
403.758	24.8
404.127	12.16
404.496	46.8
404.864	13.8
405.233	15.67
405.602	21.99
405.971	25.26
406.34	13.8
406.709	13.09
407.077	15.43
407.446	11.46
407.815	29.01
408.183	32.52
408.552	20.12
408.92	26.67
409.289	16.14
409.657	51.95
410.026	27.61
410.394	40.24
410.763	46.8
411.131	12.39
411.499	39.78
411.868	11.69
412.236	-6.8
412.604	-3.29
412.972	39.31
413.341	49.37
413.709	14.73
414.077	7.71
414.445	21.29
414.813	24.8
415.181	19.65
415.549	32.75
415.917	37.44
416.285	33.69
416.653	24.33
417.02	20.58
417.388	40.71
417.756	48.67
418.124	11.46
418.491	26.9
418.859	34.63
419.227	22.22
419.594	56.16
419.962	28.78
420.329	46.8
420.697	48.2
421.064	28.78
421.432	21.52
421.799	37.2
422.167	66.46
422.534	55.22
422.901	29.71
423.269	65.99
423.636	29.24
424.003	15.43
424.37	1.39
424.737	44.46
425.104	29.95
425.471	56.86
425.838	68.33
426.205	68.8
426.572	90.1
426.939	80.27
427.306	62.95
427.673	110.46
428.04	79.1
428.407	99.23
428.773	98.52
429.14	99.23
429.507	95.25
429.874	123.8
430.24	110.23
430.607	138.08
430.973	130.82
431.34	57.33
431.706	114.21
432.073	145.57
432.439	119.82
432.806	133.4
433.172	122.63
433.538	155.4
433.904	156.1
434.271	161.95
434.637	202.91
435.003	158.21
435.369	184.89
435.735	186.53
436.101	176.7
436.467	182.08
436.834	181.14
437.199	194.49
437.565	192.14
437.931	108.82
438.297	222.1
438.663	251.83
439.029	236.85
439.395	262.36
439.76	241.53
440.126	269.85
440.492	252.76
440.857	265.64
441.223	237.55
441.588	277.81
441.954	298.87
442.32	319.24
442.685	294.19
443.05	334.45
443.416	342.17
443.781	326.26
444.146	346.62
444.512	353.17
444.877	366.75
445.242	366.98
445.607	378.69
445.973	383.13
446.338	428.77
446.703	379.15
447.068	457.56
447.433	422.69
447.798	478.63
448.163	462.24
448.528	495.48
448.892	476.05
449.257	509.76
449.622	524.97
449.987	542.76
450.352	572.48
450.716	579.5
451.081	591.21
451.446	597.29
451.81	624.44
452.175	669.61
452.539	656.98
452.904	664.93
453.268	649.25
453.633	679.68
453.997	666.81
454.361	662.12
454.726	678.27
455.09	723.68
455.454	688.57
455.818	660.95
456.183	689.74
456.547	677.81
456.911	664.23
457.275	658.15
457.639	649.95
458.003	626.31
458.367	648.32
458.731	632.63
459.095	591.44
459.459	623.04
459.822	594.25
460.186	579.74
460.55	553.52
460.914	546.97
461.277	553.76
461.641	530.12
462.005	526.37
462.368	537.14
462.732	468.09
463.095	495.01
463.459	452.88
463.822	500.86
464.185	467.86
464.549	460.37
464.912	476.75
465.275	477.92
465.639	442.58
466.002	447.26
466.365	488.46
466.728	458.97
467.091	465.99
467.454	449.6
467.818	446.56
468.181	465.52
468.543	464.82
468.906	450.07
469.269	407.94
469.632	441.65
469.995	421.52
470.358	409.35
470.721	422.69
471.083	410.52
471.446	408.41
471.809	424.09
472.171	420.11
472.534	434.86
472.896	379.39
473.259	381.73
473.621	400.22
473.984	343.11
474.346	344.51
474.709	376.35
475.071	369.09
475.433	340.3
475.795	345.68
476.158	354.81
476.52	349.19
476.882	377.98
477.244	353.41
477.606	327.19
477.968	357.85
478.33	308.94
478.692	363
479.054	315.96
479.416	303.55
479.778	335.62
480.14	362.3
480.502	320.64
480.863	333.05
481.225	337.49
481.587	325.09
481.948	284.36
482.31	347.09
482.671	416.13
483.033	336.09
483.395	333.28
483.756	350.6
484.117	335.39
484.479	333.98
484.84	341
485.201	373.3
485.563	400.45
485.924	362.54
486.285	392.96
486.646	363.94
487.008	380.79
487.369	376.58
487.73	412.16
488.091	412.86
488.452	397.18
488.813	414.5
489.174	430.18
489.534	435.56
489.895	462.01
490.256	443.99
490.617	494.78
490.978	466.46
491.338	481.67
491.699	500.86
492.06	495.95
492.42	527.31
492.781	507.88
493.141	511.63
493.502	531.05
493.862	588.4
494.223	564.76
494.583	574.82
494.943	564.52
495.304	595.89
495.664	608.99
496.024	660.95
496.384	643.63
496.744	688.57
497.105	700.28
497.465	709.87
497.825	743.81
498.185	720.64
498.545	777.51
498.905	786.88
499.264	778.68
499.624	825.96
499.984	844.92
500.344	893.14
500.704	890.79
501.063	895.01
501.423	902.5
501.783	955.16
502.142	960.31
502.502	992.37
502.861	1018.12
503.221	1060.48
503.58	1089.27
503.94	1124.38
504.299	1107.76
504.658	1169.79
505.018	1170.72
505.377	1182.89
505.736	1211.21
506.095	1203.26
506.455	1284
506.814	1254.28
507.173	1311.86
507.532	1322.86
507.891	1326.37
508.25	1344.62
508.609	1371.54
508.968	1417.18
509.326	1452.99
509.685	1462.82
510.044	1498.87
510.403	1511.97
510.761	1557.15
511.12	1547.32
511.479	1595.76
511.837	1596.7
512.196	1595.76
512.554	1594.59
512.913	1654.75
513.271	1631.81
513.63	1657.32
513.988	1662.94
514.346	1723.56
514.705	1688.68
515.063	1731.98
515.421	1772.47
515.779	1769.67
516.138	1784.88
516.496	1838.01
516.854	1827.48
517.212	1851.82
517.57	1843.86
517.928	1868.44
518.286	1860.24
518.643	1912.91
519.001	1919.69
519.359	1906.59
519.717	1934.21
520.075	1941.93
520.432	1946.14
520.79	1941.46
521.148	1962.29
521.505	2002.08
521.863	1938.89
522.22	1980.31
522.578	1988.97
522.935	2018.7
523.292	2019.17
523.65	2045.62
524.007	2008.87
524.364	2056.15
524.722	2053.1
525.079	2088.92
525.436	2069.72
525.793	2089.62
526.15	2110.45
526.507	2105.06
526.864	2173.88
527.221	2141.58
527.578	2130.81
527.935	2168.96
528.292	2201.26
528.649	2168.73
529.005	2235.43
529.362	2224.43
529.719	2222.79
530.076	2196.58
530.432	2294.65
530.789	2297.22
531.145	2266.33
531.502	2283.41
531.858	2314.31
532.215	2345.2
532.571	2344.5
532.928	2361.12
533.284	2355.27
533.64	2390.14
533.996	2411.44
534.353	2511.15
534.709	2451
535.065	2445.61
535.421	2466.68
535.777	2461.53
536.133	2508.57
536.489	2525.43
536.845	2550
537.201	2562.17
537.557	2582.3
537.912	2593.77
538.268	2633.79
538.624	2621.86
538.98	2642.92
539.335	2706.35
539.691	2692.07
540.047	2698.86
540.402	2785.46
540.758	2743.09
541.113	2937.13
541.469	2817.76
541.824	2811.44
542.179	2841.87
542.535	2875.1
542.89	2906.23
543.245	2951.64
543.6	2960.06
543.955	2994.47
544.311	2973.4
544.666	3035.66
545.021	3072.64
545.376	3086.92
545.731	3142.16
546.086	3175.39
546.44	3160.41
546.795	3185.46
547.15	3255.67
547.505	3273.93
547.86	3271.35
548.214	3368.49
548.569	3330.34
548.924	3379.95
549.278	3448.3
549.633	3445.49
549.987	3494.41
550.342	3585.22
550.696	3564.62
551.05	3612.6
551.405	3663.63
551.759	3727.29
552.113	3758.42
552.468	3761.7
552.822	3737.35
553.176	3893.23
553.53	3901.19
553.884	3925.07
554.238	3972.11
554.592	3989.9
554.946	4040.22
555.3	4083.05
555.654	4120.73
556.008	4194.93
556.361	4185.1
556.715	4268.66
557.069	4331.15
557.423	4387.56
557.776	4410.73
558.13	4432.73
558.483	4537.12
558.837	4542.5
559.19	4680.12
559.544	4648.06
559.897	4731.85
560.251	4803
560.604	4816.34
560.957	4881.17
561.31	4931.03
561.664	4978.77
562.017	5027.22
562.37	5138.63
562.723	5172.57
563.076	5231.08
563.429	5287.02
563.782	5352.32
564.135	5383.22
564.488	5406.16
564.841	5512.18
565.193	5605.8
565.546	5666.19
565.899	5772.92
566.252	5816.69
566.604	5870.05
566.957	5989.65
567.309	5973.5
567.662	6042.55
568.014	6149.28
568.367	6272.39
568.719	6302.11
569.072	6420.08
569.424	6544.12
569.776	6600.53
570.129	6666.3
570.481	6743.3
570.833	6825.69
571.185	6888.18
571.537	7043.6
571.889	7082.92
572.241	7225.45
572.593	7237.86
572.945	7404.04
573.297	7487.13
573.649	7555.24
574.001	7707.61
574.352	7776.89
574.704	7897.89
575.056	8013.75
575.407	8198.65
575.759	8295.08
576.111	8385.89
576.462	8477.41
576.814	8575.48
577.165	8724.1
577.516	8882.79
577.868	8999.11
578.219	9195.25
578.57	9260.55
578.922	9375.94
579.273	9598.29
579.624	9648.14
579.975	9818.77
580.326	9982.61
580.677	10105.95
581.028	10266.51
581.379	10432.46
581.73	10555.33
582.081	10653.87
582.432	10806.01
582.783	11003.55
583.133	11212.09
583.484	11411.5
583.835	11524.08
584.185	11698.22
584.536	11838.65
584.886	12049.53
585.237	12196.28
585.587	12472.94
585.938	12581.07
586.288	12729.69
586.639	12915.53
586.989	13023.2
587.339	13354.38
587.689	13481.24
588.04	13719.97
588.39	13924.3
588.74	14169.82
589.09	14288.72
589.44	14538.46
589.79	14675.85
590.14	14930.26
590.49	15164.08
590.84	15460.86
591.189	15614.4
591.539	15774.26
591.889	16105.92
592.239	16333.18
592.588	16545.23
592.938	16711.18
593.287	17097.37
593.637	17330.02
593.987	17571.09
594.336	17743.59
594.685	18099.82
595.035	18341.36
595.384	18621.76
595.733	18923.22
596.083	19220.7
596.432	19399.75
596.781	19785
597.13	20122.51
597.479	20310.69
597.828	20708.34
598.177	20998.34
598.526	21321.57
598.875	21633.09
599.224	21951.4
599.573	22298.74
599.922	22696.63
600.27	23050.28
600.619	23241.04
600.968	23749.87
601.316	23926.82
601.665	24368.71
602.013	24863.26
602.362	24999.72
602.71	25525.17
603.059	25716.39
603.407	26242.31
603.756	26521.07
604.104	26964.13
604.452	27302.8
604.8	27626.03
605.148	28032.12
605.497	28452.94
605.845	28801.68
606.193	29344.22
606.541	29737.9
606.889	29948.31
607.237	30412.91
607.584	30857.61
607.932	31243.56
608.28	31744.2
608.628	32107.22
608.976	32503.94
609.323	32954.96
609.671	33241.45
610.018	33638.4
610.366	34213.94
610.713	34501.36
611.061	35012.76
611.408	35489.06
611.756	35864.48
612.103	36306.61
612.45	36597.31
612.798	37091.86
613.145	37579.16
613.492	38096.18
613.839	38544.4
614.186	38974.35
614.533	39324.73
614.88	39721.22
615.227	40141.58
615.574	40740.99
615.921	41058.13
616.268	41524.6
616.615	41841.04
616.961	42412.37
617.308	42960.99
617.655	43068.18
618.001	43586.38
618.348	44178.07
618.695	44333.48
619.041	44819.37
619.387	45494.85
619.734	45908.66
620.08	46157.46
620.427	46503.86
620.773	46887.7
621.119	47237.61
621.465	47640.19
621.811	48128.89
622.158	48385.41
622.504	48991.14
622.85	49160.6
623.196	49588.92
623.542	49836.55
623.888	50259.48
624.233	50675.39
624.579	50827.29
624.925	51219.33
625.271	51568.54
625.616	51814.53
625.962	52046.01
626.308	52537.06
626.653	52707.45
626.999	53113.3
627.344	53125.7
627.69	53269.41
628.035	53686.02
628.38	54054.19
628.726	54090.7
629.071	54249.16
629.416	54399.89
629.761	54647.75
630.107	54671.62
630.452	54899.12
630.797	55141.6
631.142	55203.39
631.487	55378.23
631.832	55555.88
632.176	55607.14
632.521	55580.22
632.866	55773.55
633.211	55849.85
633.556	56051.6
633.9	56104.73
634.245	55964.77
634.589	56109.88
634.934	56206.55
635.278	56130.95
635.623	56088.12
635.967	56114.8
636.312	56372.26
636.656	56111.05
637	56175.65
637.345	56103.8
637.689	56212.87
638.033	56174.01
638.377	55888.47
638.721	56036.86
639.065	55988.41
639.409	55855.94
639.753	55964.77
640.097	55603.63
640.441	55544.41
640.785	55379.87
641.128	55421.3
641.472	55218.84
641.816	54782.8
642.159	54978.47
642.503	54632.07
642.847	54490.94
643.19	54420.72
643.534	54233.24
643.877	53953.31
644.22	53887.78
644.564	53749.69
644.907	53246.94
645.25	53238.28
645.593	52944.78
645.937	52486.73
646.28	52275.38
646.623	52159.29
646.966	51943.03
647.309	51648.82
647.652	51242.51
647.995	51115.41
648.337	50883.94
648.68	50338.36
649.023	50123.5
649.366	49879.14
649.708	49458.08
650.051	49213.03
650.394	48584.36
650.736	48285
651.079	47931.35
651.421	47343.88
651.764	46928.66
652.106	46849.32
652.448	46467.81
652.791	45964.36
653.133	45545.64
653.475	45208.84
653.817	44830.84
654.159	44481.63
654.501	44010.95
654.843	43578.89
655.185	43114.76
655.527	42823.83
655.869	42483.28
656.211	42001.37
656.553	41438.47
656.895	41283.29
657.236	40699.56
657.578	40268.44
657.92	39879.67
658.261	39538.89
658.603	38961.95
658.944	38560.55
659.286	38129.65
659.627	37860.26
659.969	37353.77
660.31	36825.74
660.651	36543.01
660.993	36059.92
661.334	35644.94
661.675	35337.86
662.016	34869.29
662.357	34423.65
662.698	33976.14
663.039	33517.63
663.38	33129.57
663.721	32817.57
664.062	32479.13
664.402	31928.64
664.743	31667.9
665.084	31263.46
665.425	30730.75
665.765	30477.27
666.106	30090.62
666.446	29662.06
666.787	29396.65
667.127	28888.99
667.468	28480.09
667.808	28299.17
668.148	27827.08
668.489	27406.26
668.829	27049.79
669.169	26787.18
669.509	26449.21
669.849	26207.2
670.189	25854.01
670.529	25474.61
670.869	25053.08
671.209	24836.11
671.549	24507.27
671.889	24062.1
672.229	23848.17
672.568	23593.06
672.908	23120.03
673.248	22812.02
673.587	22567.9
673.927	22407.81
674.266	22188.97
674.606	21709.16
674.945	21495.47
675.285	21152.34
675.624	20927.18
675.963	20666.92
676.302	20330.11
676.642	20157.62
676.981	19865.52
677.32	19489.86
677.659	19229.83
677.998	19085.18
678.337	18760.55
678.676	18431
679.015	18310.47
679.354	18055.82
679.692	17836.98
680.031	17574.6
680.37	17430.42
680.708	17154.94
681.047	16872.91
681.386	16687.54
681.724	16423.53
682.063	16302.29
682.401	16035.93
682.739	15858.99
683.078	15657
683.416	15465.08
683.754	15249.75
684.093	15077.72
684.431	14862.62
684.769	14691.53
685.107	14524.88
685.445	14414.64
685.783	14060.29
686.121	13983.75
686.459	13861.58
686.797	13588.67
687.134	13422.73
687.472	13310.61
687.81	13055.96
688.148	12911.32
688.485	12790.31
688.823	12559.77
689.16	12511.55
689.498	12344.21
689.835	12163.52
690.173	12042.28
690.51	11882.42
690.847	11728.88
691.185	11595.7
691.522	11513.55
691.859	11343.16
692.196	11116.13
692.533	10962.59
692.87	10875.75
693.207	10740.47
693.544	10601.44
693.881	10459.61
694.218	10294.37
694.555	10251.53
694.891	10142.23
695.228	9950.07
695.565	9813.62
695.901	9814.56
696.238	9627.31
696.574	9547.27
696.911	9361.9
697.247	9184.25
697.584	9110.05
697.92	9106.31
698.256	9015.96
698.593	8783.78
698.929	8781.68
699.265	8623.46
699.601	8527.96
699.937	8486.54
700.273	8417.49
700.609	8293.44
700.945	8113.92
701.281	8028.96
701.617	7936.28
701.953	7851.78
702.288	7822.76
702.624	7675.54
702.96	7522.94
703.295	7504.91
703.631	7403.57
703.966	7365.65
704.302	7244.41
704.637	7120.13
704.973	7106.32
705.308	7020.42
705.643	6916.74
705.979	6883.03
706.314	6744.71
706.649	6657.17
706.984	6623.94
707.319	6530.78
707.654	6402.52
707.989	6368.58
708.324	6311.24
708.659	6273.32
708.994	6160.75
709.329	6123.06
709.663	5987.31
709.998	5913.82
710.333	5903.99
710.667	5851.79
711.002	5692.17
711.336	5727.51
711.671	5658.7
712.005	5583.1
712.34	5465.14
712.674	5474.03
713.008	5424.65
713.342	5306.22
713.677	5292.87
714.011	5178.66
714.345	5113.12
714.679	5043.61
715.013	5026.29
715.347	5012.48
715.681	4920.73
716.014	4784.04
716.348	4836.94
716.682	4765.08
717.016	4657.18
717.349	4651.33
717.683	4615.06
718.017	4537.82
718.35	4494.28
718.684	4443.49
719.017	4405.58
719.35	4369.53
719.684	4297.91
720.017	4239.17
720.35	4235.89
720.684	4140.63
721.017	4118.63
721.35	4083.75
721.683	3964.85
722.016	3983.81
722.349	3926.47
722.682	3944.02
723.015	3886.21
723.347	3800.08
723.68	3727.29
724.013	3733.61
724.346	3675.1
724.678	3671.59
725.011	3657.54
725.343	3581.24
725.676	3502.83
726.008	3460.23
726.341	3437.3
726.673	3373.64
727.005	3353.51
727.338	3344.38
727.67	3324.48
728.002	3259.89
728.334	3222.2
728.666	3226.18
728.998	3161.82
729.33	3127.88
729.662	3062.81
729.994	3051.11
730.326	3021.15
730.658	3031.21
730.989	2933.85
731.321	2925.66
731.653	2847.72
731.984	2820.57
732.316	2826.18
732.647	2768.61
732.979	2782.65
733.31	2717.35
733.642	2699.79
733.973	2668.67
734.304	2572.7
734.636	2571.53
734.967	2578.56
735.298	2503.42
735.629	2486.81
735.96	2542.74
736.291	2491.49
736.622	2422.68
736.953	2367.44
737.284	2352.46
737.614	2315.48
737.945	2342.4
738.276	2296.29
738.606	2231.69
738.937	2237.54
739.268	2213.9
739.598	2227.01
739.929	2189.09
740.259	2128.47
740.589	2126.6
740.92	2073.47
741.25	2055.21
741.58	2049.83
741.91	1993.89
742.24	1976.57
742.571	1985
742.901	1913.14
743.231	1916.18
743.561	1895.59
743.89	1892.54
744.22	1876.39
744.55	1839.41
744.88	1815.07
745.209	1788.16
745.539	1719.34
745.869	1737.37
746.198	1747.2
746.528	1698.28
746.857	1668.09
747.187	1690.79
747.516	1682.36
747.845	1636.72
748.175	1605.13
748.504	1610.28
748.833	1572.12
749.162	1540.76
749.491	1552.93
749.82	1543.34
750.149	1503.08
750.478	1507.29
750.807	1478.97
751.136	1429.82
751.465	1425.14
751.793	1426.78
752.122	1421.86
752.451	1376.22
752.779	1401.27
753.108	1377.16
753.436	1311.16
753.765	1310.92
754.093	1320.28
754.421	1295.71
754.75	1243.51
755.078	1302.26
755.406	1259.9
755.734	1244.92
756.062	1198.58
756.391	1164.4
756.719	1183.6
757.046	1154.11
757.374	1166.51
757.702	1127.89
758.03	1140.76
758.358	1146.62
758.686	1104.72
759.013	1093.49
759.341	1097.93
759.668	1085.06
759.996	1111.98
760.323	1019.99
760.651	1051.12
760.978	1042.23
761.306	982.78
761.633	980.2
761.96	1002.44
762.287	957.73
762.614	989.1
762.941	940.41
763.268	934.33
763.595	957.03
763.922	888.69
764.249	908.82
764.576	892.43
764.903	904.14
765.23	884.94
765.556	887.52
765.883	875.11
766.21	851.01
766.536	837.2
766.863	813.32
767.189	831.81
767.516	787.81
767.842	811.92
768.168	796.94
768.494	822.69
768.821	746.85
769.147	769.09
769.473	748.02
769.799	738.89
770.125	700.28
770.451	713.62
770.777	696.06
771.103	702.15
771.429	736.09
771.754	684.59
772.08	702.38
772.406	687.87
772.731	658.38
773.057	675.93
773.382	677.34
773.708	626.31
774.033	679.91
774.359	614.14
774.684	625.14
775.009	622.8
775.334	608.29
775.66	559.61
775.985	610.63
776.31	572.72
776.635	588.87
776.96	611.33
777.285	570.84
777.61	556.57
777.934	562.18
778.259	542.06
778.584	552.35
778.909	568.04
779.233	550.72
779.558	543.69
779.882	523.1
780.207	531.99
780.531	507.65
780.856	516.78
781.18	502.73
781.504	481.9
781.828	463.88
782.153	494.07
782.477	474.41
782.801	467.63
783.125	487.29
783.449	500.39
783.773	474.18
784.097	463.18
784.42	488.92
784.744	473.71
785.068	452.88
785.392	441.41
785.715	437.9
786.039	392.49
786.362	461.77
786.686	404.9
787.009	427.13
787.333	388.98
787.656	442.82
787.979	408.88
788.303	448.67
788.626	418.71
788.949	403.5
789.272	434.16
789.595	422.45
789.918	411.45
790.241	392.49
790.564	402.79
790.887	388.98
791.209	400.45
791.532	374.47
791.855	387.81
792.178	373.77
792.5	362.54
792.823	384.77
793.145	346.15
793.468	367.45
793.79	366.98
794.112	341.94
794.435	380.56
794.757	345.45
795.079	329.53
795.401	346.85
795.723	337.26
796.045	308.24
796.367	329.77
796.689	300.51
797.011	326.96
797.333	306.36
797.655	283.89
797.976	326.26
798.298	309.64
798.62	317.83
798.941	325.32
799.263	304.02
799.584	296.3
799.906	277.11
800.227	274.77
800.548	260.49
800.87	292.32
801.191	300.04
801.512	258.85
801.833	302.38
802.154	294.89
802.475	238.25
802.796	275.94
803.117	285.3
803.438	255.11
803.759	240.59
804.08	248.79
804.4	243.17
804.721	198.46
805.042	233.57
805.362	246.68
805.683	242.7
806.003	264
806.323	243.87
806.644	223.04
806.964	229.59
807.284	211.34
807.605	217.66
807.925	197.53
808.245	221.4
808.565	224.91
808.885	248.79
809.205	224.68
809.525	207.36
809.845	231.23
810.164	194.95
810.484	191.44
810.804	227.72
811.124	171.31
811.443	157.74
811.763	214.15
812.082	163.36
812.402	176.46
812.721	189.1
813.04	171.78
813.36	204.08
813.679	157.04
813.998	189.8
814.317	161.48
814.636	169.44
814.955	141.59
815.274	168.97
815.593	164.53
815.912	195.19
816.231	151.89
816.55	151.89
816.868	189.1
817.187	153.29
817.506	159.38
817.824	136.67
818.143	172.48
818.461	149.08
818.78	112.8
819.098	112.8
819.416	167.8
819.735	139.48
820.053	153.29
820.371	152.82
820.689	110.46
821.007	150.72
821.325	125.21
821.643	89.63
821.961	135.5
822.279	114.91
822.597	113.97
822.914	115.38
823.232	127.55
823.55	120.29
823.867	107.65
824.185	117.95
824.502	134.1
824.82	107.89
825.137	122.63
825.454	117.48
825.772	98.76
826.089	127.08
826.406	122.87
826.723	137.38
827.04	119.12
827.357	120.99
827.674	117.95
827.991	103.2
828.308	93.14
828.625	120.99
828.942	134.8
829.258	79.57
829.575	80.74
829.892	82.61
830.208	105.08
830.525	68.56
830.841	85.65
831.158	96.42
831.474	108.82
831.79	88.93
832.106	104.37
832.423	96.89
832.739	65.52
833.055	119.82
833.371	87.76
833.687	93.84
834.003	69.73
834.319	81.91
834.635	106.72
834.95	69.27
835.266	80.5
835.582	71.84
835.897	94.08
836.213	76.52
836.528	72.31
836.844	78.16
837.159	71.61
837.475	94.31
837.79	59.44
838.105	74.42
838.42	57.56
838.735	47.03
839.051	110.46
839.366	93.61
839.681	81.44
839.996	70.2
840.31	45.16
840.625	62.48
840.94	86.12
841.255	37.67
841.569	60.37
841.884	72.31
842.199	54.76
842.513	58.5
842.828	68.1
843.142	47.03
843.456	55.93
843.771	76.52
844.085	54.76
844.399	87.29
844.713	77.46
845.027	63.18
845.341	54.52
845.655	51.95
845.969	70.44
846.283	39.54
846.597	64.82
846.911	72.78
847.224	47.73
847.538	39.07
847.852	48.67
848.165	49.37
848.479	79.1
848.792	59.44
849.106	63.42
849.419	50.07
849.732	58.97
850.046	60.84
850.359	41.41
850.672	41.88
850.985	37.44
851.298	29.48
851.611	39.07
851.924	33.22
852.237	47.97
852.55	36.27
852.862	74.65
853.175	36.03
853.488	102.97
853.8	13.56
854.113	38.61
854.425	34.86
854.738	50.31
855.05	43.99
855.363	27.61
855.675	49.37
855.987	38.37
856.299	65.52
856.612	37.2
856.924	37.9
857.236	46.1
857.548	41.41
857.859	66.46
858.171	12.86
858.483	39.78
858.795	58.97
859.107	51.95
859.418	22.22
859.73	5.6
860.041	57.8
860.353	33.69
860.664	13.33
860.976	29.01
861.287	31.12
861.598	13.8
861.91	21.29
862.221	15.67
862.532	38.37
862.843	46.8
863.154	18.01
863.465	36.27
863.776	35.33
864.087	24.56
864.397	34.63
864.708	29.95
865.019	34.86
865.329	20.82
865.64	41.41
865.951	11.69
866.261	23.86
866.571	46.8
866.882	22.92
867.192	21.75
867.502	67.86
867.813	36.27
868.123	16.37
868.433	35.33
868.743	43.05
869.053	54.29
869.363	15.9
869.673	34.16
869.982	1.16
870.292	33.46
870.602	27.61
870.912	14.26
871.221	39.54
871.531	13.56
871.84	23.39
872.15	23.16
872.459	39.07
872.768	57.8
873.078	11.92
873.387	-4.23
873.696	14.5
874.005	5.84
874.314	19.65
874.623	27.61
874.932	-2.12
875.241	25.5
875.55	-12.89
875.859	29.95
876.168	-3.06
876.476	18.24
876.785	37.9
877.093	33.92
877.402	19.65
877.71	12.86
878.019	45.63
878.327	38.37
878.636	32.75
878.944	-3.29
879.252	21.75
879.56	29.01
879.868	11.69
880.176	53.82
880.484	39.07
880.792	20.58
881.1	34.16
881.408	-7.03
881.716	32.29
882.023	-0.72
882.331	9.35
882.639	4.43
882.946	15.2
883.254	15.2
883.561	29.48
883.868	16.84
884.176	2.33
884.483	-16.63
884.79	20.35
885.097	9.35
885.404	13.8
885.712	13.33
886.019	10.52
886.325	7.94
886.632	-5.86
886.939	37.2
887.246	16.37
887.553	26.67
887.859	-15.93
888.166	16.37
888.472	23.39
888.779	5.84
889.085	-0.25
889.392	-1.42
889.698	8.88
890.004	23.86
890.311	7.24
890.617	47.03
890.923	18.71
891.229	24.09
891.535	14.26
891.841	18.95
892.147	17.07
892.453	20.82
892.759	38.61
893.064	13.33
893.37	4.9
893.676	18.95
893.981	-2.59
894.287	28.54
894.592	-13.82
894.897	17.54
895.203	40.01
895.508	-1.42
895.813	23.16
896.119	73.71
896.424	10.05
896.729	15.2
897.034	17.54
897.339	16.6
897.644	45.63
897.948	30.18
898.253	15.2
898.558	14.5
898.863	40.01
899.167	24.09
899.472	13.56
899.776	6.77
900.081	4.43
900.385	8.18
900.69	1.16
900.994	-9.84
901.298	11.92
901.602	-3.52
901.906	-2.12
902.21	7.48
902.514	10.05
902.818	-1.18
903.122	15.2
903.426	7.01
903.73	39.07
904.034	2.56
904.337	27.37
904.641	2.8
904.945	5.37
905.248	36.73
905.552	13.56
905.855	10.05
906.158	52.88
906.462	8.65
906.765	12.16
907.068	-9.61
907.371	-14.52
907.674	11.22
907.977	10.99
908.28	14.5
908.583	16.37
908.886	21.52
909.189	12.39
909.491	33.46
909.794	17.07
910.097	8.65
910.399	25.26
910.702	12.86
911.004	9.35
911.307	8.88
911.609	4.67
911.911	4.9
912.213	10.75
912.516	73.48
912.818	10.52
913.12	11.69
913.422	23.86
913.724	-4.46
914.026	4.2
914.327	2.8
914.629	-5.16
914.931	9.82
915.233	20.82
915.534	12.63
915.836	14.5
916.137	-0.25
916.439	14.03
916.74	-5.4
917.041	24.8
917.343	-7.03
917.644	-12.42
917.945	-18.04
918.246	31.35
918.547	0.69
918.848	40.48
919.149	31.58
919.45	-14.52
919.751	22.92
920.052	39.78
920.352	-11.25
920.653	19.18
920.954	11.69
921.254	-0.25
921.555	6.54
921.855	-8.2
922.155	-29.97
922.456	-11.25
922.756	37.2
923.056	28.54
923.356	22.22
923.656	-28.33
923.956	3.73
924.256	18.01
924.556	15.67
924.856	11.46
925.156	13.8
925.456	1.16
925.755	43.05
926.055	17.78
926.355	-30.21
926.654	13.09
926.953	-14.76
927.253	-0.25
927.552	6.77
927.852	35.33
928.151	3.97
928.45	-10.78
928.749	-5.16
929.048	0.92
929.347	2.56
929.646	47.03
929.945	15.67
930.244	6.77
930.543	-11.01
930.841	23.16
931.14	4.43
931.439	34.86
931.737	28.31
932.036	-11.25
932.334	9.12
932.632	-3.52
932.931	31.35
933.229	20.12
933.527	1.16
933.825	40.48
934.123	3.5
934.421	6.77
934.719	-2.12
935.017	10.05
935.315	28.54
935.613	9.82
935.911	24.33
936.208	15.2
936.506	-4.23
936.804	-43.31
937.101	33.69
937.399	14.03
937.696	27.14
937.993	20.58
938.291	13.09
938.588	-7.03
938.885	11.22
939.182	-19.21
939.479	9.35
939.776	-4.46
940.073	-3.52
940.37	25.5
940.667	-17.33
940.964	14.73
941.26	-16.63
941.557	18.01
941.854	8.65
942.15	7.24
942.447	7.48
942.743	14.97
943.039	4.2
943.336	-3.76
943.632	19.18
943.928	15.2
944.224	-32.78
944.52	-13.12
944.816	4.2
945.112	15.9
945.408	17.78
945.704	35.8
946	28.07
946.295	16.37
946.591	-11.25
946.887	-2.59
947.182	-5.16
947.478	0.69
947.773	24.56
948.069	10.99
948.364	14.26
948.659	-15.69
948.954	14.03
949.25	-3.99
949.545	3.73
949.84	12.16
950.135	5.14
950.43	-6.57
950.724	-3.29
951.019	7.71
951.314	5.37
951.609	-9.84
951.903	2.09
952.198	18.24
952.492	4.43
952.787	-3.99
953.081	1.39
953.376	18.71
953.67	18.48
953.964	26.2
954.258	-11.25
954.552	-6.57
954.846	3.26
955.14	2.09
955.434	7.01
955.728	3.5
956.022	20.58
956.316	19.18
956.609	10.52
956.903	8.88
957.197	9.12
957.49	-7.74
957.784	14.73
958.077	17.78
958.37	-12.65
958.664	-10.08
958.957	-3.76
959.25	-13.35
959.543	7.01
959.836	23.63
960.129	32.29
960.422	18.95
960.715	14.5
961.008	1.86
961.3	21.05
961.593	-11.25
961.886	10.75
962.178	-3.99
962.471	14.97
962.763	23.16
963.056	-5.86
963.348	1.39
963.64	7.48
963.933	46.33
964.225	25.03
964.517	-12.42
964.809	43.99
965.101	14.03
965.393	-6.1
965.685	22.92
965.977	-0.72
966.268	6.77
966.56	1.16
966.852	-17.1
967.143	34.86
967.435	-1.18
967.726	10.05
968.018	20.82
968.309	26.44
968.6	27.37
968.891	-9.38
969.183	12.39
969.474	18.95
969.765	0.46
970.056	-9.38
970.347	1.16
970.638	-25.52
970.928	-2.82
971.219	7.48
971.51	18.95
971.8	14.5
972.091	8.18
972.382	-1.89
972.672	-21.78
972.962	2.56
973.253	34.63
973.543	21.05
973.833	-5.63
974.123	-0.48
974.413	0.22
974.704	-0.72
974.994	13.8
975.283	-2.82
975.573	7.01
975.863	19.88
976.153	-9.38
976.443	-6.8
976.732	-20.14
977.022	3.03
977.311	22.46
977.601	-25.29
977.89	-11.01
978.179	16.14
978.469	-3.06
978.758	-17.8
979.047	0.92
979.336	-8.44
979.625	-19.67
979.914	-4.46
980.203	-1.42
980.492	2.09
980.781	36.03
981.069	21.99
981.358	10.99
981.647	129.42
981.935	-13.35
982.224	23.39
982.512	31.35
982.8	8.88
983.089	20.12
983.377	12.63
983.665	27.84
983.953	-1.65
984.241	2.56
984.529	25.5
984.817	-21.31
985.105	0.69
985.393	10.29
985.681	-6.33
985.969	8.65
986.256	29.01
986.544	-11.01
986.831	19.88
987.119	16.6
987.406	-17.8
987.694	0.22
987.981	-4.23
988.268	0.92
988.555	-31.38
988.842	7.24
989.129	0.22
989.416	4.9
989.703	-3.76
989.99	9.12
990.277	3.26
990.564	10.29
990.85	-24.82
991.137	-13.35
991.424	-0.01
991.71	-5.63
991.997	18.01
992.283	-30.44
992.569	-15.46
992.856	8.88
993.142	-23.18
993.428	9.58
993.714	-2.12
994	-5.4
994.286	-10.78
994.572	26.9
994.858	-18.27
995.144	28.54
995.429	-6.33
995.715	-11.25
996.001	30.88
996.286	1.16
996.572	32.05
996.857	-1.18
997.142	-21.78
997.428	21.75
997.713	-1.89
997.998	-41.67
998.283	21.29
998.568	0.92
998.853	3.73
999.138	-18.5
999.423	2.8
999.708	10.05
999.993	5.6
1000.277	29.48
1000.562	13.56
1000.847	5.14
1001.131	-10.78
1001.415	5.6
1001.7	-7.5
1001.984	-11.01
1002.268	1.16
1002.553	26.44
1002.837	-2.82
1003.121	-11.95
1003.405	-20.14
1003.689	15.67
1003.973	7.01
1004.257	-2.59
1004.54	5.37
1004.824	-3.06
1005.108	2.33
1005.391	-7.03
1005.675	-6.33
1005.958	-21.78
1006.242	1.39
1006.525	3.03
1006.808	2.8
1007.092	9.12
1007.375	10.52
1007.658	7.48
1007.941	4.2
1008.224	5.37
1008.507	12.16
1008.79	-3.06
1009.073	8.65
1009.355	-6.1
1009.638	21.29
1009.921	23.86
1010.203	8.65
1010.486	-41.21
1010.768	-0.01
1011.05	7.48
1011.333	19.41
1011.615	-6.57
1011.897	-12.89
1012.179	6.07
1012.461	20.35
1012.743	-0.72
1013.025	-18.27
1013.307	3.73
1013.589	-11.95
1013.871	-6.8
1014.152	13.56
1014.434	28.07
1014.716	-6.33
1014.997	16.6
1015.279	19.65
1015.56	3.03
1015.841	8.18
1016.123	-4.69
1016.404	5.6
1016.685	-5.86
1016.966	8.18
1017.247	2.8
1017.528	-1.65
1017.809	2.09
1018.09	26.44
1018.371	-1.42
1018.651	-4.23
1018.932	9.82
1019.212	9.82
1019.493	-11.95
1019.773	-13.12
1020.054	-1.18
1020.334	-0.01
1020.614	-9.14
1020.895	-9.14
1021.175	-9.14
