340.2	-10.16
340.6	-10.16
340.9	-10.16
341.3	12.31
341.7	22.14
342.1	19.8
342.4	22.38
342.8	13.25
343.2	-8.05
343.6	15.36
343.9	-23.03
344.3	-2.9
344.7	7.16
345.1	10.44
345.4	13.95
345.8	16.76
346.2	10.68
346.6	-99.8
346.9	5.53
347.3	5.99
347.7	4.59
348	18.17
348.4	35.25
348.8	3.42
349.2	-17.41
349.5	-21.39
349.9	37.59
350.3	9.97
350.7	13.48
351	31.04
351.4	19.57
351.8	-0.79
352.2	28.23
352.5	-11.79
352.9	2.25
353.3	26.83
353.6	17.46
354	8.33
354.4	-15.07
354.8	15.36
355.1	-0.33
355.5	-11.33
355.9	7.4
356.3	19.8
356.6	-5.94
357	-19.99
357.4	11.38
357.8	32.44
358.1	-16.01
358.5	-1.26
358.9	1.08
359.2	11.38
359.6	6.93
360	-11.56
360.4	6.23
360.7	-8.99
361.1	3.89
361.5	-1.73
361.9	7.63
362.2	29.87
362.6	-10.39
363	-10.16
363.3	5.76
363.7	-13.2
364.1	-20.69
364.5	14.65
364.8	17.7
365.2	8.8
365.6	-6.41
366	18.87
366.3	8.1
366.7	-11.09
367.1	24.95
367.4	8.33
367.8	-2.9
368.2	-20.22
368.6	14.89
368.9	13.25
369.3	-2.43
369.7	0.61
370	-16.71
370.4	7.4
370.8	-12.5
371.2	31.27
371.5	13.72
371.9	7.87
372.3	-12.73
372.6	-8.52
373	11.61
373.4	5.53
373.8	-2.43
374.1	8.8
374.5	4.36
374.9	7.4
375.2	39.7
375.6	-1.96
376	16.29
376.4	-8.99
376.7	-21.16
377.1	-20.69
377.5	16.76
377.8	6.46
378.2	29.17
378.6	-15.54
379	-22.33
379.3	-5.47
379.7	12.78
380.1	-8.05
380.4	5.53
380.8	5.06
381.2	6.7
381.6	2.72
381.9	-8.75
382.3	4.36
382.7	3.89
383	4.82
383.4	-9.22
383.8	10.91
384.2	-12.5
384.5	25.19
384.9	5.53
385.3	-5.71
385.6	8.33
386	19.34
386.4	13.48
386.7	-5.01
387.1	12.55
387.5	42.27
387.9	3.19
388.2	0.38
388.6	27.76
389	20.04
389.3	17.93
389.7	23.31
390.1	7.63
390.5	27.06
390.8	-11.09
391.2	-24.67
391.6	-5.01
391.9	-9.22
392.3	-3.6
392.7	22.61
393	5.99
393.4	20.51
393.8	7.4
394.2	-1.5
394.5	56.55
394.9	35.25
395.3	19.8
395.6	1.55
396	-16.24
396.4	15.12
396.7	-10.16
397.1	7.4
397.5	20.51
397.8	-12.73
398.2	2.95
398.6	-12.03
399	18.63
399.3	6.7
399.7	13.48
400.1	2.95
400.4	-20.92
400.8	-1.5
401.2	-30.28
401.5	3.19
401.9	14.42
402.3	10.68
402.7	17.7
403	-2.9
403.4	-3.6
403.8	16.53
404.1	28.46
404.5	-2.9
404.9	20.74
405.2	-8.75
405.6	13.48
406	-10.62
406.3	11.38
406.7	4.12
407.1	9.27
407.4	13.72
407.8	28.7
408.2	3.89
408.6	-11.09
408.9	-4.3
409.3	-4.07
409.7	-13.9
410	12.78
410.4	-7.58
410.8	-2.9
411.1	17.7
411.5	31.51
411.9	-5.01
412.2	-12.73
412.6	-17.65
413	0.85
413.3	8.57
413.7	-31.45
414.1	-16.01
414.4	3.19
414.8	7.87
415.2	16.76
415.5	-6.64
415.9	-7.11
416.3	36.66
416.7	4.36
417	-1.03
417.4	3.42
417.8	12.31
418.1	-27.71
418.5	4.12
418.9	7.4
419.2	-5.94
419.6	17.7
420	33.61
420.3	13.02
420.7	-7.58
421.1	13.02
421.4	26.12
421.8	-4.3
422.2	3.65
422.5	6.23
422.9	7.63
423.3	-16.24
423.6	-42.69
424	108.04
424.4	87.21
424.7	25.65
425.1	5.06
425.5	-1.5
425.8	30.57
426.2	16.76
426.6	-6.88
426.9	17.93
427.3	-6.64
427.7	-3.84
428	-14.13
428.4	16.99
428.8	23.08
429.1	2.25
429.5	16.53
429.9	-1.96
430.2	-0.33
430.6	-5.47
431	-8.05
431.3	20.74
431.7	38.53
432.1	0.61
432.4	-15.3
432.8	7.4
433.2	8.57
433.5	12.78
433.9	-8.28
434.3	-19.75
434.6	2.48
435	2.95
435.4	21.91
435.7	34.08
436.1	19.1
436.5	-10.62
436.8	6.93
437.2	0.61
437.6	6.93
437.9	201.2
438.3	31.04
438.7	16.06
439	-0.79
439.4	4.59
439.8	8.1
440.1	7.4
440.5	3.89
440.9	-17.18
441.2	-5.47
441.6	14.89
442	10.44
442.3	28.23
442.7	13.48
443.1	28.23
443.4	-15.3
443.8	-2.67
444.1	9.74
444.5	32.21
444.9	-13.43
445.2	39.46
445.6	35.72
446	15.59
446.3	23.08
446.7	32.68
447.1	23.78
447.4	6.93
447.8	-17.41
448.2	20.51
448.5	12.55
448.9	0.61
449.3	22.14
449.6	15.12
450	-26.31
450.4	1.55
450.7	7.63
451.1	24.25
451.4	4.82
451.8	8.1
452.2	16.29
452.5	-2.67
452.9	17.7
453.3	24.25
453.6	20.27
454	-16.24
454.4	4.82
454.7	42.04
455.1	12.31
455.5	13.48
455.8	6.93
456.2	7.63
456.5	-5.47
456.9	15.12
457.3	8.57
457.6	14.65
458	15.12
458.4	11.38
458.7	-0.09
459.1	-15.54
459.5	9.51
459.8	3.65
460.2	-0.79
460.5	20.04
460.9	4.59
461.3	-16.71
461.6	17.46
462	-7.11
462.4	2.02
462.7	13.48
463.1	-1.03
463.5	13.72
463.8	9.74
464.2	26.12
464.5	-16.01
464.9	30.34
465.3	13.95
465.6	10.91
466	-3.13
466.4	7.87
466.7	30.1
467.1	28
467.5	-3.13
467.8	4.82
468.2	-11.33
468.5	-5.01
468.9	-1.5
469.3	-5.47
469.6	16.76
470	-18.58
470.4	-5.94
470.7	13.72
471.1	-1.73
471.4	19.57
471.8	29.63
472.2	24.95
472.5	28.23
472.9	-19.28
473.3	32.44
473.6	-2.2
474	29.17
474.3	37.59
474.7	26.12
475.1	15.82
475.4	18.63
475.8	-9.45
476.2	16.76
476.5	1.31
476.9	3.89
477.2	53.04
477.6	-3.37
478	12.55
478.3	11.61
478.7	29.4
479.1	8.8
479.4	5.76
479.8	13.25
480.1	22.14
480.5	13.95
480.9	5.29
481.2	45.32
481.6	18.4
481.9	12.78
482.3	37.12
482.7	0.38
483	18.63
483.4	18.87
483.8	-1.5
484.1	4.36
484.5	15.82
484.8	-1.26
485.2	6.7
485.6	20.04
485.9	-15.3
486.3	13.95
486.6	36.42
487	6.93
487.4	19.34
487.7	-11.56
488.1	21.44
488.5	34.78
488.8	20.27
489.2	2.25
489.5	-0.79
489.9	8.1
490.3	-1.5
490.6	-2.67
491	16.53
491.3	11.85
491.7	-8.75
492.1	-2.9
492.4	24.48
492.8	-18.82
493.1	-1.96
493.5	20.51
493.9	51.17
494.2	21.91
494.6	20.51
494.9	22.61
495.3	10.44
495.7	11.61
496	27.06
496.4	22.38
496.7	16.76
497.1	12.55
497.5	-11.09
497.8	30.57
498.2	16.53
498.5	-11.56
498.9	5.76
499.3	-7.58
499.6	-7.35
500	27.29
500.3	21.68
500.7	6.46
501.1	6.46
501.4	14.65
501.8	4.36
502.1	42.51
502.5	-10.62
502.9	23.55
503.2	31.51
503.6	5.99
503.9	-11.56
504.3	33.14
504.7	-20.92
505	6.46
505.4	8.1
505.7	-23.96
506.1	15.36
506.5	-11.33
506.8	0.85
507.2	-27.94
507.5	3.65
507.9	-12.26
508.2	35.49
508.6	48.36
509	5.06
509.3	35.02
509.7	13.02
510	-24.9
510.4	-9.22
510.8	-11.09
511.1	5.99
511.5	-17.41
511.8	21.21
512.2	18.87
512.6	22.61
512.9	37.59
513.3	40.17
513.6	16.29
514	24.72
514.3	9.27
514.7	-10.16
515.1	22.38
515.4	30.57
515.8	0.14
516.1	18.17
516.5	5.29
516.9	14.19
517.2	33.85
517.6	42.27
517.9	11.61
518.3	-2.67
518.6	20.27
519	3.19
519.4	2.95
519.7	30.1
520.1	2.72
520.4	36.19
520.8	19.34
521.1	-5.94
521.5	30.1
521.9	18.17
522.2	44.15
522.6	22.14
522.9	6.23
523.3	31.74
523.6	-1.03
524	4.12
524.4	16.76
524.7	18.63
525.1	1.55
525.4	23.08
525.8	18.17
526.2	8.33
526.5	20.51
526.9	-14.84
527.2	5.99
527.6	9.74
527.9	28.46
528.3	-12.03
528.6	6.23
529	9.97
529.4	-8.05
529.7	-2.2
530.1	7.16
530.4	19.34
530.8	2.02
531.1	4.36
531.5	22.61
531.9	0.14
532.2	11.38
532.6	-7.58
532.9	-4.77
533.3	-5.24
533.6	3.19
534	3.65
534.4	14.65
534.7	8.57
535.1	17.46
535.4	18.17
535.8	-2.9
536.1	23.31
536.5	0.85
536.8	18.87
537.2	14.19
537.6	31.74
537.9	-11.56
538.3	11.14
538.6	-5.01
539	6.93
539.3	5.06
539.7	41.57
540	13.72
540.4	18.87
540.8	20.27
541.1	4.82
541.5	-10.86
541.8	14.65
542.2	24.25
542.5	26.36
542.9	14.42
543.2	13.72
543.6	13.95
544	21.21
544.3	26.12
544.7	-2.67
545	4.82
545.4	46.25
545.7	37.36
546.1	-11.33
546.4	-2.2
546.8	22.61
547.2	6.93
547.5	23.78
547.9	24.48
548.2	5.06
548.6	-7.58
548.9	8.57
549.3	29.87
549.6	26.36
550	18.63
550.3	-5.01
550.7	19.34
551.1	6.93
551.4	15.82
551.8	10.91
552.1	33.38
552.5	7.63
552.8	11.38
553.2	23.08
553.5	32.21
553.9	13.72
554.2	-17.18
554.6	1.31
554.9	32.91
555.3	12.31
555.7	23.08
556	22.61
556.4	2.25
556.7	11.14
557.1	2.48
557.4	-1.5
557.8	42.27
558.1	11.85
558.5	19.34
558.8	34.55
559.2	19.8
559.5	24.48
559.9	5.53
560.3	16.53
560.6	15.36
561	17.7
561.3	8.57
561.7	0.38
562	14.42
562.4	21.44
562.7	29.4
563.1	41.1
563.4	22.14
563.8	28.46
564.1	28.93
564.5	33.61
564.8	31.04
565.2	17.7
565.5	18.63
565.9	43.21
566.3	52.34
566.6	32.68
567	64.51
567.3	39.23
567.7	19.8
568	19.34
568.4	42.04
568.7	48.36
569.1	54.91
569.4	37.83
569.8	67.78
570.1	52.57
570.5	70.13
570.8	67.32
571.2	28
571.5	77.61
571.9	39.7
572.2	49.53
572.6	94.7
572.9	64.74
573.3	73.4
573.6	50
574	90.72
574.4	75.27
574.7	92.36
575.1	111.55
575.4	66.85
575.8	85.81
576.1	99.38
576.5	86.51
576.8	86.74
577.2	106.4
577.5	107.57
577.9	89.32
578.2	99.15
578.6	99.62
578.9	116.7
579.3	128.17
579.6	132.38
580	109.91
580.3	118.57
580.7	156.02
581	163.04
581.4	139.4
581.7	179.43
582.1	179.19
582.4	175.68
582.8	174.51
583.1	193.94
583.5	173.34
583.8	242.86
584.2	228.58
584.5	226.24
584.9	218.28
585.2	237.24
585.6	269.3
585.9	303.94
586.3	261.58
586.6	280.54
587	275.39
587.3	295.05
587.7	313.77
588	312.14
588.4	322.9
588.7	331.33
589.1	416.76
589.4	395.69
589.8	393.82
590.1	399.91
590.5	434.78
590.8	460.06
591.2	451.4
591.5	507.1
591.9	476.91
592.2	523.25
592.6	543.62
592.9	572.4
593.3	570.77
593.6	606.58
594	644.26
594.3	684.52
594.7	696.22
595	703.94
595.4	757.77
595.7	749.35
596.1	813.71
596.4	833.61
596.8	876.91
597.1	878.78
597.5	921.85
597.8	997.68
598.2	1038.64
598.5	1053.62
598.9	1101.83
599.2	1169.94
599.6	1188.67
599.9	1246.01
600.3	1273.16
600.6	1338.93
601	1382.46
601.3	1436.76
601.7	1514.24
602	1530.39
602.4	1608.09
602.7	1670.12
603.1	1777.78
603.4	1841.91
603.8	1892.47
604.1	1925.7
604.5	2034.3
604.8	2130.03
605.1	2205.4
605.5	2310.49
605.8	2394.28
606.2	2525.11
606.5	2605.16
606.9	2682.16
607.2	2811.36
607.6	2822.36
607.9	2985.5
608.3	3093.4
608.6	3232.19
609	3368.41
609.3	3492.69
609.7	3591.23
610	3748.98
610.4	3931.54
610.7	4061.91
611.1	4235.58
611.4	4439.2
611.8	4573.55
612.1	4755.41
612.5	4926.5
612.8	5120.77
613.1	5329.54
613.5	5588.87
613.8	5768.16
614.2	6021.87
614.5	6249.84
614.9	6530.71
615.2	6705.78
615.6	7019.41
615.9	7311.51
616.3	7546.73
616.6	7837.19
617	8204.19
617.3	8470.07
617.7	8835.43
618	9224.43
618.3	9586.28
618.7	9966.61
619	10390.02
619.4	10760.29
619.7	11184.39
620.1	11615.29
620.4	12078.24
620.8	12515.46
621.1	12869.11
621.5	13390.35
621.8	13841.37
622.2	14297.77
622.5	14905.14
622.8	15413.74
623.2	15926.32
623.5	16508.18
623.9	17123.5
624.2	17672.12
624.6	18175.34
624.9	18946.78
625.3	19770.65
625.6	20355.08
626	21024.71
626.3	21889.3
626.7	22649.98
627	23535.63
627.3	24259.8
627.7	24868.1
628	25846.21
628.4	26803.02
628.7	27527.18
629.1	28245.73
629.4	29051.11
629.8	29701.07
630.1	30343.55
630.5	31075.2
630.8	31772.68
631.1	32100.36
631.5	32551.38
631.8	32854.71
632.2	33217.96
632.5	33149.62
632.9	33147.98
633.2	32914.63
633.6	32843.24
633.9	32435.99
634.2	31702
634.6	31110.08
634.9	30274.5
635.3	29452.27
635.6	28295.82
636	27240.94
636.3	26015.2
636.7	24738.67
637	23709.07
637.3	22268.7
637.7	21117.16
638	19770.18
638.4	18485.69
638.7	17320.11
639.1	16164.12
639.4	15202.62
639.8	14216.56
640.1	13171.98
640.4	12447.35
640.8	11631.67
641.1	10854.61
641.5	10096.04
641.8	9433.2
642.2	8907.52
642.5	8291.49
642.8	7772.13
643.2	7289.51
643.5	6795.65
643.9	6321.93
644.2	5961.25
644.6	5623.75
644.9	5265.41
645.3	4921.35
645.6	4607.96
645.9	4351.67
646.3	4097.48
646.6	3861.09
647	3624.46
647.3	3353.43
647.7	3197.31
648	3007.5
648.3	2863.32
648.7	2635.35
649	2519.73
649.4	2350.04
649.7	2214.29
650.1	2102.41
650.4	1983.28
650.7	1853.85
651.1	1743.14
651.4	1678.78
651.8	1525.7
652.1	1455.96
652.4	1405.4
652.8	1296.57
653.1	1227.52
653.5	1154.26
653.8	1121.26
654.2	1056.43
654.5	1020.85
654.8	940.8
655.2	901.95
655.5	838.99
655.9	806.46
656.2	768.07
656.6	734.6
656.9	701.37
657.2	645.66
657.6	614.53
657.9	602.83
658.3	581.3
658.6	536.83
658.9	520.44
659.3	458.42
659.6	439.23
660	455.61
660.3	420.04
660.7	418.4
661	402.25
661.3	378.61
661.7	362.93
662	337.65
662.4	324.31
662.7	313.07
663	280.07
663.4	261.81
663.7	278.67
664.1	255.03
664.4	237.71
664.7	235.37
665.1	236.3
665.4	215.71
665.8	177.32
666.1	160.47
666.4	161.41
666.8	166.09
667.1	143.62
667.5	164.68
667.8	149.7
668.1	156.49
668.5	109.68
668.8	144.32
669.2	115.06
669.5	122.08
669.8	96.81
670.2	100.32
670.5	120.91
670.9	104.06
671.2	92.83
671.5	93.53
671.9	80.66
672.2	97.74
672.6	81.59
672.9	90.25
673.2	90.49
673.6	84.87
673.9	79.25
674.3	70.59
674.6	86.98
674.9	79.49
675.3	73.4
675.6	65.21
676	70.59
676.3	40.4
676.6	58.42
677	65.68
677.3	37.83
677.7	27.76
678	37.59
678.3	62.64
678.7	68.02
679	26.12
679.4	24.48
679.7	57.25
680	22.61
680.4	67.08
680.7	45.08
681	74.81
681.4	27.53
681.7	41.1
682.1	24.02
682.4	26.59
682.7	24.95
683.1	19.34
683.4	14.42
683.8	23.31
684.1	10.21
684.4	29.4
684.8	36.19
685.1	28
685.4	5.99
685.8	17.46
686.1	46.49
686.5	57.25
686.8	10.21
687.1	37.83
687.5	34.08
687.8	67.78
688.1	9.97
688.5	19.1
688.8	22.38
689.2	5.53
689.5	1.78
689.8	28.93
690.2	30.57
690.5	18.4
690.8	4.36
691.2	57.72
691.5	20.27
691.9	0.85
692.2	11.14
692.5	25.65
692.9	-0.33
693.2	3.42
693.5	-0.09
693.9	40.63
694.2	0.61
694.6	31.27
694.9	4.36
695.2	16.76
695.6	37.83
695.9	36.42
696.2	-2.9
696.6	27.06
696.9	22.14
697.2	44.85
697.6	-0.33
697.9	37.36
698.3	32.91
698.6	15.12
698.9	-5.24
699.3	18.63
699.6	-25.84
699.9	22.61
700.3	18.63
700.6	2.72
700.9	7.63
701.3	-7.35
701.6	10.21
702	43.44
702.3	23.31
702.6	29.87
703	3.65
703.3	15.82
703.6	17.93
704	-0.09
704.3	16.53
704.6	20.74
705	6.93
705.3	29.4
705.6	7.87
706	36.89
706.3	7.16
706.6	35.95
707	56.08
707.3	6.46
707.7	-2.2
708	4.36
708.3	9.51
708.7	26.36
709	22.38
709.3	16.29
709.7	-2.43
710	-3.13
710.3	23.78
710.7	-20.22
711	-10.16
711.3	21.68
711.7	5.99
712	12.78
712.3	-25.6
712.7	-22.79
713	19.34
713.3	8.57
713.7	3.65
714	15.36
714.3	-0.56
714.7	11.14
715	16.76
715.3	18.17
715.7	3.89
716	-13.67
716.3	20.51
716.7	13.95
717	10.91
717.3	25.89
717.7	7.16
718	20.04
718.4	-1.73
718.7	30.57
719	16.76
719.4	31.51
719.7	2.95
720	7.16
720.4	23.78
720.7	18.87
721	30.34
721.3	7.16
721.7	9.51
722	26.36
722.3	-1.73
722.7	9.27
723	6.46
723.3	18.87
723.7	1.31
724	16.29
724.3	32.21
724.7	36.42
725	44.61
725.3	20.74
725.7	28.23
726	-0.79
726.3	33.38
726.7	-0.56
727	-1.5
727.3	7.4
727.7	-3.37
728	45.08
728.3	14.89
728.7	10.68
729	4.12
729.3	2.95
729.7	-12.5
730	10.44
730.3	-4.77
730.7	-13.9
731	-1.26
731.3	0.14
731.7	1.78
732	-2.67
732.3	-0.79
732.6	1.55
733	22.61
733.3	-4.54
733.6	1.78
734	6.7
734.3	20.51
734.6	13.95
735	-3.13
735.3	1.55
735.6	21.91
736	35.25
736.3	8.1
736.6	21.91
737	-1.73
737.3	24.02
737.6	4.36
737.9	20.51
738.3	21.68
738.6	13.48
738.9	-13.67
739.3	13.02
739.6	9.04
739.9	35.72
740.3	-19.99
740.6	9.51
740.9	4.82
741.2	7.63
741.6	13.72
741.9	-7.11
742.2	32.68
742.6	15.59
742.9	9.51
743.2	19.34
743.6	9.27
743.9	-11.33
744.2	1.31
744.6	-25.6
744.9	32.91
745.2	10.68
745.5	-0.09
745.9	-4.3
746.2	21.21
746.5	8.1
746.9	-9.45
747.2	14.65
747.5	-17.18
747.8	13.95
748.2	20.51
748.5	13.48
748.8	-9.45
749.2	3.42
749.5	-1.26
749.8	1.55
750.1	0.14
750.5	-11.79
750.8	20.51
751.1	7.63
751.5	-12.5
751.8	8.33
752.1	12.08
752.5	15.82
752.8	28.7
753.1	26.83
753.4	23.31
753.8	14.19
754.1	24.48
754.4	0.38
754.7	-8.28
755.1	7.4
755.4	4.12
755.7	-11.09
756.1	-13.67
756.4	-5.01
756.7	17.7
757	13.95
757.4	5.06
757.7	21.68
758	17.46
758.4	5.76
758.7	-4.3
759	-1.73
759.3	0.14
759.7	4.12
760	11.14
760.3	-12.26
760.7	7.87
761	26.36
761.3	2.02
761.6	4.12
762	2.25
762.3	1.31
762.6	-21.86
762.9	9.97
763.3	0.14
763.6	26.36
763.9	-0.56
764.2	-11.79
764.6	15.59
764.9	13.02
765.2	-0.33
765.6	-0.56
765.9	24.72
766.2	18.17
766.5	-7.35
766.9	-14.37
767.2	-18.58
767.5	46.25
767.8	4.36
768.2	-10.62
768.5	-41.05
768.8	3.89
769.1	5.76
769.5	7.63
769.8	28.46
770.1	3.19
770.5	16.99
770.8	0.61
771.1	3.42
771.4	7.63
771.8	13.95
772.1	1.31
772.4	28.46
772.7	10.68
773.1	-12.26
773.4	17.23
773.7	14.89
774	23.55
774.4	13.72
774.7	19.1
775	6.7
775.3	21.91
775.7	10.44
776	-13.67
776.3	-0.33
776.6	-2.67
777	7.63
777.3	1.08
777.6	-18.58
777.9	12.08
778.3	19.8
778.6	12.55
778.9	31.74
779.2	27.53
779.6	4.82
779.9	5.99
780.2	20.04
780.5	33.61
780.9	13.25
781.2	1.08
781.5	41.8
781.8	17.7
782.2	4.12
782.5	2.02
782.8	5.06
783.1	8.8
783.4	2.48
783.8	17.23
784.1	11.61
784.4	-28.65
784.7	7.63
785.1	-10.39
785.4	1.31
785.7	14.42
786	6.23
786.4	4.36
786.7	19.57
787	21.44
787.3	5.99
787.7	20.51
788	40.63
788.3	20.27
788.6	-0.79
788.9	17.23
789.3	17.46
789.6	30.34
789.9	8.33
790.2	16.53
790.6	2.02
790.9	20.04
791.2	9.74
791.5	6.46
791.9	0.14
792.2	10.44
792.5	4.36
792.8	-6.41
793.1	-12.03
793.5	16.99
793.8	10.68
794.1	12.78
794.4	13.25
794.8	-5.24
795.1	11.85
795.4	-14.13
795.7	14.42
796	-15.07
796.4	-4.54
796.7	24.48
797	-7.58
797.3	-33.09
797.7	2.72
798	20.04
798.3	37.12
798.6	33.85
798.9	-5.01
799.3	24.48
799.6	19.1
799.9	19.8
800.2	-9.22
800.5	7.63
800.9	-11.79
801.2	-10.62
801.5	7.16
801.8	-13.43
802.2	-14.13
802.5	5.76
802.8	29.87
803.1	19.57
803.4	-0.79
803.8	25.42
804.1	-14.13
804.4	18.4
804.7	8.33
805	-6.18
805.4	-0.79
805.7	15.12
806	3.19
806.3	17.7
806.6	-20.22
807	14.89
807.3	28.7
807.6	16.99
807.9	-1.96
808.2	0.14
808.6	12.78
808.9	0.14
809.2	5.99
809.5	29.87
809.8	38.29
810.2	27.29
810.5	-19.28
810.8	12.78
811.1	15.36
811.4	9.04
811.8	-8.75
812.1	0.38
812.4	-0.79
812.7	-17.18
813	14.42
813.4	-0.33
813.7	-12.03
814	7.4
814.3	23.31
814.6	-0.09
815	-18.11
815.3	-19.52
815.6	22.85
815.9	9.97
816.2	-20.92
816.5	-4.3
816.9	15.59
817.2	-1.5
817.5	38.29
817.8	14.42
818.1	3.19
818.5	15.36
818.8	1.31
819.1	20.97
819.4	-15.54
819.7	30.57
820.1	23.08
820.4	29.17
820.7	28.46
821	8.57
821.3	-12.73
821.6	10.68
822	17.7
822.3	5.53
822.6	-10.39
822.9	25.89
823.2	7.63
823.5	-9.92
823.9	-22.33
824.2	35.95
824.5	12.08
824.8	13.72
825.1	8.8
825.5	0.38
825.8	28
826.1	9.04
826.4	18.63
826.7	26.12
827	5.06
827.4	21.21
827.7	8.8
828	18.63
828.3	-17.88
828.6	16.76
828.9	-7.35
829.3	1.08
829.6	22.61
829.9	29.17
830.2	13.02
830.5	-24.67
830.8	-7.58
831.2	-8.99
831.5	-13.43
831.8	-36.14
832.1	0.61
832.4	-20.69
832.7	20.27
833.1	-10.39
833.4	5.06
833.7	-32.62
834	38.76
834.3	11.61
834.6	11.61
835	12.78
835.3	-3.37
835.6	2.48
835.9	11.14
836.2	16.06
836.5	6.93
836.8	-5.24
837.2	-5.24
837.5	11.85
837.8	22.14
838.1	-16.71
838.4	1.78
838.7	32.91
839.1	15.12
839.4	2.72
839.7	11.85
840	-8.99
840.3	28.23
840.6	-237.19
840.9	20.74
841.3	25.89
841.6	19.8
841.9	8.1
842.2	3.19
842.5	13.48
842.8	-1.73
843.1	10.44
843.5	2.95
843.8	-37.54
844.1	10.44
844.4	26.12
844.7	-5.94
845	23.31
845.3	0.85
845.7	26.36
846	-2.9
846.3	20.97
846.6	2.48
846.9	-23.96
847.2	55.61
847.5	1.31
847.9	12.31
848.2	33.38
848.5	19.34
848.8	-1.96
849.1	17.23
849.4	5.99
849.7	13.95
850	22.61
850.4	16.76
850.7	-28.88
851	0.85
851.3	19.8
851.6	3.89
851.9	28.46
852.2	8.33
852.5	5.76
852.9	-0.79
853.2	-4.77
853.5	23.08
853.8	-24.2
854.1	-17.41
854.4	-1.5
854.7	1.55
855.1	24.02
855.4	32.91
855.7	-6.41
856	38.76
856.3	6.7
856.6	17.93
856.9	-2.2
857.2	8.57
857.5	-6.18
857.9	18.4
858.2	-14.6
858.5	2.95
858.8	-27.48
859.1	-11.33
859.4	26.59
859.7	-8.52
860	-27.71
860.4	-10.39
860.7	13.95
861	22.61
861.3	-3.13
861.6	23.78
861.9	-14.84
862.2	25.89
862.5	9.74
862.8	-2.9
863.2	-6.18
863.5	15.82
863.8	14.19
864.1	-12.96
864.4	-20.45
864.7	-3.37
865	-4.54
865.3	38.76
865.6	11.38
866	6.93
866.3	-7.35
866.6	-13.2
866.9	22.61
867.2	1.31
867.5	6.93
867.8	14.42
868.1	-14.37
868.4	15.82
868.7	9.74
869.1	-4.07
869.4	13.95
869.7	9.27
870	-0.56
870.3	35.95
870.6	-21.86
870.9	22.38
871.2	-0.09
871.5	2.72
871.8	9.74
872.1	-8.99
872.5	8.8
872.8	-13.43
873.1	-1.03
873.4	24.72
873.7	-2.2
874	-4.07
874.3	30.1
874.6	7.87
874.9	-17.65
875.2	-13.67
875.6	10.21
875.9	-1.03
876.2	-4.3
876.5	11.85
876.8	-0.33
877.1	7.16
877.4	-0.33
877.7	12.31
878	13.25
878.3	13.02
878.6	14.42
878.9	2.48
879.3	-0.79
879.6	10.44
879.9	-10.39
880.2	-1.03
880.5	19.57
880.8	14.42
881.1	31.51
881.4	6.23
881.7	42.97
882	27.53
882.3	9.74
882.6	2.48
882.9	-8.52
883.3	8.57
883.6	11.14
883.9	7.16
884.2	14.42
884.5	-7.81
884.8	5.99
885.1	-12.5
885.4	-0.09
885.7	2.48
886	19.34
886.3	22.61
886.6	-0.09
886.9	0.14
887.2	-10.39
887.6	11.85
887.9	33.85
888.2	4.36
888.5	5.53
888.8	16.99
889.1	11.14
889.4	-19.99
889.7	10.91
890	24.25
890.3	2.02
890.6	5.29
890.9	-5.01
891.2	8.33
891.5	-4.54
891.8	5.06
892.1	-16.94
892.5	-12.5
892.8	3.19
893.1	17.7
893.4	-13.43
893.7	4.12
894	9.74
894.3	5.06
894.6	-23.5
894.9	-3.37
895.2	5.06
895.5	2.72
895.8	-3.6
896.1	9.97
896.4	13.25
896.7	22.61
897	38.06
897.3	18.17
897.6	6.93
897.9	29.87
898.3	24.48
898.6	17.7
898.9	-12.5
899.2	-7.11
899.5	-22.56
899.8	-26.77
900.1	12.08
900.4	13.72
900.7	9.27
901	21.68
901.3	21.21
901.6	-2.43
901.9	-4.77
902.2	8.57
902.5	-5.01
902.8	2.48
903.1	0.61
903.4	4.82
903.7	-4.07
904	-4.07
904.3	-13.2
904.6	5.06
904.9	-2.43
905.2	4.82
905.6	5.76
905.9	-16.01
906.2	15.59
906.5	15.82
906.8	23.31
907.1	17.93
907.4	-14.13
907.7	12.08
908	28
908.3	9.51
908.6	9.74
908.9	-29.58
909.2	-13.2
909.5	-11.79
909.8	-7.81
910.1	9.27
910.4	-29.11
910.7	12.31
911	25.65
911.3	-0.79
911.6	18.87
911.9	-3.37
912.2	5.76
912.5	-16.71
912.8	2.95
913.1	-8.75
913.4	17.7
913.7	7.63
914	11.38
914.3	4.36
914.6	0.14
914.9	6.7
915.2	-3.6
915.5	-25.13
915.8	-15.07
916.1	1.78
916.4	18.87
916.7	12.08
917	32.44
917.3	18.63
917.6	-15.77
917.9	0.61
918.2	21.91
918.5	29.87
918.8	12.55
919.1	26.36
919.5	9.27
919.8	20.97
920.1	14.42
920.4	9.51
920.7	-8.52
921	12.08
921.3	0.85
921.6	15.12
921.9	-1.03
922.2	7.4
922.5	10.68
922.8	17.93
923.1	19.34
923.4	5.76
923.7	5.53
924	-1.26
924.3	31.27
924.6	-9.22
924.9	-2.67
925.2	3.42
925.5	-11.79
925.8	50
926.1	12.08
926.4	-41.75
926.7	17.46
927	9.97
927.3	-5.01
927.6	12.55
927.9	3.42
928.2	21.68
928.4	7.16
928.7	-8.99
929	19.8
929.3	24.25
929.6	11.85
929.9	26.36
930.2	20.97
930.5	-5.24
930.8	6.7
931.1	6.23
931.4	-1.03
931.7	35.95
932	30.1
932.3	-12.5
932.6	-19.75
932.9	-5.94
933.2	-2.2
933.5	10.44
933.8	10.91
934.1	-4.77
934.4	15.82
934.7	21.68
935	-5.47
935.3	10.91
935.6	26.36
935.9	2.95
936.2	20.27
936.5	-3.37
936.8	-20.69
937.1	7.87
937.4	-21.62
937.7	9.04
938	-0.09
938.3	-24.67
938.6	-12.73
938.9	3.42
939.2	16.06
939.5	-2.9
939.8	15.12
940.1	16.76
940.4	-14.6
940.7	-28.65
941	6.23
941.3	-0.09
941.6	7.87
941.9	-4.07
942.2	28.46
942.4	-5.24
942.7	11.14
943	26.59
943.3	9.51
943.6	8.8
943.9	-17.18
944.2	27.53
944.5	-2.9
944.8	-1.5
945.1	12.78
945.4	-11.79
945.7	-0.79
946	5.53
946.3	29.87
946.6	6.93
946.9	4.59
947.2	-2.2
947.5	5.76
947.8	-8.05
948.1	29.87
948.4	7.4
948.7	-23.96
949	42.04
949.2	5.29
949.5	13.25
949.8	19.8
950.1	9.97
950.4	18.87
950.7	14.42
951	6.23
951.3	24.95
951.6	13.25
951.9	-7.35
952.2	-14.6
952.5	1.31
952.8	20.04
953.1	-9.69
953.4	19.1
953.7	6.7
954	42.27
954.3	-19.05
954.6	12.31
954.8	-16.71
955.1	0.85
955.4	30.1
955.7	13.25
956	9.04
956.3	25.42
956.6	-26.07
956.9	-7.58
957.2	29.4
957.5	26.83
957.8	-24.43
958.1	-9.69
958.4	-26.77
958.7	4.36
959	30.8
959.2	-13.2
959.5	6.23
959.8	23.08
960.1	4.12
960.4	14.42
960.7	-9.69
961	-4.54
961.3	2.72
961.6	23.78
961.9	2.25
962.2	-4.54
962.5	-6.88
962.8	-20.45
963.1	17.23
963.3	5.76
963.6	9.51
963.9	-14.37
964.2	28.46
964.5	20.74
964.8	-180.55
965.1	15.12
965.4	7.4
965.7	-21.86
966	20.74
966.3	-17.18
966.6	8.57
966.9	8.33
967.1	11.14
967.4	16.76
967.7	8.57
968	-20.69
968.3	42.74
968.6	25.65
968.9	1.78
969.2	18.87
969.5	12.78
969.8	5.76
970.1	6.93
970.3	35.49
970.6	-10.86
970.9	-5.01
971.2	-12.26
971.5	24.72
971.8	19.1
972.1	32.68
972.4	32.44
972.7	-1.03
973	14.65
973.3	2.95
973.5	4.82
973.8	7.16
974.1	35.95
974.4	33.14
974.7	4.82
975	34.08
975.3	-4.77
975.6	-33.56
975.9	11.61
976.2	-16.24
976.4	96.57
976.7	-15.07
977	13.72
977.3	1.78
977.6	20.74
977.9	13.95
978.2	9.74
978.5	-4.77
978.8	37.59
979	-5.94
979.3	5.76
979.6	21.21
979.9	5.76
980.2	5.06
980.5	16.29
980.8	1.78
981.1	5.99
981.4	14.65
981.6	13.25
981.9	0.14
982.2	8.57
982.5	-15.54
982.8	-13.67
983.1	-6.88
983.4	-32.86
983.7	-8.99
984	-1.03
984.2	19.57
984.5	3.89
984.8	33.85
985.1	13.48
985.4	13.25
985.7	-9.92
986	35.95
986.3	4.36
986.5	29.4
986.8	-1.26
987.1	4.59
987.4	4.12
987.7	-2.9
988	14.65
988.3	-4.3
988.6	-11.33
988.8	35.02
989.1	5.99
989.4	5.53
989.7	-33.79
990	-30.28
990.3	-17.88
990.6	11.61
990.9	7.16
991.1	12.78
991.4	40.17
991.7	40.4
992	-2.43
992.3	25.89
992.6	34.78
992.9	-10.86
993.1	36.66
993.4	10.44
993.7	-0.56
994	8.8
994.3	-30.52
994.6	-30.28
994.9	8.1
995.1	-16.24
995.4	5.76
995.7	11.61
996	-37.77
996.3	16.06
996.6	7.63
996.9	12.78
997.1	3.65
997.4	12.55
997.7	17.23
998	9.27
998.3	48.59
998.6	19.57
998.9	26.59
999.1	5.06
999.4	15.36
999.7	-6.64
1000	8.8
1000.3	4.82
1000.6	13.02
1000.8	19.34
1001.1	20.74
1001.4	19.1
1001.7	-13.2
1002	25.65
1002.3	12.08
1002.6	-5.47
1002.8	8.57
1003.1	2.72
1003.4	35.25
1003.7	3.19
1004	27.53
1004.3	34.08
1004.5	-12.26
1004.8	9.04
1005.1	22.38
1005.4	-8.52
1005.7	-2.67
1006	-5.01
1006.2	-0.09
1006.5	-11.33
1006.8	1.31
1007.1	26.59
1007.4	47.42
1007.7	29.87
1007.9	5.06
1008.2	4.59
1008.5	-7.11
1008.8	23.08
1009.1	12.31
1009.4	5.53
1009.6	-22.79
1009.9	-5.24
1010.2	9.97
1010.5	2.72
1010.8	-20.22
1011.1	-25.37
1011.3	-9.22
1011.6	23.31
1011.9	7.16
1012.2	12.08
1012.5	16.53
1012.7	8.57
1013	-0.56
1013.3	-5.01
1013.6	26.36
1013.9	5.29
1014.2	-3.84
1014.4	25.42
1014.7	22.85
1015	-8.52
1015.3	-5.47
1015.6	-27.94
1015.8	34.08
1016.1	-3.6
1016.4	-42.92
1016.7	-24.2
1017	-27.94
1017.2	16.76
1017.5	-21.16
1017.8	7.87
1018.1	-19.52
1018.4	2.72
1018.7	32.91
1018.9	-2.2
1019.2	-0.09
1019.5	-6.64
1019.8	-21.16
1020.1	9.74
1020.3	11.14
1020.6	6.7
1020.9	6.7
1021.2	6.7
