340.2	-4.25
340.6	-4.25
340.9	-4.25
341.3	12.83
341.7	1.6
342.1	14
342.4	2.3
342.8	21.73
343.2	-4.49
343.6	-0.04
343.9	-6.59
344.3	17.98
344.7	49.11
345.1	-12.44
345.4	-3.08
345.8	-0.27
346.2	8.62
346.6	-88.51
346.9	17.52
347.3	18.69
347.7	5.81
348	17.98
348.4	51.45
348.8	16.58
349.2	-26.72
349.5	1.13
349.9	11.66
350.3	0.66
350.7	21.26
351	35.3
351.4	17.28
351.8	15.64
352.2	12.13
352.5	-4.02
352.9	14.71
353.3	29.45
353.6	20.56
354	-7.76
354.4	-8.46
354.8	-3.08
355.1	20.32
355.5	-4.95
355.9	5.58
356.3	20.32
356.6	-12.68
357	-15.02
357.4	-4.25
357.8	31.32
358.1	-8.93
358.5	-15.95
358.9	-3.78
359.2	21.73
359.6	17.28
360	17.28
360.4	0.9
360.7	14.24
361.1	43.49
361.5	1.13
361.9	-2.38
362.2	35.54
362.6	22.9
363	7.22
363.3	4.17
363.7	18.92
364.1	5.81
364.5	40.22
364.8	16.11
365.2	16.58
365.6	35.07
366	2.3
366.3	23.83
366.7	-0.27
367.1	29.69
367.4	22.43
367.8	2.54
368.2	3.71
368.6	36.24
368.9	33.66
369.3	20.79
369.7	13.77
370	-21.34
370.4	33.2
370.8	6.28
371.2	13.07
371.5	32.96
371.9	15.64
372.3	17.28
372.6	-14.78
373	14.24
373.4	10.03
373.8	-9.87
374.1	24.54
374.5	-11.98
374.9	-3.08
375.2	31.79
375.6	4.17
376	9.09
376.4	-2.15
376.7	4.41
377.1	-0.04
377.5	14
377.8	10.49
378.2	34.13
378.6	-2.85
379	-27.66
379.3	20.32
379.7	15.41
380.1	-7.76
380.4	17.52
380.8	17.98
381.2	17.28
381.6	22.9
381.9	14.24
382.3	25.47
382.7	27.81
383	-15.72
383.4	-8.7
383.8	-0.74
384.2	11.2
384.5	28.75
384.9	18.69
385.3	6.05
385.6	22.9
386	35.3
386.4	-9.64
386.7	-14.55
387.1	18.69
387.5	23.6
387.9	24.3
388.2	18.45
388.6	15.17
389	19.62
389.3	32.73
389.7	6.05
390.1	29.69
390.5	4.17
390.8	2.3
391.2	-16.42
391.6	3.47
391.9	-0.74
392.3	-5.19
392.7	27.58
393	-4.72
393.4	6.51
393.8	6.28
394.2	2.07
394.5	35.54
394.9	11.9
395.3	39.28
395.6	6.98
396	-25.55
396.4	2.3
396.7	22.66
397.1	21.03
397.5	36.24
397.8	15.17
398.2	19.15
398.6	4.88
399	6.05
399.3	19.39
399.7	3.94
400.1	-8.46
400.4	5.11
400.8	-0.04
401.2	3.71
401.5	8.62
401.9	13.3
402.3	15.64
402.7	8.62
403	12.13
403.4	-3.78
403.8	4.64
404.1	11.66
404.5	15.41
404.9	12.13
405.2	31.56
405.6	12.37
406	-41.23
406.3	7.45
406.7	5.11
407.1	10.03
407.4	41.39
407.8	21.96
408.2	10.03
408.6	21.26
408.9	5.34
409.3	32.96
409.7	-1.44
410	17.28
410.4	7.92
410.8	9.32
411.1	18.69
411.5	36.94
411.9	5.11
412.2	-6.12
412.6	-19
413	6.05
413.3	5.34
413.7	-4.25
414.1	-21.81
414.4	39.98
414.8	32.26
415.2	13.3
415.5	-21.81
415.9	16.58
416.3	41.15
416.7	26.17
417	10.03
417.4	25
417.8	4.17
418.1	-8.46
418.5	13.77
418.9	6.75
419.2	1.6
419.6	8.62
420	41.39
420.3	14.47
420.7	-0.74
421.1	23.13
421.4	15.17
421.8	18.69
422.2	-2.15
422.5	0.43
422.9	4.17
423.3	8.62
423.6	-42.17
424	131.27
424.4	91.94
424.7	-7.29
425.1	-12.21
425.5	24.77
425.8	45.6
426.2	14.47
426.6	-3.55
426.9	2.77
427.3	16.34
427.7	28.98
428	-6.36
428.4	13.07
428.8	9.32
429.1	35.77
429.5	2.07
429.9	3.94
430.2	-4.49
430.6	10.49
431	-12.44
431.3	3.94
431.7	35.3
432.1	22.2
432.4	9.32
432.8	34.37
433.2	25.94
433.5	-0.98
433.9	-3.32
434.3	-6.83
434.6	10.49
435	-2.15
435.4	21.26
435.7	39.75
436.1	20.79
436.5	-3.08
436.8	-11.04
437.2	5.11
437.6	-0.98
437.9	190.95
438.3	28.98
438.7	21.49
439	28.05
439.4	17.52
439.8	3.94
440.1	7.45
440.5	15.64
440.9	-0.04
441.2	2.3
441.6	23.37
442	18.69
442.3	8.15
442.7	-6.12
443.1	21.73
443.4	-18.76
443.8	13.3
444.1	30.15
444.5	25.94
444.9	20.79
445.2	37.18
445.6	29.92
446	38.81
446.3	18.92
446.7	48.64
447.1	23.13
447.4	18.69
447.8	17.28
448.2	14.47
448.5	-2.15
448.9	14.94
449.3	17.98
449.6	28.05
450	-8
450.4	25.47
450.7	14
451.1	25.71
451.4	19.86
451.8	19.15
452.2	28.05
452.5	10.49
452.9	24.54
453.3	8.15
453.6	12.6
454	6.75
454.4	21.73
454.7	32.49
455.1	29.45
455.5	27.35
455.8	-0.74
456.2	23.83
456.5	8.86
456.9	5.81
457.3	10.73
457.6	-7.53
458	5.58
458.4	16.58
458.7	17.05
459.1	-15.72
459.5	16.58
459.8	14.71
460.2	-11.04
460.5	44.67
460.9	24.07
461.3	-1.44
461.6	28.28
462	-0.74
462.4	17.52
462.7	5.11
463.1	4.88
463.5	-0.04
463.8	32.03
464.2	4.17
464.5	16.81
464.9	25.24
465.3	6.75
465.6	15.41
466	12.6
466.4	16.34
466.7	39.28
467.1	34.37
467.5	7.45
467.8	19.86
468.2	-16.19
468.5	9.09
468.9	-0.51
469.3	-2.85
469.6	30.62
470	-6.36
470.4	-0.27
470.7	24.07
471.1	13.07
471.4	15.41
471.8	37.18
472.2	22.9
472.5	3.24
472.9	1.83
473.3	33.9
473.6	-6.83
474	20.09
474.3	24.77
474.7	25.47
475.1	28.52
475.4	7.45
475.8	-1.91
476.2	36.94
476.5	-11.74
476.9	-8.7
477.2	29.22
477.6	23.13
478	-3.55
478.3	13.07
478.7	7.92
479.1	17.75
479.4	43.03
479.8	28.05
480.1	20.79
480.5	5.58
480.9	-3.08
481.2	26.64
481.6	1.37
481.9	35.07
482.3	59.41
482.7	-10.81
483	10.03
483.4	45.6
483.8	-1.91
484.1	8.15
484.5	22.2
484.8	12.13
485.2	0.43
485.6	-4.02
485.9	1.6
486.3	-10.1
486.6	4.88
487	18.22
487.4	33.66
487.7	11.2
488.1	17.05
488.5	24.07
488.8	52.62
489.2	5.11
489.5	4.41
489.9	31.09
490.3	29.69
490.6	22.9
491	24.54
491.3	2.77
491.7	14.47
492.1	-3.32
492.4	18.69
492.8	10.96
493.1	24.77
493.5	6.51
493.9	42.56
494.2	10.96
494.6	11.9
494.9	21.26
495.3	1.83
495.7	-8.46
496	23.6
496.4	43.96
496.7	13.07
497.1	27.11
497.5	-9.87
497.8	30.39
498.2	22.66
498.5	-5.66
498.9	2.3
499.3	1.13
499.6	12.83
500	22.66
500.3	9.32
500.7	23.37
501.1	12.6
501.4	21.49
501.8	-0.27
502.1	70.41
502.5	20.09
502.9	41.86
503.2	10.49
503.6	3
503.9	2.77
504.3	41.86
504.7	1.83
505	13.3
505.4	16.58
505.7	-3.78
506.1	11.2
506.5	3.71
506.8	7.22
507.2	0.2
507.5	4.17
507.9	-7.06
508.2	35.54
508.6	21.73
509	3.94
509.3	23.83
509.7	13.07
510	-5.66
510.4	2.3
510.8	13.54
511.1	44.67
511.5	-10.57
511.8	19.15
512.2	7.22
512.6	28.98
512.9	22.43
513.3	44.2
513.6	-1.44
514	30.62
514.3	10.26
514.7	1.13
515.1	-3.55
515.4	4.41
515.8	11.2
516.1	18.69
516.5	-2.15
516.9	3.71
517.2	42.79
517.6	16.58
517.9	5.58
518.3	14.71
518.6	6.51
519	15.41
519.4	25.94
519.7	8.86
520.1	25.71
520.4	40.22
520.8	47.01
521.1	-1.68
521.5	27.35
521.9	21.49
522.2	37.41
522.6	34.13
522.9	23.13
523.3	41.62
523.6	18.45
524	19.86
524.4	-10.57
524.7	8.39
525.1	17.75
525.4	17.05
525.8	29.22
526.2	14.47
526.5	10.73
526.9	-6.36
527.2	16.34
527.6	21.03
527.9	28.05
528.3	6.75
528.6	25.24
529	-4.25
529.4	5.11
529.7	5.11
530.1	1.37
530.4	27.58
530.8	40.69
531.1	-5.89
531.5	12.37
531.9	17.75
532.2	29.92
532.6	21.26
532.9	11.43
533.3	12.37
533.6	3.24
534	17.28
534.4	33.9
534.7	38.11
535.1	17.05
535.4	18.92
535.8	40.69
536.1	20.32
536.5	3.24
536.8	5.34
537.2	6.51
537.6	36.71
537.9	-1.91
538.3	6.28
538.6	33.43
539	8.15
539.3	26.41
539.7	39.05
540	9.79
540.4	23.83
540.8	8.39
541.1	6.51
541.5	15.88
541.8	13.07
542.2	36.71
542.5	23.13
542.9	19.39
543.2	3.71
543.6	28.75
544	30.39
544.3	17.75
544.7	11.9
545	-12.91
545.4	59.88
545.7	25.71
546.1	8.39
546.4	-8.46
546.8	26.88
547.2	25
547.5	13.54
547.9	51.69
548.2	15.17
548.6	-1.21
548.9	15.41
549.3	2.77
549.6	24.77
550	28.75
550.3	14.24
550.7	29.45
551.1	7.22
551.4	20.32
551.8	22.2
552.1	26.41
552.5	21.49
552.8	9.32
553.2	29.22
553.5	20.09
553.9	5.81
554.2	-8
554.6	7.22
554.9	-8.23
555.3	5.11
555.7	12.13
556	16.81
556.4	33.66
556.7	22.2
557.1	16.11
557.4	7.22
557.8	36.47
558.1	12.13
558.5	-5.19
558.8	20.09
559.2	34.6
559.5	12.37
559.9	13.77
560.3	24.07
560.6	31.32
561	14.24
561.3	30.15
561.7	53.79
562	28.98
562.4	33.2
562.7	62.92
563.1	20.32
563.4	32.03
563.8	35.3
564.1	30.15
564.5	66.43
564.8	46.3
565.2	44.2
565.5	44.2
565.9	46.77
566.3	44.67
566.6	60.81
567	73.22
567.3	54.5
567.7	48.41
568	33.66
568.4	46.54
568.7	46.77
569.1	84.22
569.4	51.92
569.8	63.16
570.1	46.3
570.5	63.86
570.8	67.84
571.2	41.86
571.5	62.92
571.9	48.88
572.2	69.01
572.6	86.09
572.9	65.5
573.3	98.5
573.6	57.3
574	82.11
574.4	95.92
574.7	97.8
575.1	104.35
575.4	79.77
575.8	95.22
576.1	106.46
576.5	105.99
576.8	102.24
577.2	94.99
577.5	104.58
577.9	202.42
578.2	105.05
578.6	121.43
578.9	139.46
579.3	131.5
579.6	139.93
580	134.78
580.3	131.27
580.7	150.69
581	167.54
581.4	132.9
581.7	160.52
582.1	206.86
582.4	203.12
582.8	188.61
583.1	199.37
583.5	202.89
583.8	235.18
584.2	230.97
584.5	238.46
584.9	223.72
585.2	247.82
585.6	271.46
585.9	269.82
586.3	282.93
586.6	282.23
587	280.36
587.3	325.06
587.7	327.87
588	354.08
588.4	361.57
588.7	377.96
589.1	381.23
589.4	405.11
589.8	388.96
590.1	426.41
590.5	432.96
590.8	482.58
591.2	460.34
591.5	492.18
591.9	505.28
592.2	533.6
592.6	552.8
592.9	546.48
593.3	578.07
593.6	596.1
594	652.5
594.3	672.63
594.7	659.29
595	695.8
595.4	755.49
595.7	790.36
596.1	840.68
596.4	812.83
596.8	851.45
597.1	892.41
597.5	924.94
597.8	939.22
598.2	1037.29
598.5	1032.61
598.9	1088.78
599.2	1177.25
599.6	1228.74
599.9	1247.47
600.3	1275.79
600.6	1340.15
601	1377.6
601.3	1426.05
601.7	1502.35
602	1561.33
602.4	1596.91
602.7	1677.89
603.1	1753.72
603.4	1831.66
603.8	1931.14
604.1	1959.46
604.5	2076.25
604.8	2105.04
605.1	2231.43
605.5	2322.94
605.8	2388.01
606.2	2496.38
606.5	2600.3
606.9	2650.85
607.2	2828.26
607.6	2926.1
607.9	3018.08
608.3	3167.17
608.6	3302.22
609	3394.91
609.3	3482.68
609.7	3577
610	3799.82
610.4	3906.78
610.7	4111.58
611.1	4243.59
611.4	4426.85
611.8	4592.09
612.1	4790.34
612.5	4929.36
612.8	5114.27
613.1	5366.34
613.5	5605.78
613.8	5777.11
614.2	5987.29
614.5	6268.38
614.9	6516.25
615.2	6780.49
615.6	7061.12
615.9	7243.22
616.3	7616.3
616.6	7854.56
617	8191.13
617.3	8494.23
617.7	8875.97
618	9252.8
618.3	9657.01
618.7	9961.28
619	10331.55
619.4	10802.24
619.7	11256.07
620.1	11636.17
620.4	12081.81
620.8	12535.17
621.1	12910.12
621.5	13449.38
621.8	13932.7
622.2	14331.06
622.5	14910.11
622.8	15414.5
623.2	16019.06
623.5	16536.78
623.9	17083.53
624.2	17756.9
624.6	18353.27
624.9	19123.78
625.3	19819.62
625.6	20342.73
626	21048.63
626.3	21918.61
626.7	22697.07
627	23671.91
627.3	24319.77
627.7	24981.2
628	25906.18
628.4	26793.24
628.7	27466.38
629.1	28267.55
629.4	29067.31
629.8	29734.13
630.1	30476.31
630.5	31089.3
630.8	31697.37
631.1	32290.69
631.5	32680.39
631.8	32864.83
632.2	33168.39
632.5	33209.59
632.9	33128.61
633.2	33030.3
633.6	32803.51
633.9	32466.23
634.2	31603.28
634.6	31348.86
634.9	30310.13
635.3	29494.69
635.6	28342.68
636	27359.42
636.3	26246.73
636.7	24857.85
637	23655.76
637.3	22323.52
637.7	21165.66
638	19898.26
638.4	18448.77
638.7	17364.86
639.1	16231.81
639.4	15271.96
639.8	14194.61
640.1	13277.12
640.4	12444.59
640.8	11635
641.1	10925.11
641.5	10137.06
641.8	9420.85
642.2	8848.36
642.5	8294.35
642.8	7788.09
643.2	7296.82
643.5	6798.28
643.9	6382.6
644.2	6013.73
644.6	5649.55
644.9	5306.42
645.3	4957.22
645.6	4690.63
645.9	4355.93
646.3	4121.64
646.6	3886.89
647	3628.03
647.3	3394.44
647.7	3206.73
648	3038.91
648.3	2850.03
648.7	2618.32
649	2535.23
649.4	2371.39
649.7	2248.75
650.1	2098.49
650.4	1960.86
650.7	1845.94
651.1	1759.81
651.4	1670.87
651.8	1507.03
652.1	1457.65
652.4	1401.71
652.8	1299.43
653.1	1259.64
653.5	1169.06
653.8	1120.14
654.2	1067.01
654.5	1042.2
654.8	967.3
655.2	910.43
655.5	862.68
655.9	831.79
656.2	781
656.6	752.21
656.9	710.55
657.2	664.67
657.6	604.76
657.9	615.05
658.3	574.56
658.6	533.84
658.9	521.67
659.3	482.35
659.6	480.47
660	440.92
660.3	442.32
660.7	409.09
661	393.87
661.3	380.06
661.7	370.7
662	359.7
662.4	329.98
662.7	322.02
663	292.53
663.4	267.95
663.7	321.32
664.1	240.33
664.4	252.97
664.7	202.89
665.1	228.87
665.4	232.61
665.8	223.25
666.1	158.18
666.4	160.99
666.8	152.33
667.1	164.97
667.5	157.24
667.8	150.93
668.1	151.39
668.5	130.8
668.8	108.33
669.2	121.67
669.5	133.37
669.8	105.75
670.2	102.48
670.5	118.86
670.9	125.41
671.2	123.54
671.5	91.24
671.9	91.94
672.2	91.48
672.6	99.43
672.9	85.39
673.2	83.05
673.6	51.45
673.9	96.39
674.3	91.94
674.6	63.62
674.9	87.97
675.3	63.62
675.6	63.16
676	81.65
676.3	34.13
676.6	51.92
677	71.35
677.3	43.73
677.7	43.03
678	50.52
678.3	41.39
678.7	60.81
679	60.11
679.4	24.54
679.7	40.45
680	25.94
680.4	43.26
680.7	48.18
681	28.28
681.4	25.47
681.7	55.9
682.1	51.22
682.4	36.94
682.7	35.77
683.1	32.49
683.4	36.47
683.8	19.86
684.1	12.13
684.4	33.2
684.8	44.9
685.1	24.07
685.4	36.94
685.8	17.05
686.1	40.69
686.5	65.73
686.8	36.01
687.1	44.43
687.5	40.22
687.8	43.26
688.1	20.32
688.5	16.58
688.8	47.94
689.2	47.94
689.5	12.13
689.8	41.39
690.2	63.62
690.5	32.96
690.8	31.56
691.2	61.99
691.5	21.03
691.9	11.9
692.2	38.81
692.5	49.58
692.9	6.98
693.2	19.15
693.5	27.81
693.9	4.41
694.2	35.54
694.6	36.01
694.9	19.62
695.2	25.71
695.6	26.64
695.9	31.32
696.2	0.66
696.6	35.54
696.9	35.3
697.2	15.88
697.6	21.49
697.9	27.58
698.3	17.05
698.6	11.2
698.9	13.3
699.3	16.34
699.6	-12.91
699.9	22.9
700.3	34.6
700.6	21.96
700.9	33.43
701.3	3.94
701.6	30.39
702	25.24
702.3	36.01
702.6	25.24
703	-11.51
703.3	23.13
703.6	29.92
704	-11.51
704.3	24.77
704.6	1.13
705	4.17
705.3	39.05
705.6	12.6
706	42.79
706.3	8.62
706.6	40.45
707	33.9
707.3	15.64
707.7	9.56
708	-7.06
708.3	-3.78
708.7	32.73
709	20.32
709.3	28.98
709.7	14
710	7.22
710.3	28.75
710.7	8.62
711	8.39
711.3	17.28
711.7	15.41
712	10.03
712.3	-9.17
712.7	13.77
713	14.47
713.3	18.92
713.7	16.81
714	8.15
714.3	18.69
714.7	7.45
715	25.24
715.3	34.83
715.7	13.77
716	5.11
716.3	9.56
716.7	14.71
717	14.94
717.3	8.62
717.7	12.83
718	28.98
718.4	9.56
718.7	17.98
719	8.39
719.4	26.17
719.7	23.13
720	13.77
720.4	33.66
720.7	31.09
721	39.05
721.3	19.86
721.7	1.37
722	49.11
722.3	4.41
722.7	13.77
723	8.15
723.3	-11.04
723.7	15.88
724	23.13
724.3	25.94
724.7	35.3
725	38.35
725.3	18.45
725.7	8.62
726	-0.98
726.3	7.22
726.7	-10.1
727	-1.21
727.3	-11.27
727.7	-1.68
728	31.79
728.3	3.94
728.7	17.98
729	14.24
729.3	12.6
729.7	-24.15
730	-7.29
730.3	11.2
730.7	32.26
731	3.94
731.3	3.47
731.7	2.54
732	6.28
732.3	2.77
732.6	20.56
733	41.39
733.3	6.98
733.6	1.83
734	9.09
734.3	12.83
734.6	-11.27
735	19.39
735.3	18.69
735.6	29.92
736	31.79
736.3	-22.04
736.6	46.07
737	34.83
737.3	54.73
737.6	1.6
737.9	23.83
738.3	33.9
738.6	43.73
738.9	7.22
739.3	-8.7
739.6	6.28
739.9	-4.95
740.3	6.75
740.6	30.15
740.9	-3.78
741.2	-22.74
741.6	15.41
741.9	11.66
742.2	29.45
742.6	19.15
742.9	3
743.2	43.49
743.6	18.92
743.9	10.96
744.2	-7.06
744.6	-5.66
744.9	22.2
745.2	2.07
745.5	4.64
745.9	19.39
746.2	-7.76
746.5	33.9
746.9	10.26
747.2	18.69
747.5	13.07
747.8	38.81
748.2	20.32
748.5	22.9
748.8	-8.23
749.2	-13.85
749.5	-15.02
749.8	14.24
750.1	22.43
750.5	28.28
750.8	13.3
751.1	21.73
751.5	11.66
751.8	0.9
752.1	14.94
752.5	7.68
752.8	40.45
753.1	5.58
753.4	28.52
753.8	-5.89
754.1	4.41
754.4	3
754.7	-1.21
755.1	18.22
755.4	-15.25
755.7	8.62
756.1	5.81
756.4	11.66
756.7	3
757	8.62
757.4	16.81
757.7	24.77
758	20.79
758.4	0.43
758.7	14
759	-12.68
759.3	27.11
759.7	3
760	17.28
760.3	10.73
760.7	10.03
761	9.32
761.3	22.43
761.6	12.6
762	26.17
762.3	24.07
762.6	-17.83
762.9	-17.83
763.3	-21.1
763.6	5.34
763.9	21.03
764.2	-10.57
764.6	15.17
764.9	12.83
765.2	3.94
765.6	-13.61
765.9	9.79
766.2	17.05
766.5	-19.23
766.9	-5.66
767.2	6.05
767.5	32.49
767.8	20.79
768.2	-25.32
768.5	4.88
768.8	20.79
769.1	1.83
769.5	-0.27
769.8	3
770.1	9.09
770.5	33.9
770.8	11.9
771.1	6.28
771.4	18.22
771.8	17.52
772.1	10.26
772.4	15.17
772.7	15.41
773.1	12.6
773.4	9.32
773.7	-0.74
774	35.3
774.4	26.88
774.7	29.69
775	-4.95
775.3	15.64
775.7	23.13
776	1.6
776.3	-3.78
776.6	-0.98
777	16.81
777.3	13.77
777.6	-6.36
777.9	29.22
778.3	-3.08
778.6	8.62
778.9	3.71
779.2	34.83
779.6	-25.55
779.9	35.3
780.2	31.79
780.5	49.35
780.9	18.69
781.2	4.88
781.5	10.96
781.8	8.62
782.2	-8
782.5	4.41
782.8	14.94
783.1	8.39
783.4	11.9
783.8	19.86
784.1	11.66
784.4	-10.34
784.7	10.03
785.1	-1.21
785.4	12.6
785.7	35.77
786	2.77
786.4	-0.98
786.7	23.37
787	33.66
787.3	32.96
787.7	13.3
788	51.45
788.3	35.54
788.6	21.96
788.9	14
789.3	1.37
789.6	51.22
789.9	7.68
790.2	8.39
790.6	20.32
790.9	25.47
791.2	47.47
791.5	17.75
791.9	10.73
792.2	-0.04
792.5	13.3
792.8	2.07
793.1	8.39
793.5	26.64
793.8	10.96
794.1	9.79
794.4	46.3
794.8	12.13
795.1	-0.98
795.4	17.75
795.7	31.09
796	-10.57
796.4	-0.27
796.7	28.52
797	-27.19
797.3	-26.02
797.7	13.54
798	22.43
798.3	27.58
798.6	3.94
798.9	-6.83
799.3	26.41
799.6	11.66
799.9	34.6
800.2	4.88
800.5	8.15
800.9	-13.85
801.2	-7.76
801.5	-4.49
801.8	13.3
802.2	-12.21
802.5	11.43
802.8	32.73
803.1	54.5
803.4	1.6
803.8	17.98
804.1	-5.42
804.4	2.77
804.7	10.49
805	-6.12
805.4	13.07
805.7	17.52
806	13.54
806.3	20.32
806.6	14.47
807	19.39
807.3	16.81
807.6	-8
807.9	21.96
808.2	13.3
808.6	-4.72
808.9	7.92
809.2	37.41
809.5	29.92
809.8	27.81
810.2	38.35
810.5	-2.85
810.8	16.58
811.1	3.94
811.4	7.92
811.8	5.58
812.1	14.71
812.4	-21.34
812.7	-19.23
813	8.62
813.4	-12.21
813.7	17.98
814	26.41
814.3	14.94
814.6	16.11
815	-20.17
815.3	12.83
815.6	-4.49
815.9	6.28
816.2	-0.74
816.5	-20.64
816.9	9.09
817.2	7.22
817.5	20.56
817.8	24.77
818.1	22.66
818.5	14.71
818.8	41.86
819.1	-3.08
819.4	-19.7
819.7	24.77
820.1	17.05
820.4	41.62
820.7	5.81
821	24.54
821.3	9.56
821.6	26.64
822	28.28
822.3	21.73
822.6	-5.42
822.9	27.35
823.2	26.17
823.5	2.54
823.9	-7.29
824.2	39.28
824.5	18.69
824.8	21.26
825.1	18.69
825.5	-3.55
825.8	10.73
826.1	15.17
826.4	12.83
826.7	-18.3
827	17.98
827.4	28.98
827.7	15.41
828	21.49
828.3	-15.02
828.6	13.3
828.9	1.37
829.3	-2.61
829.6	23.37
829.9	23.83
830.2	4.64
830.5	-2.38
830.8	8.62
831.2	6.51
831.5	21.73
831.8	-17.59
832.1	-2.85
832.4	-5.42
832.7	10.03
833.1	-2.38
833.4	19.15
833.7	-28.59
834	39.75
834.3	17.28
834.6	25.94
835	24.3
835.3	29.92
835.6	12.13
835.9	-6.59
836.2	-4.02
836.5	27.81
836.8	22.2
837.2	7.92
837.5	9.32
837.8	30.62
838.1	3
838.4	28.98
838.7	24.77
839.1	15.41
839.4	21.73
839.7	5.81
840	24.07
840.3	22.66
840.6	-241.35
840.9	21.96
841.3	32.26
841.6	6.05
841.9	29.45
842.2	12.6
842.5	-13.61
842.8	-13.85
843.1	14.94
843.5	-2.15
843.8	6.28
844.1	-11.98
844.4	0.66
844.7	-10.57
845	32.96
845.3	9.09
845.7	25.24
846	14.94
846.3	2.07
846.6	7.22
846.9	-3.78
847.2	26.41
847.5	-3.08
847.9	29.22
848.2	23.83
848.5	10.03
848.8	6.28
849.1	5.58
849.4	38.81
849.7	14.71
850	6.98
850.4	2.54
850.7	-25.32
851	14.94
851.3	23.37
851.6	-2.85
851.9	69.24
852.2	0.43
852.5	-6.12
852.9	24.07
853.2	-4.49
853.5	25.71
853.8	-14.32
854.1	-9.87
854.4	-1.21
854.7	-6.83
855.1	28.98
855.4	35.77
855.7	-8.7
856	29.92
856.3	8.86
856.6	18.69
856.9	16.58
857.2	11.43
857.5	5.58
857.9	25
858.2	-10.34
858.5	10.96
858.8	-25.32
859.1	3.47
859.4	26.88
859.7	14
860	4.64
860.4	-7.29
860.7	1.6
861	7.68
861.3	15.17
861.6	14.94
861.9	-12.68
862.2	21.26
862.5	17.52
862.8	-15.95
863.2	-9.64
863.5	33.66
863.8	23.6
864.1	12.37
864.4	6.98
864.7	16.81
865	15.64
865.3	21.49
865.6	0.66
866	-12.68
866.3	-3.55
866.6	15.88
866.9	28.75
867.2	-0.51
867.5	2.77
867.8	18.45
868.1	-10.1
868.4	-4.02
868.7	12.83
869.1	-0.51
869.4	34.83
869.7	36.01
870	-6.83
870.3	23.13
870.6	-1.91
870.9	30.15
871.2	0.66
871.5	0.2
871.8	5.34
872.1	-10.81
872.5	9.09
872.8	5.34
873.1	9.79
873.4	28.05
873.7	21.26
874	33.2
874.3	20.09
874.6	43.73
874.9	-0.27
875.2	-6.36
875.6	9.32
875.9	11.2
876.2	4.17
876.5	19.86
876.8	-0.27
877.1	12.6
877.4	3.24
877.7	0.43
878	16.81
878.3	10.26
878.6	12.6
878.9	30.86
879.3	4.64
879.6	8.39
879.9	-4.95
880.2	12.37
880.5	20.09
880.8	13.3
881.1	33.66
881.4	12.6
881.7	47.71
882	27.35
882.3	10.73
882.6	-8.46
882.9	-1.68
883.3	39.52
883.6	-4.49
883.9	14
884.2	20.09
884.5	14.94
884.8	15.17
885.1	22.9
885.4	-2.38
885.7	7.92
886	31.79
886.3	24.77
886.6	10.03
886.9	-3.55
887.2	7.92
887.6	11.43
887.9	9.32
888.2	12.83
888.5	3.47
888.8	20.79
889.1	20.09
889.4	16.81
889.7	22.43
890	43.03
890.3	-13.61
890.6	-8.93
890.9	18.45
891.2	32.73
891.5	6.75
891.8	14
892.1	-0.98
892.5	-9.64
892.8	-4.72
893.1	-3.32
893.4	6.28
893.7	15.88
894	-6.59
894.3	15.88
894.6	7.92
894.9	-2.61
895.2	-12.91
895.5	27.81
895.8	23.37
896.1	-15.49
896.4	26.64
896.7	23.6
897	18.22
897.3	12.37
897.6	17.05
897.9	26.88
898.3	33.9
898.6	21.96
898.9	14.71
899.2	29.22
899.5	-6.36
899.8	22.66
900.1	12.6
900.4	24.3
900.7	11.2
901	10.96
901.3	4.64
901.6	41.86
901.9	3.71
902.2	3.24
902.5	-4.02
902.8	38.81
903.1	8.15
903.4	11.66
903.7	-12.44
904	-3.78
904.3	-12.44
904.6	27.35
904.9	-11.74
905.2	-3.32
905.6	10.96
905.9	-9.4
906.2	14.94
906.5	3.24
906.8	8.62
907.1	22.9
907.4	-26.25
907.7	11.43
908	22.2
908.3	5.34
908.6	11.66
908.9	-19.7
909.2	2.77
909.5	6.28
909.8	-10.34
910.1	-3.32
910.4	-11.27
910.7	14.94
911	18.92
911.3	-4.02
911.6	17.52
911.9	3.47
912.2	25.24
912.5	10.49
912.8	2.54
913.1	22.2
913.4	35.77
913.7	32.26
914	3
914.3	24.07
914.6	25.24
914.9	16.34
915.2	33.9
915.5	-16.89
915.8	21.49
916.1	5.81
916.4	-1.44
916.7	-25.32
917	32.03
917.3	-4.25
917.6	-8.7
917.9	10.96
918.2	9.79
918.5	27.81
918.8	37.18
919.1	-2.38
919.5	7.45
919.8	22.2
920.1	39.05
920.4	14.71
920.7	-10.81
921	31.09
921.3	19.15
921.6	15.17
921.9	-8.93
922.2	0.9
922.5	20.79
922.8	43.26
923.1	22.66
923.4	6.28
923.7	18.45
924	22.43
924.3	10.73
924.6	6.28
924.9	1.6
925.2	20.32
925.5	21.26
925.8	23.6
926.1	16.11
926.4	2.77
926.7	23.37
927	19.62
927.3	-0.74
927.6	14.24
927.9	-3.32
928.2	5.11
928.4	6.51
928.7	-12.44
929	39.52
929.3	4.88
929.6	21.73
929.9	14.71
930.2	-5.19
930.5	3.47
930.8	21.96
931.1	8.86
931.4	15.88
931.7	20.32
932	19.15
932.3	8.15
932.6	6.98
932.9	-10.34
933.2	-2.38
933.5	21.03
933.8	-13.38
934.1	8.62
934.4	19.39
934.7	28.28
935	-1.44
935.3	6.05
935.6	15.88
935.9	-0.98
936.2	19.15
936.5	5.81
936.8	16.34
937.1	5.58
937.4	-4.49
937.7	3
938	-2.61
938.3	-21.34
938.6	-30.93
938.9	1.6
939.2	7.22
939.5	-12.91
939.8	4.64
940.1	-13.38
940.4	-14.08
940.7	19.62
941	5.11
941.3	11.9
941.6	34.37
941.9	14.24
942.2	21.73
942.4	-3.08
942.7	-12.68
943	28.75
943.3	9.56
943.6	-10.34
943.9	-6.59
944.2	20.32
944.5	-0.27
944.8	-1.21
945.1	18.92
945.4	-8.93
945.7	-8.7
946	-8.46
946.3	36.47
946.6	-7.53
946.9	21.03
947.2	-22.04
947.5	29.22
947.8	5.81
948.1	40.92
948.4	25.94
948.7	-13.38
949	54.03
949.2	9.32
949.5	-0.98
949.8	1.83
950.1	2.77
950.4	20.79
950.7	10.26
951	21.26
951.3	6.75
951.6	1.83
951.9	3
952.2	21.96
952.5	17.28
952.8	36.71
953.1	6.75
953.4	39.28
953.7	-1.44
954	31.79
954.3	-9.87
954.6	39.52
954.8	-6.59
955.1	-1.44
955.4	31.32
955.7	28.05
956	8.62
956.3	13.3
956.6	5.81
956.9	-11.74
957.2	16.11
957.5	7.68
957.8	-1.44
958.1	9.32
958.4	-16.42
958.7	15.41
959	14.24
959.2	-2.85
959.5	19.86
959.8	10.49
960.1	1.83
960.4	-2.85
960.7	-33.04
961	-21.81
961.3	2.3
961.6	9.79
961.9	-1.91
962.2	-4.02
962.5	11.2
962.8	1.83
963.1	13.07
963.3	-5.19
963.6	17.75
963.9	7.22
964.2	3.24
964.5	34.13
964.8	-176.75
965.1	35.77
965.4	27.81
965.7	7.92
966	51.22
966.3	7.92
966.6	24.3
966.9	-1.68
967.1	-11.98
967.4	2.3
967.7	-4.25
968	-24.38
968.3	29.69
968.6	20.79
968.9	24.54
969.2	19.39
969.5	26.17
969.8	8.86
970.1	3.94
970.3	14.47
970.6	10.96
970.9	4.41
971.2	-17.12
971.5	2.77
971.8	8.62
972.1	9.09
972.4	19.39
972.7	-5.89
973	-2.61
973.3	-4.95
973.5	5.11
973.8	17.05
974.1	22.43
974.4	14
974.7	19.62
975	18.22
975.3	6.05
975.6	1.37
975.9	-2.38
976.2	17.05
976.4	95.92
976.7	-0.51
977	-11.51
977.3	14.71
977.6	27.81
977.9	5.34
978.2	4.88
978.5	-0.74
978.8	22.43
979	10.73
979.3	-5.19
979.6	20.79
979.9	10.03
980.2	6.28
980.5	12.37
980.8	27.58
981.1	11.66
981.4	14.24
981.6	26.64
981.9	10.73
982.2	2.07
982.5	9.32
982.8	-1.21
983.1	-8.23
983.4	2.07
983.7	3
984	4.64
984.2	16.11
984.5	1.6
984.8	28.52
985.1	-1.44
985.4	21.03
985.7	-18.06
986	32.49
986.3	26.64
986.5	38.35
986.8	22.43
987.1	12.37
987.4	28.98
987.7	13.54
988	21.73
988.3	7.22
988.6	15.17
988.8	40.92
989.1	32.49
989.4	-2.38
989.7	-39.36
990	-23.21
990.3	-21.57
990.6	-0.27
990.9	-2.38
991.1	-5.19
991.4	16.81
991.7	36.01
992	-1.21
992.3	18.92
992.6	25.94
992.9	1.37
993.1	8.39
993.4	-9.4
993.7	4.64
994	29.92
994.3	-10.1
994.6	-4.49
994.9	23.37
995.1	-21.34
995.4	9.32
995.7	10.49
996	-34.68
996.3	17.98
996.6	-11.27
996.9	15.17
997.1	3.24
997.4	20.79
997.7	5.11
998	4.88
998.3	35.77
998.6	-3.78
998.9	33.43
999.1	15.88
999.4	-4.72
999.7	4.64
1000	-0.51
1000.3	4.41
1000.6	8.62
1000.8	-6.36
1001.1	30.62
1001.4	9.09
1001.7	-6.36
1002	-4.49
1002.3	13.3
1002.6	28.52
1002.8	-23.44
1003.1	0.2
1003.4	32.26
1003.7	-5.19
1004	14.71
1004.3	14.94
1004.5	-8.46
1004.8	30.15
1005.1	12.13
1005.4	-4.02
1005.7	2.07
1006	11.66
1006.2	-3.32
1006.5	10.03
1006.8	-3.78
1007.1	49.11
1007.4	34.13
1007.7	-1.44
1007.9	20.32
1008.2	32.96
1008.5	-24.38
1008.8	8.15
1009.1	28.52
1009.4	1.37
1009.6	-14.08
1009.9	7.68
1010.2	10.96
1010.5	1.37
1010.8	-5.19
1011.1	1.83
1011.3	32.73
1011.6	25
1011.9	9.79
1012.2	-1.21
1012.5	10.26
1012.7	40.92
1013	13.54
1013.3	32.96
1013.6	23.13
1013.9	-11.51
1014.2	20.32
1014.4	47.94
1014.7	10.03
1015	0.2
1015.3	6.75
1015.6	-40.53
1015.8	16.58
1016.1	6.51
1016.4	-12.68
1016.7	-14.55
1017	-13.38
1017.2	32.03
1017.5	-5.42
1017.8	5.81
1018.1	7.45
1018.4	5.34
1018.7	16.81
1018.9	17.52
1019.2	-6.12
1019.5	2.07
1019.8	-10.34
1020.1	14.94
1020.3	-3.55
1020.6	32.26
1020.9	32.26
1021.2	32.26
